1404.695
-8.588623
-5.458328
8.013274
-8.013274
56.7161
-45.648514
-3.9670575
48.87193
-52.023174
-3.949279
0.5842071
33.663097
-3.1583762
-16.371614
-14.133094
47.853474
-1.844816
10.322765
-1.3496695
-9.533282
5.739602
3.4274251
13.894104
-4.791466
-5.1380644
0.4748932
1.8509704
296.33682
-10.76584
-5.3501472
-282.54672
26.5905
25.677856
-0.00024414062
3480.9246
-12.586096
5.545057
7.39174
2.254123
7.695911
-4.2279234
-3.369363
2.117117
1.0783095
-0.058149204
-0.098802194
1.0355117
16.688416
-7.173608
2887.9617
3941.1477
-6779.9224
11.669123
-10.447457
9.226554
-0.41781116
187.15742
-96.33018
-42.044655
-48.782585
139.2475
-121.42341
387.2833
2490.1465
-2605.541
-20.32666
9260.793
-4522.7354
14.100351
-71.32508
16.488491
149.69649
1011.1135
-178.54398
-47.9295
0.0
1.3643723
2.0610428
47.701263
52.787132
-103.91381
7.5081596
-7.5081596
1161.6909
-3.4888673
-1101.165
-39.998146
6457.8286
70.077705
-22.059952
-32.66698
14.815883
35.958252
-14.164943
13.054184
29.62364
-3.5282457
63.846375
12.632778
255.21602
-165.32281
2401.5642
-2263.7222
243.4942
-253.37444
-45.721375
66.03008
-13.916771
1.9697046
0.062580585
-2.520316
28.197718
6216.373
-4763.6543
-341.75647
-172.37
-52.417606
-914.3709
474.57706
93.98487
-51.73369
58.786137
-15.874609
39.791824
433.58093
-154.8403
-72.69727
-100.035835
273.01196
-151.92563
-116.13931
33.06104
-23.148401
3791.841
-3790.0247
4.054071
-1.2829745
37.59768
1.2905178
10.226535
0.41768685
-0.26981544
33.3667
403.6836
-360.94296
0.0
90.29022
1239.726
-1195.4501
42.56295
-0.16228752
-38.782475
-0.041768957
-0.050729223
9449.698
-6.8385634
-7.3522587
-9396.187
29.882526
-0.73483443
-0.8540554
4418.102
-3.3766403
-11.268356
-4425.1206
304.27545
-48.684067
10.8107815
-2.0673075
41.536892
43.635925
84.898926
0.5395885
34.29166
91.59875
-52.901157
58.09781
320.50558
-17.72163
2.883369
152.17352
-6.1226883
0.08424187
-3.2415805
395.23257
3515.82
-3455.1445
55.593716
-37.2905
-14.098875
-2.7043948
-0.6117178
57.447117
9.670006
88.73338
8.853333
3827.979
-3836.3218
3303.199
210.28906
5426.6953
-3.9024773
0.0
25.339867
-23.40085
11.383585
-13.322599
0.0
11.224381
-11.224381
8.761928
17.10507
-10.665401
-5.7586126
17.006237
21.025604
8.613521
1.9537258
7.0064297
10.285782
26.101273
22.495983
29.396257
283.49182
-132.06068
-16.956184
2.7785974
7.740741
0.0
5.614606
182.61447
25.322113
-6.915324
7.4443607
5.129862
-5.65577
55.145958
-19.678478
-2.728038
25.485973
-18.216257
0.0
392.33075
-387.83368
537.6176
-438.2626
-51.26057
82.45955
-20.232416
-48.403732
16.78684
5.4574795
19.809673
1377.2554
-23.40702
126.978935
17.011913
443.646
4.145823
501.2038
66.752525
640.6959
-557.4518
-11.007851
175.30266
-36.42107
1262.3003
106.65396
-12.962715
49.51976
-43.484047
28.997553
-5.13809
105.32548
78.46272
-13.284194
-11.406664
47.073402
47.252773
52.83871
272.5099
-11.329468
-278.8118
62.920464
7.40774
-5.4442196
-1.9635181
21.44926
-0.34930605
287.79205
-38.99298
-190.95535
-34.01236
-9.776837
-9.864132
99.98062
-0.76984215
98.73948
1.5258789e-05
8.206409
1060.4623
-161.68875
-112.34664
-587.7129
-130.9062
44.17166
111.733315
7.6293945e-06
471.6376
5012.6914
-4995.2715
36.359447
-18.096928
180.61185
-57.57589
947.6563
-759.54834
314.8114
-140.11095
33.87142
778.2152
-22.807598
70.22289
0.0
219.48215
2634.1067
-1838.5348
11.159726
0.65477836
508.9572
66.79885
-23.576065
111.70807
9.834457
34.69301
1580.1443
388.61154
138.53229
15.07711
57.264572
51.89476
52.71811
1360.4443
48.32892
-330.05453
-6.5342827
79.07208
43.051632
744.0282
-126.1945
49.12852
1266.7485
-226.65326
-87.828156
-21.957039
324.49597
-33.869957
3707.6228
89.92453
-5.305741
208.37126
-185.9263
135.50519
87.442474
68.249306
11404.481
0.94288903
-0.94288903
0.0
1.090065
95.3987
-2.8463526
8.57619
2.5109158
14.335711
-8.942316
5.944045
8.159144
-1.9952567
11.216018
-4.3962183
46.584335
-15.598374
12.229943
-1.5028391
31.911644
-6.4355817
7.9358463
-4.3762584
-2.8050678
-0.5204354
12.869716
-12.869715
0.78445244
-0.3420668
-0.4423869
4.274928
-1.4637051
-2.811224
62.640617
-43.930832
-18.709784
6.159199
-1.9317602
-3.5647428
1.673733
15.832519
22.694695
77.601395
39.66457
249.01476
104.116875
-1.6186758
-1.6186758
-3.1415577
-86.392815
-1.6903591
2.0237012
0.5062008
1.8158276
13.121833
42.460114
-4.1032577
-20.676933
-2.150755
12.968365
15.126082
18.062088
-3.598207
-5.5753007
50.166172
1.0515814
0.13677263
346.73148
-33.67833
-38.929153
-248.42009
59.02256
-66.17398
45.897015
-49.69313
84.43149
9938.559
-9907.327
-7.587941
5.6518803
3241.573
-3065.1382
58.56836
1.947418
22.425781
8059.033
-80.71508
-1.1801567
-2.7895389
-1.1542045
287.22876
-289.47507
2.2888184e-05
27.581993
192.19458
-153.01524
-16.884283
654.0379
-631.2246
246.4885
-207.82088
-31.84352
-6.1035156e-05
112.83219
-13.589329
70.708015
22.8751
-67.488174
3.1589706
291.48608
349.19827
342.95465
-40.040447
4.725378
4.381872
18.657654
7.1740074
1016.1869
-1016.1865
798.6662
-754.296
221.85794
-34.746456
509.2437
1146.4327
12.425707
124.39654
-20.079542
35.860584
170.65956
-14.852149
12.208225
49.0418
-49.041775
1110.1693
-15.446973
-11.373962
327.4502
89.74091
-4.4925804
278.05075
9467.2
-9465.807
845.27124
-22.15433
-14.162867
-27.711643
5877.8677
118.31478
129.40674
433.05396
-1.1330013
81.30606
396.8268
3.457182
1730.533
-0.69183624
2.023409
1590.0234
-7.485692
-0.6348487
0.0
5.177505
-5.1775045
24.441029
2139.1963
-2100.9216
8.835232
27.247616
-68.493034
3.906952
-3.9069507
92.58208
-13.300503
-43.835075
49.67783
-52.063038
7.6293945e-06
338.27682
-58.863914
8609.777
110.877174
-4.512095
-27.575031
-29.705128
17.390366
-24.744461
81.37751
-28.997704
2252.656
-2059.4092
0.12433672
145.41565
-67.69571
10.529081
6.246937
823.84845
-7.6041403
1155.2297
196.14078
0.0015294966
-0.00010927658
-0.0003448805
-0.00012149038
102.75219
-73.95323
-28.798986
5.3736124
-5.3736124
33.579952
-22.874043
-1.2534612
-0.8588065
82.62419
105.60644
7.558224
-0.27770263
-0.3056654
-6.974856
55.010345
-27.49695
202.0439
-13.768017
-78.44884
-17.557377
-24.224735
-4.964343
-28.626175
-7.074877
741.26416
-73.22297
-37.571236
12.999785
8.2231865
-2.5454051
79.061676
-36.26883
-22.901339
5.3916335
67.30268
-6.0427237
-15.705637
9877.075
156.87357
56.249344
-2.4011827
0.0
25.370106
7.7141075
-2.3090248
-11.174873
22.532312
205.76732
-187.18787
42.6523
-11.808836
-14.193678
0.63897943
-2.606656
-0.31658128
-1.8082211
7.8565226
-5.6086226
39.00739
-11.992088
-9.907957
53.980015
18.700214
78.94306
23.897722
13.381588
66.15827
20.079388
-10.039696
6.03375
-1.6936231
-4.3401265
2.3468783
-2.3468783
181.64154
-120.23714
6.124473
-6.1244736
138.99492
-138.99492
48.667248
-0.9048324
-6.359784
-2.4380012
-6.713107
1.727678
266.70395
-6.0549316
-2.9408455
-8.339827
171.08044
28.552721
-30.239721
39.850693
-16.336481
-1.5830345
41.157726
-32.639175
0.022885095
1.5304275
-1.1614008
0.12745117
9.786702
5.5290585
0.8477011
4.7098374
318.0612
-260.31708
1.22064
3.7547975
11.928016
-1.1734273
-2.6595109
23.027699
-14.797541
8.605182
15.5887985
-9.804625
39.59587
4.8642335
5.074954
23.772596
13.804504
125.40044
-0.7476628
80.39117
-44.877907
2.1874466
-11.934481
58.19111
2.892447
-1.1112387
31.267868
-29.62576
20.017212
-25.059814
6.334657
14.352065
178.64024
18.516163
21.30748
130.76611
-10.458502
-4.6789446
76.8047
14.341487
-6.409249
-7.9322386
9.739468
-3.7724001
5.1593018
82.68939
2.682209e-07
-1.335144e-05
0.750222
24.797424
-14.59866
86.04282
48.902405
-47.904686
1748.6017
171.44992
2.4084876
-2.4084876
35.671375
185.01146
-30.835245
-151.36133
66.50307
96.65601
-26.4198
109.67688
6.5354004
747.7342
-208.54875
131.18054
46.769604
-46.76961
336.96832
165.95697
0.0
1.4721437
-1.3587157
159.96141
-0.34836167
-1.8576037
3.1694465
-1.5311688
8852.547
7022.349
-7028.7983
382.83835
68.05299
57.45239
12.075725
6.6434183
16.653547
8903.228
16.68249
12407.09
0.0
9828.499
45.301636
9876.621
-4.120357
-4.3765984
7.300432
28.29672
562.9069
-4.8015804
0.0
0.0
0.0
76.125175
71.14375
16.587786
-7.8784857
5.132248
-13.292013
16.336718
152.27385
12.538389
20.429398
2880.2837
8.209473
5.7603064
9102.418
1.7305136
13.658642
17.144909
60.12635
27.074192
-21.945986
-3.725138
22.734365
-10.341636
63.32052
0.0
6.4915094
-2.3175435
5.303099
-2.7912235
23.383902
21.500322
3.251048
9.763726
-4.1694174
2.3676758
0.0
5.6901774
9.13777
-1.6914116
2.4398475
6.835331
21.873644
-1.3952599
-1.1741469
2.7811046
-1.458825
-2.1641345
-5.465787
41.849987
-2.8175054
-7.9351306
8.069596
2.1607862
184.03494
35.923058
22.103704
-12.636282
-4.926493
1046.8436
-400.56418
126.70397
-1.8717453
-115.91215
0.13609497
-0.07292329
38.444008
-18.599623
-13.46258
29.482328
-15.655257
8092.4624
-8086.8203
-2.0795116
174.39513
7.6524763
-1.9623699
-14.479084
6.536711
14.757296
41.158203
51.505684
-8.067157
18.02674
116.76337
-19.552567
-27.885002
208.81258
-173.6259
-25.499928
-6.1131616
62.889763
-15.496029
216.43488
55.873306
-51.703575
-2.3012397
889.8468
6604.8545
5217.0825
1.1920929e-06
26.719938
-13.678925
16.4123
-6.6461563
20.008728
-20.008718
15.141803
-15.141802
14.885991
44.38514
23.40416
-69.64548
1.947447
4.5892835
8.218631
0.9160632
2.0400424
6.729864
3.3562508
1.5718069
0.0
4.032606
0.0
0.20215988
-0.2021597
2.7779608
-2.7779598
4.171483
2.5423684
0.18058993
23.840107
8.480013
0.7029915
7.108032
-7.108034
169.27779
1.1904643
10.93101
11.649386
21.293358
219.64066
3.0354843
54.417305
10.035961
43.70851
5.567261
-3.8894763
21.58691
-24.107872
30.928265
-3.4619865
23.736906
1423.0372
-1345.1001
34.76474
-13.781684
183.22897
-3.8307173
-12.39119
165.19879
-28.631773
-57.33671
6007.909
-6001.31
-2.6603246
99.25832
-99.25835
241.31732
-78.10689
96.20292
831.29297
19.60276
-9.629452
45.61461
-24.873028
0.0
0.0
4.6934505
103.54538
58.91343
3.8477201
-2.2313535
9.399888
49.183052
138.52747
11.719473
42.403564
1012.9875
-88.62609
93.05676
-72.74676
50.02237
-23.508574
173.71178
8707.507
-8725.157
201.85954
148.24922
0.0
55.520653
25.332623
-1.6514158
3.9834094
4.7431507
19.096186
3.6376045
-1.7221426
-1.600621
1.8337097
166.33983
-9.084303
210.06949
-32.7741
8.085415
0.52008796
31.612782
-27.472569
2.3713763
-1.0560052
5.266641
23.285395
-11.69736
14.027446
1.7617035
64.608765
-0.38856003
3.8170462
4.0964966
12.634629
420.48764
795.847
-795.847
11.655885
-7.7179575
11.564584
3.358307
214.08453
-213.54672
1013.77356
12.582027
-1.7421854
51.919037
25.70332
63.052605
4.885615
5.739127
53.020397
-47.198853
61.6116
25.037663
-2.4693513
0.0
116.01863
-95.333176
-20.142698
8300.854
-8.688894
-49.769432
0.843176
0.0
0.0
124.79962
-111.99048
68.30437
-29.991901
-18.729282
67.96272
98.98562
-11.380596
6.0540786
10.115717
3334.045
38.785522
13.509859
13.890278
86.232086
51.625496
51.354294
6.547656
84.94485
43.62086
-28.605507
4.2320213
102.82938
16.603374
834.4821
-32.305927
13.430264
1193.6459
337.9954
239.83395
5.57275
-8.10911
0.14056018
1.2678094
26.547653
-19.760942
4.8810077
-4.7653575
25.391075
4.688689
-1.7881393e-07
8.309731
-3.2408707
8.029629
180.88914
-61.153328
2.5606523
42.26787
-15.874696
2.2342896
-0.6347821
0.0
80.57695
2.5181427
39.837944
269.96185
9.1107025
-1.1088556
99.03059
7.6650434
14.959285
5.659768
83.72528
-6.6868396
-9.212928
-47.5821
-0.71699524
7.496518
50.41081
7.14673
0.0
30.158243
-6.9617996
-0.21301687
5.2752013
0.0
48.21629
-3.1464968
4.219799
2.8993778
86.103775
97.21356
298.76526
39.709675
-8.819304
2036.1421
56.275963
1674.7935
0.08225155
9823.869
16.297256
6344.0415
