0.95247823
0.87704694
0.81471467
0.8159124
0.064788595
0.28814042
0.9970817
0.3596734
0.9155797
0.82446635
0.5534728
0.19430122
0.08975956
0.17955664
0.17601983
0.8668502
0.043155212
0.73116785
0.07034677
0.35797432
0.6069592
0.8085229
0.25761783
0.6891045
0.7401763
0.51566
0.878506
0.35102183
0.5264113
0.7740333
0.09296895
0.6287047
0.9758096
0.3077478
0.28830066
0.6824154
0.550602
0.2013042
0.56199783
0.76100826
0.14081034
0.07160905
0.08748605
0.26497123
0.37197584
0.48593742
0.7119719
0.4606231
0.28915885
0.08271312
0.007947835
0.018595226
0.09486084
0.58814496
0.7712479
0.24641919
0.47401974
0.08718328
0.14078449
0.49081594
0.8313105
0.14791074
0.11548151
0.4518792
0.64475644
0.181774
0.119525544
0.17151384
0.85244036
0.13431571
0.66579854
0.8931885
0.8863222
0.7842837
0.50846285
0.087671354
0.4773063
0.63116837
0.16689888
0.466358
0.7692165
0.098094165
0.14254864
0.14340599
0.105741434
0.91730803
0.08921506
0.37652314
0.7917468
0.44838127
0.06865614
0.40313324
0.9486996
0.6220131
0.564029
0.37831774
0.3344714
0.65419585
0.25862166
0.25045034
0.3372022
0.00887915
0.18972369
0.7933566
0.98776335
0.40533215
0.16211633
0.90541863
0.119545005
0.0038782475
0.93961865
0.09902773
0.44284645
0.2606804
0.01767144
0.7156558
0.79827935
0.37438938
0.18191549
0.3937726
0.89595044
0.0035340027
0.46345246
0.93648165
0.2753753
0.7278304
0.34631386
0.5190065
0.48615855
0.28565297
0.40190858
0.15138178
0.43613452
0.6849449
0.35072163
0.8450309
0.5146089
0.0068836166
0.7555205
0.35946572
0.9914949
0.58431983
0.19184163
0.030215789
0.32959446
0.3792032
0.63321304
0.5422793
0.7496653
0.82524216
0.8833825
0.98642987
0.73485607
0.14135425
0.96025735
0.09192596
0.33403003
0.4576631
0.4967874
0.5251504
0.014784702
0.2930926
0.17724614
0.24492063
0.63984156
0.55348134
0.046006113
0.9623087
0.67766225
0.26023614
0.68724376
0.7920298
0.22286978
0.59389395
0.9675087
0.4284323
0.6347038
0.6060078
0.23506936
0.3910354
0.08055931
0.17788671
0.68789417
0.33456334
0.9231007
0.14874676
0.51287115
0.13859579
0.43896797
0.88056844
0.34447765
0.6573939
0.33383486
0.46528092
0.33725005
0.35639623
0.5429034
0.79663575
0.4968361
0.53349566
0.8594124
0.31423953
0.7204584
0.6641001
0.52893555
0.417959
0.6344023
0.60186064
0.47544724
0.33703512
0.5261753
0.79105407
0.50156444
0.030455675
0.46872577
0.20180123
0.7070278
0.035560478
0.6032832
0.498845
0.2898978
0.5544987
0.53082675
0.9162133
0.22504154
0.63590413
0.7966008
0.48088783
0.5653666
0.96679956
0.192706
0.62521863
0.54929924
0.66505665
0.13788491
0.78774875
0.06140439
0.316779
0.488476
0.119745895
0.11047827
0.38804978
0.04202139
0.46788403
0.3438941
0.8267794
0.55305684
0.03036371
0.70492697
0.94371194
0.94252455
0.33570436
0.56407124
0.5831271
0.6260193
0.49725905
0.09407137
0.27206296
0.4854504
0.13705
0.7937308
0.7070195
0.017705964
0.41589332
0.8282441
0.67433983
0.74761933
0.9115833
0.65909934
0.2582557
0.39511386
0.62562567
0.6454117
0.70072126
0.2724814
0.74875724
0.36771038
0.0006190435
0.10788528
0.23368628
0.2465241
0.2809444
0.31120402
0.39078894
0.0329561
0.14634943
0.5673946
0.18770114
0.28728527
0.031397365
0.081214495
0.17002176
0.975616
0.4490197
0.8692963
0.087050915
0.40853482
0.86254454
0.5061597
0.5798927
0.78022736
0.73671025
0.53998756
0.3143851
0.22641915
0.9995467
0.84687495
0.19602111
0.5106574
0.5864556
0.9059341
0.45430017
0.36355114
0.46888104
0.7026252
0.9009408
0.3422422
0.52951294
0.16857003
0.08393329
0.17235856
0.9881559
0.4165064
0.5020256
0.46610156
0.15973388
0.07907227
0.9558805
0.91360945
0.93058175
0.83664656
0.5657333
0.9842814
0.56699973
0.45237687
0.15432587
0.36510694
0.5681596
0.58188105
0.38869444
0.73290086
0.1336567
0.9033968
0.38821208
0.14613263
0.4483781
0.3757096
0.17330961
0.46183828
0.1685353
0.46887824
0.5321585
0.044256195
0.44410995
0.67312217
0.8765206
0.6000536
0.33072802
0.23039886
0.34915403
0.12528123
0.8328007
0.070380464
0.1998912
0.026119404
0.59675634
0.6218031
0.6929228
0.4807881
0.9877856
0.6353501
0.60791653
0.7449939
0.12059348
0.80156827
0.88445514
0.11768174
0.25067064
0.47600624
0.45061034
0.0011858105
0.9276694
0.50388
0.1667819
0.9425914
0.32707942
0.91664064
0.25421333
0.35382918
0.13893223
0.5096256
0.1510066
0.9591268
0.23992634
0.44118613
0.72111183
0.07196936
0.998165
0.258205
0.9918543
0.38529992
0.61803716
0.045895215
0.084011786
0.16183268
0.30578086
0.6067967
0.5353683
0.03682153
0.29782528
0.6882624
0.29597008
0.0597074
0.9074003
0.4233599
0.10204247
0.7949365
0.60209715
0.7191944
0.3897195
0.5885853
0.5902869
0.39485967
0.9079411
0.12453951
0.16705857
0.918331
0.27670157
0.0016412571
0.08418435
0.44064042
0.3940276
0.93208504
0.22303963
0.6558534
0.24074218
0.6255725
0.5100151
0.40376958
0.75826627
0.26554617
0.48105332
0.65481675
0.6034368
0.7435742
0.99360776
0.74267775
0.7489901
0.66065603
0.4500095
0.5815231
0.5240761
0.93596137
0.41288966
0.3393886
0.6032138
0.6699632
0.82641304
0.14027415
0.13400228
0.3227244
0.72753185
0.7843782
0.86955243
0.51101714
0.7632861
0.028038722
0.9465806
0.3794809
0.28124723
0.897989
0.82691914
0.58574694
0.59504545
0.9895473
0.8431769
0.6849745
0.053248063
0.8425549
0.7682328
0.3857409
0.25532654
0.17158768
0.09865585
0.15893295
0.15753849
0.110527165
0.4518058
0.742972
0.6327379
0.9913106
0.2133332
0.7955548
0.26576355
0.8909009
0.025827887
0.65753293
0.95002985
0.08145994
0.03144721
0.40066198
0.9586368
0.8080727
0.99983484
0.73069656
0.8478329
0.3749552
0.31898704
0.0904088
0.86917835
0.43733215
0.04947692
0.81116486
0.61798257
0.04518901
0.9424944
0.58703953
0.5733188
0.4584498
0.42072862
0.3978061
0.122930594
2.9728693e-05
0.46590525
0.068244874
0.46804848
0.016466243
0.58927447
0.95997626
0.029991886
0.36570942
0.3827508
0.32855752
0.93928087
0.6057899
0.031548683
0.0056765457
0.69801766
0.2965398
0.4201576
0.927104
0.14079544
0.36044145
0.62408006
0.053734895
0.80482334
0.6048836
0.30230886
0.6846798
0.38275552
0.7774092
0.76659626
0.546212
0.59296685
0.7262435
0.040142503
0.33876082
0.45197904
0.9585405
0.936944
0.076981895
0.5705396
0.90214473
0.1448922
0.16291344
0.54371554
0.24643943
0.12750414
0.38810968
0.4707181
0.52795315
0.29209054
0.12673141
0.6570272
0.30059284
0.2579474
0.15491821
0.7204144
0.3103575
0.10316522
0.6269882
0.79926467
0.21947847
0.57870567
0.48029265
0.003210764
0.6158914
0.0046342295
0.97484314
0.2106292
0.064508684
0.016849047
0.94085294
0.2424584
0.5873108
0.99881417
0.58483773
0.4465917
0.32231817
0.93714136
0.06537384
0.76773316
0.24254745
0.95934445
0.7847921
0.77629936
0.0559884
0.22228129
0.16100511
0.84240425
0.6430513
0.35096833
0.03786131
0.06162509
0.90989953
0.5080099
0.27073964
0.7896175
0.771481
0.43861803
0.5923605
0.7818443
0.64796185
0.5004044
0.834648
0.9737096
0.45311293
0.8917354
0.37351894
0.89919466
0.054079626
0.9230985
0.54754
0.15658091
0.8751659
0.053321097
0.035760384
0.8036017
0.21270065
0.62418395
0.6576538
0.8018063
0.8336647
0.46926078
0.8627976
0.3233843
0.67588115
0.6084229
0.16023122
0.22257164
0.14398374
0.46713614
0.89930713
0.0049957517
0.21603796
0.18567996
0.13576752
0.5162568
0.8985548
0.32276022
0.26396722
0.93010134
0.5204152
0.73389614
0.61488307
0.40625343
0.43834478
0.16066645
0.46252865
0.040687762
0.37182584
0.26580906
0.13879865
0.45837656
0.3656014
0.35225755
0.85505
0.8948569
0.5470354
0.8137913
0.6402394
0.7988794
0.9374452
0.7655147
0.0642683
0.48727128
0.5606475
0.15298362
0.7911549
0.8841372
0.70048904
0.036142223
0.5938199
0.46990782
0.7629151
0.14206626
0.085281216
0.69979745
0.86884874
0.4804401
0.8895856
0.32837555
0.5579829
0.87708247
0.6808949
0.5564715
0.9801663
0.57409626
0.45272392
0.6336889
0.35187855
0.74966455
0.6679897
0.48740882
0.29160884
0.5981641
0.9785538
0.33082882
0.88576114
0.24339183
0.5638426
0.15379159
0.6100914
0.5132025
0.91363543
0.80750024
0.7773035
0.3823667
0.5896152
0.7218629
0.78731686
0.15516205
0.7592623
0.45832387
0.1876312
0.32798553
0.063914046
0.6964789
0.5162041
0.28572416
0.89026254
0.087860376
0.094264835
0.19608356
0.9085298
0.20185491
0.5474389
0.87825066
0.55372405
0.3852987
0.050703153
0.831748
0.757592
0.45755374
0.14900552
0.37178183
0.23411429
0.36702794
0.43709296
0.097176805
0.28969294
0.62244284
0.26466563
0.8878824
0.36335543
0.68727136
0.17832898
0.93917805
0.65456885
0.6435597
0.40885374
0.6925759
0.27874464
0.8762277
0.79426587
0.19742925
0.37331325
0.46978998
0.79510003
0.15710515
0.12112147
0.61700886
0.88669515
0.1794422
0.29066706
0.8088326
0.20491737
0.63826525
0.021541541
0.56542844
0.4203429
0.85853595
0.80892974
0.101745375
0.9344505
0.6839736
0.21035276
0.88171196
0.060394667
0.18047786
0.99167544
0.8826772
0.17747748
0.39658833
0.8686205
0.3648484
0.9558962
0.72041005
0.49626145
0.91369224
0.15624058
0.41762516
0.04574268
0.26408857
0.111061744
0.79405737
0.8082583
0.89228505
0.08978311
0.687031
0.3755623
0.52550423
0.088984676
0.2491658
0.005150695
0.6501841
0.52170825
0.39932638
0.7000415
0.6952192
0.92776376
0.6098029
0.5939818
0.8254076
0.7109211
0.40390867
0.57278645
0.8864029
0.89790237
0.095824525
0.1980245
0.66622984
0.75519
0.34190813
0.08238291
0.21126078
0.2207857
0.6113732
0.2047024
0.873365
0.102850474
0.9444025
0.12521715
0.8291602
0.15837727
0.6575011
0.62763333
0.28828242
0.08907535
0.9062516
0.22212562
0.23438697
0.8722333
0.56966674
0.11301405
0.42939728
0.6987971
0.59888864
0.7251025
0.5603956
0.271272
0.078681916
0.57029265
0.25501886
0.5125309
0.6531096
0.99453247
0.13387606
0.39851967
0.12632371
0.45821425
0.18702385
0.9827571
0.10638121
0.9323331
0.2932665
0.90325147
0.7983443
0.024289735
0.10337304
0.59506154
0.42412144
0.9897969
0.13401139
0.45432526
0.41896313
0.9714698
0.36886474
0.7931001
0.7001982
0.6007908
0.0930141
0.23863117
0.4453269
0.06531961
0.36591685
0.0016288691
0.6426097
0.8966721
0.53932637
0.6814964
0.17687795
0.70569384
0.3005049
0.09385836
0.87291723
0.00836982
0.65647846
0.19077963
0.43496412
0.038300637
0.5471967
0.2664989
0.9308801
0.17684296
0.6208302
0.115996964
0.949388
0.85006726
0.9217113
0.21122405
0.9238838
0.8956767
0.73575145
0.8139706
0.87251574
0.87949175
0.3318473
0.33548954
0.42304048
0.97961426
0.55543315
0.5076852
0.5212363
0.49691108
0.64921844
0.11432387
0.14160934
0.21791682
0.19188368
0.07156371
0.14211237
0.21182775
0.3106831
0.941495
0.79129326
0.8483644
0.9741013
0.5473589
0.123706825
0.044574928
0.74450654
0.21785386
0.117972754
0.74814147
0.10321106
0.13284476
0.8071758
0.06053765
0.5946958
0.041374605
0.7762793
0.8783211
0.79584706
0.5446157
0.058813456
0.15843481
0.6774586
0.7300849
0.030081255
0.99608535
0.57030123
0.7482212
0.685318
0.058892403
0.96930677
0.6428183
0.39435422
0.72894645
0.552637
0.6681115
0.024119869
0.07268701
0.7551124
0.27170235
0.68727845
0.07275993
0.72959
0.70349663
0.64043385
0.34773076
0.18462417
0.6044972
0.91629314
0.69300437
0.95980793
0.13080625
0.8523296
0.82423943
0.53794634
0.86091405
0.5183601
0.5069569
0.9417604
0.65318
0.29938403
0.5603411
0.5749721
0.6223518
0.43150008
0.719501
0.9640713
0.73889536
0.30303082
0.8954162
0.72789925
0.13632199
0.5872286
0.3152685
0.60710543
0.8026484
0.88548994
0.3057433
0.024014367
0.45484334
0.7513569
0.5584825
0.08706592
0.5600932
0.75001633
0.1597841
0.28940633
0.5521416
0.8438626
0.78701586
0.16389363
0.91259676
0.5732814
0.2508896
0.1578146
0.89828914
0.6045091
0.553821
0.65686935
0.7603549
0.9774733
0.9701725
0.3495108
0.81028867
0.5427867
0.64904237
0.84704167
0.00938621
0.31899473
0.4948074
0.348504
0.04356545
0.34133962
0.36752537
0.027535485
0.08472362
0.7687347
0.26176548
0.5825149
0.051806454
0.1489057
0.6201747
0.16986766
0.0331523
0.8354138
0.5321488
0.5859724
0.3565584
0.36071768
0.1569868
0.6525852
0.5353423
0.48228806
0.12019995
0.83487463
0.853763
0.5104024
0.99611974
0.98591876
0.5675162
0.33397752
0.6968866
0.15096578
0.9290584
0.4739994
0.9483979
0.90773565
0.40623033
0.5862444
0.6519436
0.3674226
0.22969434
0.34112504
0.48127893
0.29617196
0.072710626
0.48275843
0.38520166
0.4749293
0.6416567
0.6276914
0.9640431
0.3566412
0.96800166
0.5000538
0.5789335
0.38839483
0.06386266
0.8210771
0.57814497
0.17733489
0.5072812
0.0801378
0.1674794
0.0036602127
0.5724643
0.18719926
0.20303589
0.77612346
0.47498375
0.07969003
0.625528
0.7544743
