0.50912195
0.037011214
0.5841687
0.49714738
0.15075867
0.559828
0.75870764
0.7007005
0.94798636
0.110487565
0.31437808
0.82771003
0.36233786
0.09647662
0.4932115
0.06848972
0.1510062
0.3958631
0.13409807
0.2937002
0.52430356
0.41752937
0.3544186
0.6188188
0.28238514
0.55293274
0.3706948
0.1300288
0.4116876
0.8427163
0.6426093
0.36936593
0.3695886
0.03567605
0.62426233
0.6772305
0.5756903
0.96837986
0.3729726
0.9952584
0.7162224
0.02073808
0.89853483
0.18856402
0.27783406
0.440985
0.22748993
0.44565913
0.768806
0.85483813
0.804253
0.99863046
0.6829457
0.5511116
0.5409369
0.85259694
0.9192508
0.41348982
0.7601245
0.53599703
0.9539006
0.4780693
0.4333411
0.7804031
0.33127272
0.30396262
0.41379842
0.46350276
0.2921736
0.63251126
0.65871507
0.7757204
0.8775305
0.11899613
0.39618784
0.8925788
0.20265256
0.5143334
0.75052047
0.77143854
0.22618683
0.66012937
0.4671417
0.009051888
0.95647544
0.3566514
0.2491807
0.08514932
0.08948368
0.6980841
0.5092312
0.9987957
0.31307328
0.5728886
0.3943741
0.114248976
0.031459123
0.81339705
0.49091232
0.3774871
0.34095123
0.449324
0.36544997
0.2616544
0.9924618
0.985516
0.6019905
0.3097669
0.2656774
0.49344373
0.27113745
0.19900115
0.7863555
0.96497774
0.06512936
0.04674875
0.9456173
0.5678342
0.8230039
0.3503818
0.5412638
0.057320375
0.9956628
0.776848
0.9594713
0.4707694
0.5003305
0.90081817
0.14620838
0.44167104
0.9094428
0.28354475
0.44236618
0.70162964
0.75618607
0.05863129
0.04504146
0.26144874
0.17307638
0.7463682
0.27858987
0.4703254
0.19279179
0.13376519
0.10012252
0.98393285
0.91632855
0.3461647
0.6440726
0.06067935
0.2119486
0.37937027
0.21458851
0.22657982
0.12104507
0.76536065
0.66520554
0.41575956
0.73924446
0.8634793
0.047106415
0.62357247
0.6570898
0.10943525
0.541618
0.88376695
0.97646946
0.00504454
0.10287284
0.7384239
0.61742383
0.007201568
0.75308067
0.39743197
0.67471856
0.27882442
0.571142
0.030930556
0.9692868
0.3602163
0.016551035
0.60858136
0.7597173
0.20624301
0.11937324
0.16545586
0.46872672
0.26357892
0.5606153
0.45644197
0.86038584
0.09566372
0.7260678
0.11351597
0.6581048
0.8662647
0.24959978
0.26236776
0.97832763
0.66739035
0.8124538
0.38176447
0.42207634
0.6797778
0.8586304
0.53488076
0.25196794
0.6586344
0.13026004
0.91847247
0.31235066
0.6337774
0.60768735
0.9856318
0.7342887
0.2683614
0.6229266
0.96884996
0.9648399
0.13454561
0.86980057
0.7150862
0.010507087
0.3807777
0.9590556
0.28896
0.56178755
0.24008675
0.9615449
0.5077998
0.84035915
0.19251288
0.8419813
0.28826323
0.0054323045
0.029188884
0.42769065
0.58525276
0.19152793
0.6358621
0.3355796
0.6103642
0.325818
0.3122165
0.18373136
0.9392201
0.05803122
0.1874901
0.09843746
0.052678462
0.14799279
0.39561164
0.48988816
0.25567517
0.84715307
0.14004824
0.80442584
0.70248383
0.54499155
0.6511406
0.8966883
0.5657537
0.66029817
0.3407381
0.6424138
0.42011786
0.7048533
0.080218405
0.8324459
0.20891961
0.30886745
0.973912
0.7010661
0.2625977
0.48774394
0.6425581
0.7783147
0.29041716
0.5799028
0.68144673
0.74090797
0.505112
0.60988754
0.20477854
0.3481471
0.7521117
0.090828694
0.8194332
0.26428184
0.9790731
0.66704565
0.6998682
0.008745772
0.22323914
0.15622771
0.051145725
0.12754637
0.27564898
0.7205181
0.021108171
0.19743596
0.24899766
0.47096246
0.11317929
0.8940036
0.29573435
0.52167034
0.02894656
0.9803881
0.41675812
0.6777712
0.57368535
0.19981514
0.10952121
0.16419636
0.454492
0.3137077
0.54556876
0.05760097
0.38379875
0.05929041
0.44983014
0.56481004
0.52901685
0.60792416
0.9074824
0.2482737
0.46708345
0.2251115
0.5822518
0.4892333
0.8235569
0.19138049
0.84338
0.23167954
0.975024
0.043805614
0.70786595
0.65085864
0.9460566
0.18213598
0.61154956
0.793067
0.46085122
0.26160836
0.3478745
0.30786014
0.85907936
0.9230037
0.18550375
0.67981976
0.8520668
0.3293485
0.9195575
0.40563887
0.6527935
0.7092539
0.00691219
0.11109175
0.9687734
0.9914073
0.62707496
0.563891
0.00054782577
0.36278376
0.09167505
0.8874946
0.43402
0.65111214
0.6921068
0.51777583
0.7203521
0.76465255
0.334983
0.51313806
0.3905695
0.29922614
0.30747145
0.7862054
0.2251044
0.7144877
0.36791426
0.4792487
0.18844724
0.2725473
0.973202
0.22641599
0.50552905
0.2768273
0.35689482
0.66114724
0.43049955
0.46415833
0.44234666
0.23150057
0.18855548
0.061883483
0.032450497
0.3344429
0.9813175
0.6300315
0.10935474
0.45386887
0.3719549
0.19244583
0.18631488
0.47885802
0.84726065
0.42382696
0.33270893
0.88441926
0.6726762
0.5074585
0.91587806
0.98153013
0.003239288
0.64637035
0.1284175
0.9074087
0.7976467
0.5506272
0.31646782
0.0944637
0.93521935
0.2254152
0.82489574
0.9724664
0.3641219
0.21897303
0.31885764
0.48162913
0.120246924
0.26936558
0.11271466
0.5877314
0.41223654
0.96675396
0.77922523
0.32455468
0.04600488
0.048996612
0.34983972
0.6230762
0.7611613
0.43231452
0.052322693
0.1853275
0.47127935
0.90006053
0.57504296
0.31224525
0.16765077
0.0967519
0.024984416
0.12560141
0.9696666
0.938211
0.24853335
0.54548544
0.7189858
0.30923223
0.54661125
0.9580232
0.7348559
0.6678558
0.7299477
0.8245511
0.11717618
0.80873847
0.4485922
0.21898729
0.821324
0.4632972
0.17445704
0.74022967
0.6962116
0.99621284
0.061343253
0.095473886
0.03712251
0.30464816
0.67926276
0.41501328
0.74300015
0.88767594
0.012628576
0.80225074
0.08846829
0.95644397
0.48740998
0.85295683
0.85358685
0.35443914
0.3984866
