1130.6957
-5.0709357
-4.1731305
-1.8626375
-0.20025545
7.9276714
-3.3097377
302.81644
-45.73573
-49.714737
-146.2198
-26.599648
-35.268425
1.7336501
-0.8546995
5.039729
-7.124751
74.14507
20.963455
-30.646667
9.27369
-9.273691
9.669505
-1.7865533
-7.3998356
0.20823793
3.4587064
0.6592903
-1.4921507
-0.4819825
14.789984
-2.6585596
-2.6585596
-6.5120826
0.19793154
0.9436879
5.1707773
9.230695
28.597912
55.810295
-29.050707
-38.523743
-3.609151
4.8307486
-4.8307486
5.734227
36.604454
-23.429352
-16.704916
0.0
132.98488
-77.88798
3.1344643
-1.8064395
-1.3280244
4.5750074
14.00455
-10.9847765
1.9428167
-6.0489435
39.237267
-22.955814
-16.281435
10.709267
-8.493363
7.9866333
-7.9862065
120.066895
-120.066925
8.583069e-06
4.1212463
828.4371
-804.15015
-0.97800255
-0.84259313
0.0
9.51342
-9.513422
6.081818
-3.1369596
-1.4825722
5.1319757
-2.9796283
5.8827887
746.8067
-50.816326
-594.21204
-91.34474
-13.665008
143.96544
-103.25881
31.724844
-31.724842
5.6579638
0.0
4.3021955
-4.3021984
22.095081
-22.095081
17.772112
-8.213843
-5.1409035
3.428168
-2.5843115
47.803
-10.557286
-33.338795
1.0938714
24.521227
-17.343649
-7.177582
7.0769534
-1.4478489
-5.6291065
4.649168
-4.126111
345.81287
-4.0252767
-324.71106
18.689169
-6.9878325
-4.9839015
518.32837
-55.59686
204.03792
-29.671846
-17.803112
-37.857185
4.551317
-6.432176
-6.535134
-1.6863487
-1.7265085
9.435814
2.6800926
8.923148
24.123755
8.766134
-2.3564258
0.60101986
58.36242
-44.74033
0.0
16.022522
1.7614694
-1.7614694
23.446503
-13.414807
-3.3905542
11.015257
-9.967228
-3.9552503
179.88882
0.29042435
-57.52133
5.14843
29.277582
34.88136
0.5521495
-0.5521496
12.667268
-12.667272
37.442467
-16.641092
420.54248
-290.3747
-130.16797
35.797596
-14.590409
34.036343
-20.33667
3.3284588
-21.146595
18.881939
-1.5270329
-12.673484
28.403929
-28.403933
0.50818086
-0.5081809
0.0
4.6162534
108.143265
-58.251755
-51.92489
5.7991486
2.1978307
-0.8515256
34.76828
-11.483793
9.2089615
35.038185
0.0
1.6140425
-1.2918373
37.599655
-10.491508
25.470785
1.6795709
-3.2897935
9.640278
41.033295
-47.772606
7.0554476
-1.8432274
22.26394
10.655882
-21.062382
6.722048
-19.543762
-4.247943
0.6045799
32.20467
-30.460863
-2.34839
129.14687
423.89346
-94.469315
42.29646
-4.3072486
1.3439265
76.352615
-6.7675414
-33.570503
-6.7875433
2.3135986
-0.6129227
10.066933
-0.5196984
11.5114155
-2.9933987
-18.065252
30.639734
7658.9136
-827.7715
40.664444
-7.4094844
-27.819336
169.00015
-139.26224
0.0
4.3005
87.00697
-87.00698
8.423347
-8.423403
11.905449
987.9746
0.0
7.41474
131.75818
-75.57654
-46.689243
465.99954
1.7044735
15.188422
2.070531
-1.9529318
13.43404
0.0
0.2423284
47.402206
-22.868837
22.331364
0.095505476
5.5822496
178.85663
-6.8830867
-51.92179
-12.190222
-30.693037
8.694639
23.365038
2.5417495
0.63712406
99.17963
-41.63096
22.03892
44.698875
781.64624
499.77673
-93.40378
-57.005783
37.686947
-5.1987457
9.060407
37.65648
3.3729377
13.3129425
156.57391
-32.473804
-6.840253
74.84367
97.71103
-20.081429
12.329658
2.514472
-4.9804883
-0.13457744
17.176529
36.60466
-18.440714
73.489655
-3.8200603
34.008965
-16.560043
68.39488
8.169914
-40.80812
226.54868
-4.373978
35.151226
-24.808043
-10.343185
74.3201
4.379062
204.07544
-172.35701
5.952311
122.285515
3.9946284
1968.0621
-1441.9646
1479.9279
4.628322
87.620026
-33.886124
70.63864
-56.65234
-33.799408
255.99586
-82.74422
7.26355
254.45267
111.27612
-51.18554
4.9704995
4.6075673
2.85597
23.958412
15.44122
445.71054
-13.628189
37.164238
-16.653313
12.426128
0.73145103
-7.917941
153.18304
54.26146
-35.561073
60.73004
194.58516
7.2768445
45.63173
-17.066034
31.842348
-8.97508
25.605858
14.531853
53.835506
5.579241
18.177189
-0.66217756
-6.102645
25.965958
15.899298
-27.137531
142.06963
614.4967
-592.30786
504.57846
224.11707
-8.803748
191.05754
3.9472485
798.8817
-325.93115
161.38464
-151.20789
0.0
2.6820827
-1.2119992
12.76029
404.2002
25.992449
1.4310827
5659.71
-5638.482
778.2263
14.16502
527.92
2.0567276
29.925358
43.38415
85.453445
48.382168
84.90072
37.178474
26.061228
-11.700179
24.464108
-13.991225
2.7794223
3.1103525
14.040323
54.183105
3.1087132
4.638054
88.975395
-5.2193236
-45.868362
-0.11241377
0.8175123
15.71797
19.976067
13.558729
26.304237
137.43126
35.91655
163.26707
18.597305
88.57379
-72.66891
15.444492
60.041
4.023918
199.25565
13.086254
345.43536
-2.808628
-5.5085754
96.302826
22.391659
4630.5273
91.11806
54.26161
28.442947
70.99828
-62.46627
222.00954
48.895695
12.263409
19.195894
6.810127
79.19256
59.050724
29.29507
230.27856
4.332011
5890.406
36.556606
54.35924
0.31133297
51.729454
-18.420973
13.567884
0.0
160.64342
-11.765497
5774.9585
1.728122
0.19198537
220.38312
62.57125
-7.1963186
2490.3843
1.6340585
0.70280045
5.7928505
45.598724
43.839977
58.608063
44.104736
-45.312737
15.258238
7.8772416
240.33623
-41.18197
58.887177
50.10346
252.79886
118.35254
-36.907196
180.4151
42.717102
83.19776
1.7953466
18.150473
3.9565406
58.020786
-61.977333
74.34335
129.9201
