0.5802947878837585
0.5802947878837585
0.5802947878837585
1.7408843636512756
1.7408843636512756
0.5802947878837585
0.185391366481781
0.556174099445343
0.556174099445343
0.556174099445343
2.102030038833618
3.5033833980560303
2.2508608996868134
1.415845900774002
1.5347425937652588
2.905212700366974
4.84202116727829
3.556395471096039
3.234989047050476
4.626947522163391
4.97493714094162
2.1541138291358948
1.4489080011844635
2.0716393291950226
2.2273221611976624
1.2796944379806519
1.0427875071763992
3.55558742582798
4.183787405490875
2.0305961966514587
1.4922983944416046
0.7450279295444489
1.3877933621406555
4.147915244102478
4.147915244102478
4.147915244102478
3.226272165775299
3.871526598930359
3.226272165775299
4.659827351570129
5.053977727890015
2.4229291677474976
4.429619550704956
3.8431423604488373
0.7589636743068695
0.7589636743068695
0.34500735998153687
0.9660731256008148
0.9660731256008148
0.8740068823099136
0.6807922571897507
2.9203596711158752
3.5044316053390503
2.9203596711158752
1.738503411412239
1.140719085931778
0.9505992382764816
1.5212387144565582
2.281998038291931
1.9016650319099426
4.357962012290955
5.2295544147491455
5.533905029296875
5.8382556438446045
2.3993606567382812
4.2789541482925415
4.392044425010681
4.942877292633057
2.6300142407417297
3.2643166184425354
3.010007381439209
1.9927704334259033
2.4219666123390198
4.966501593589783
2.838526636362076
0.8881895989179611
0.8296706825494766
0.7418923079967499
1.1635679304599762
1.1973875761032104
2.956011176109314
4.128426909446716
2.96902534365654
2.196090966463089
1.8164024651050568
1.5632767975330353
1.9260673820972443
2.167927771806717
3.50809645652771
4.401542246341705
2.8555298447608948
1.8248549103736877
3.5308693051338196
3.9573729038238525
3.9573729038238525
3.0079391300678253
2.3749832808971405
2.3749832808971405
2.3749832808971405
1.2896594405174255
1.2896594405174255
3.446347415447235
3.446347415447235
2.128031849861145
2.128031849861145
2.128031849861145
2.1735425293445587
1.7479361593723297
1.7479361593723297
2.074818640947342
3.154742121696472
3.8760003447532654
2.639789879322052
1.5610761642456055
0.757740318775177
1.5380733907222748
4.235350012779236
0.3882364332675934
1.403207153081894
2.122991681098938
0.8491966724395752
2.86840957403183
3.365354835987091
3.1161952018737793
1.0597783327102661
2.608295440673828
4.931071102619171
4.931071102619171
5.917285323143005
4.931071102619171
4.556903660297394
3.995652496814728
3.995652496814728
3.995652496814728
3.995652496814728
3.4061793386936188
0.5241433531045914
1.2640049904584885
2.373797446489334
2.3252138793468475
2.2523385286331177
2.2523385286331177
4.38681960105896
4.38681960105896
2.526776760816574
1.2867482006549835
1.9675661623477936
2.9057337641716003
2.401716500520706
2.372124046087265
2.372124046087265
4.081021428108215
2.7271497547626495
2.2780154645442963
5.159334897994995
5.159334897994995
5.713813543319702
3.994035243988037
5.991052865982056
0.7389453053474426
1.3901630640029907
2.622505009174347
3.450327515602112
2.2616509795188904
0.9572723507881165
1.6045926213264465
2.0969368517398834
2.1421988904476166
2.6521103382110596
3.4108219742774963
4.211308658123016
3.661554276943207
2.8192925453186035
2.2082285583019257
2.2082285583019257
3.8258204460144043
5.7387306690216064
3.7921407222747803
3.6011223793029785
3.219085693359375
2.4116065204143524
2.677155911922455
1.671310693025589
1.5313975512981415
1.472660392522812
1.4335022866725922
1.41061931848526
1.5829049348831177
1.2176603823900223
0.8119521290063858
0.8119521290063858
0.8119521290063858
1.4528024196624756
1.4528024196624756
1.4528024196624756
3.79585599899292
4.381619393825531
3.3528329133987427
1.8096531927585602
1.28509983420372
0.49826979637145996
0.8302881121635437
1.3283155858516693
1.7812447845935822
2.4606385827064514
3.470084846019745
4.984254240989685
4.984254240989685
1.3527511060237885
1.3527511060237885
0.638986062258482
0.16314269974827766
4.372844696044922
4.536432385444641
4.78181391954422
3.2730560302734375
1.0099191963672638
1.441063553094864
2.087780088186264
2.087780088186264
3.684348165988922
3.684348165988922
2.6297085881233215
1.9266155362129211
1.650788426399231
1.4669036865234375
1.0155656039714813
0.7146735489368439
2.8194028735160828
5.06706690788269
1.4132542610168457
0.71092888712883
0.9447376430034637
1.0031898319721222
2.8165761530399323
2.615938186645508
4.2482611536979675
4.2482611536979675
1.1737163066864014
2.9342907667160034
2.6181947886943817
1.7152406573295593
0.6968066990375519
2.465599536895752
2.465599536895752
0.495456600561738
0.08452334441244602
0.16547179967164993
1.1897104978561401
3.502224385738373
2.0250993967056274
2.3618977665901184
0.8210630416870117
1.922092765569687
1.8200250398367643
0.29334380477666855
1.9915528297424316
2.8252179622650146
2.261125832796097
1.9988109767436981
2.3057127594947815
2.455013483762741
1.409439891576767
2.7511733770370483
1.7011699080467224
4.512190222740173
2.2208164781332016
3.0745312869548798
3.219659239053726
3.5183087587356567
3.3626808524131775
3.969951033592224
2.4568202048540115
0.7787228226661682
3.0642255544662476
3.5141273140907288
2.4699436128139496
2.2716720402240753
2.4659026861190796
0.5388128375634551
0.5765381073579192
2.0489000380039215
2.9908963441848755
2.820619523525238
4.433148086071014
3.877271056175232
0.7726454138755798
3.069595992565155
3.1962451338768005
3.03223580121994
2.7092056795954704
1.001980870962143
3.875899702310562
2.1787745356559753
3.11723130941391
1.1401691138744354
1.4467288851737976
1.4884963631629944
4.761620342731476
4.134903252124786
3.635535106062889
1.3851796984672546
3.5296642780303955
2.2752820253372192
3.9810484051704407
3.9277184009552
2.422475755214691
2.1391888558864594
3.24898624420166
1.5611731857061386
4.895502924919128
3.408370018005371
5.4029381275177
