0.5802948
0.18539137
0.7006767
0.28316918
0.96840423
0.6469978
0.9949874
0.2897816
0.44546443
0.2085575
0.8367575
0.29845968
0.11164206
0.82958305
0.64525443
0.8423296
0.7382699
0.15179273
0.19321463
0.13615845
0.58407193
0.19011985
0.380333
0.8715924
0.9730426
0.713159
0.98857546
0.6528633
0.3985541
0.82775027
0.17763792
0.14837846
0.23947752
0.8256854
0.4392182
0.31265536
0.43358555
0.88030845
0.36497098
0.7914746
0.47499666
0.2579319
0.6892695
0.42560637
0.34958723
0.43130785
0.76404214
0.527958
0.12629005
0.70589167
0.06470607
0.42459834
0.67307097
0.21195567
0.9862142
0.7991305
0.10482867
0.4747595
0.4504677
0.8773639
0.25734964
0.48428896
0.4744248
0.68017024
0.4556031
0.85988915
0.9985088
0.14778906
0.41412467
0.6900655
0.19145447
0.41938737
0.4420184
0.84226173
0.5638585
0.4416457
0.9564551
0.63202345
0.5365143
0.44619265
0.3062795
0.28670046
0.2638175
0.16239043
0.29056048
0.8763239
0.36193064
0.09965396
0.26566312
0.49212772
0.99685085
0.27055022
0.03262854
0.87456894
0.9563628
0.20198384
0.41755602
0.73686963
0.3853231
0.29338074
0.14293471
0.84451115
0.14218578
0.20063797
0.52318764
0.84965223
0.58685815
0.28587344
0.41093326
0.016904669
0.097853124
0.7004449
0.40501988
0.6770011
0.20095855
0.11317073
0.36838013
0.44857225
0.025736047
0.19039962
0.6149772
0.4901432
0.3953481
0.40638334
0.5432814
0.28188798
0.5502347
0.34023398
0.90243804
0.1386468
0.93241256
0.45161137
0.87169534
0.5397634
0.96347475
0.17662357
0.14182523
0.92685837
0.5534702
0.4543344
0.70511
0.17528632
0.0064769345
0.18786141
0.7426579
0.38146132
0.8381178
0.9593974
0.039681554
0.6139192
0.6474495
0.60644716
0.6906025
0.030951075
0.87817657
0.36319342
0.72600085
0.21322793
0.2872574
0.29769927
0.9836599
0.82698065
0.6931447
0.16981171
0.70593286
0.38137558
0.7497797
0.9819296
0.36013654
0.35581046
0.81224656
0.14978532
0.9791006
0.681674
0.9742047
0.82677466
