0.00025086105
8.85129e-06
0.0006110817
1.6249716e-05
1.1175871e-06
0.00024190173
9.0152025e-06
0.00068780035
0.0011901893
9.730458e-06
0.00043709576
3.6950223e-07
0.00012920797
4.7991052e-05
0.00030776858
4.120171e-06
4.9034716e-06
0.00094438717
2.540648e-06
0.00022438169
7.275492e-06
0.0005845092
0.00013308041
1.5445054e-05
1.0335352e-06
1.24797225e-05
3.3362792e-06
0.00031875074
5.8338046e-06
0.00017226487
4.51913e-06
0.0004861951
2.6151538e-06
0.0004590489
1.9669533e-06
9.0152025e-06
0.0011824816
2.249144e-07
0.00030174106
1.5512109e-05
0.00020441413
0.0002139844
3.8817525e-06
0.00012642518
0.0002336055
8.9708716e-05
4.3958426e-06
0.00020865351
0.00016479194
3.2186508e-06
0.0001764521
0.0003517121
2.0451844e-06
0.0006146226
4.2766333e-06
2.8461218e-06
0.00041906536
0.0002040416
4.209578e-07
6.594136e-05
1.1332333e-05
2.9280782e-06
0.00016650558
2.3283064e-06
0.0007788837
1.745671e-05
0.0008999072
0.00047364086
0.00016715005
2.5853515e-06
0.00017806888
0.0002590865
3.3453107e-06
2.1368265e-05
1.3201497e-07
0.0002036579
6.4484775e-06
0.0008634962
2.7989258e-06
0.0007916391
4.7683716e-06
0.00062163174
0.00022688508
7.83205e-05
2.3692846e-06
0.0003889799
7.4864365e-05
0.00021507218
0.00026651472
1.937151e-07
0.00030689314
1.2982637e-06
0.00063230284
0.00072547793
0.00038172677
0.00052230805
6.072223e-07
3.296882e-07
0.00011583045
4.8577785e-06
0.00022785924
1.603365e-05
1.0635704e-06
0.00025114417
5.941838e-05
3.375113e-06
7.033348e-06
3.3527613e-06
4.5368448e-05
1.206249e-05
2.0749867e-06
0.00015190337
4.1642226e-05
3.5464764e-06
0.0004363656
2.1718442e-05
0.0003441237
6.660819e-06
0.00022863224
0.00026394986
8.428469e-08
0.00036153197
0.0005131662
4.0810555e-06
3.6209822e-06
6.4596534e-06
0.0003722906
1.937151e-05
0.00021097064
7.800845e-07
5.081296e-06
2.0556152e-05
0.0003117174
8.836389e-06
0.0005326979
7.95722e-06
0.00036551245
0.00043968856
2.1578744e-06
8.099526e-05
0.00010278076
3.0994415e-06
0.00030992925
0.00018145889
0.00016329251
3.4868717e-06
1.8395483e-05
7.5772405e-06
0.00019206852
1.8961728e-06
4.1872263e-06
8.940697e-07
0.00022661686
4.9993396e-06
0.00044226274
0.00014372915
1.5303493e-05
8.123927e-05
0.00021287613
2.4863519e-05
9.529293e-06
6.2175095e-05
0.0002541989
1.244247e-06
6.5788627e-06
0.00016202778
1.706183e-06
6.6065695e-05
1.8239021e-05
0.00021138415
0.0002475232
2.1345913e-06
1.5124679e-05
1.5439931e-05
6.67572e-06
6.678629e-05
4.5746565e-06
1.3962388e-05
0.000111432746
7.2277617e-06
4.2691827e-06
3.5241246e-06
0.00023767352
6.556511e-07
6.267242e-05
4.2021275e-06
0.00026411004
1.4640391e-06
4.2766333e-06
0.0002476275
4.2282045e-06
0.00022589415
3.9860606e-06
0.00010956451
2.3171306e-06
0.00021719933
3.5297126e-07
0.00037897378
1.1824071e-05
0.00020312518
0.0001244396
3.4634024e-05
8.5681677e-07
4.9322844e-06
0.00047720596
0.00016812608
2.1271408e-06
5.4638833e-05
0.0003721323
1.0151416e-07
0.000158526
4.3176115e-05
4.0659797e-06
4.991889e-06
2.3394823e-06
8.177012e-07
5.044043e-06
0.000292629
4.976988e-06
0.0002874136
0.00011099875
1.590699e-06
2.552569e-05
8.9779496e-07
3.1366944e-06
1.2695789e-05
0.00017988682
0.00025274977
7.390976e-06
3.9953738e-07
0.00019209087
0.00029608607
1.6540289e-06
1.6823411e-05
2.1092594e-05
0.00015419349
5.2154064e-06
3.0133175e-05
6.1504543e-06
5.9001148e-05
0.00072309375
0.00028903224
2.4586916e-06
0.00022480264
0.0005325526
0.00048458576
5.904585e-07
7.062033e-05
1.180917e-06
0.00012478139
2.8088689e-06
0.000103565864
1.2643635e-05
0.0001756046
0.00040533766
6.626174e-05
0.00086806715
8.381903e-08
0.00015515089
0.00021285191
1.0896474e-06
0.0003545545
1.4565885e-05
8.7313354e-05
0.0008137077
1.0572374e-05
0.0003424883
1.6098842e-05
2.9828167e-05
4.4330955e-06
0.00030579418
0.00032267347
1.758337e-06
0.00039351033
0.00027587637
5.5498444e-05
1.385808e-06
0.00022827089
3.4198165e-06
9.075925e-05
0.0002302602
4.0903687e-06
0.0002860725
4.4219196e-06
4.1872263e-06
4.515052e-06
0.0006173849
7.972121e-07
0.00010930002
8.85129e-06
7.3313713e-06
9.0152025e-07
0.0005262457
9.1046095e-06
0.00027425587
3.5315752e-06
3.3006072e-06
4.9471855e-06
5.9437007e-05
0.00016539544
2.875924e-06
0.0005582124
1.3336539e-05
1.04010105e-05
0.00018829107
0.0005835742
0.00041156262
7.4207783e-06
7.852912e-06
0.00017002225
0.00035361946
3.0128285e-07
8.128583e-06
9.150058e-05
2.6516616e-05
7.0557e-06
5.3420663e-06
0.00014965236
0.000893116
3.516674e-06
1.2316741e-07
2.4735928e-05
0.00031571463
0.00033467077
0.00061937794
9.760261e-07
2.4331035e-05
4.708767e-06
6.9253147e-06
0.00013633445
0.0013591833
2.8395443e-06
8.949777e-06
0.00034037232
2.0712614e-06
8.917414e-08
7.8231096e-08
8.7293796e-05
0.0003212802
4.9695373e-06
2.0678854e-05
0.0006354749
2.2500753e-06
2.3916364e-06
0.0004312545
0.00017736107
0.00038819015
0.00028590858
4.827976e-06
0.00024870038
0.00020797923
3.4365803e-07
6.525591e-05
6.435439e-07
0.00013190601
2.0608306e-05
1.5678999e-06
0.000110579655
1.8134713e-05
2.2277236e-05
1.6149133e-06
1.2293458e-06
4.1872263e-06
0.00011872407
4.7069043e-05
0.00022503734
0.00028752536
9.44417e-05
0.00023195148
0.00044098496
3.106892e-06
0.00012271106
6.8731606e-07
5.411869e-05
0.00032716617
0.00026890635
3.1173462e-05
3.989786e-06
0.00010165246
4.4852495e-06
2.7269125e-06
2.078712e-05
1.6944483e-05
7.4207783e-06
4.261732e-06
0.00041536987
2.040714e-05
0.00032508373
2.5685877e-06
7.644296e-06
0.0004177913
3.747642e-06
4.5746565e-06
4.1902997e-05
5.93625e-06
2.8622453e-06
6.735325e-06
1.9092113e-06
1.6957521e-05
0.0001232475
2.7269125e-06
0.00011669099
6.0070306e-08
0.00057675317
6.183982e-06
0.00031664968
0.00010009855
8.590519e-06
2.2411346e-05
5.748123e-06
0.00013728626
2.6522204e-05
1.4603138e-06
3.6098063e-06
7.964671e-05
1.5798956e-05
9.331852e-07
2.2292137e-05
1.6838312e-06
8.493662e-07
5.7145953e-05
5.7928264e-07
9.196997e-05
0.00024558604
7.76276e-05
0.00031486154
4.172325e-06
1.8347055e-06
4.7683716e-06
6.770715e-07
3.1553209e-06
0.00033889338
1.4260411e-05
6.28829e-06
0.00020787492
0.00022508949
2.4748733e-06
0.00015694275
3.9562583e-06
1.206994e-06
2.682209e-06
7.7448785e-06
0.00014337525
0.00025232136
0.00018884987
1.9669533e-06
0.0008350536
2.0518899e-05
9.611994e-05
4.7506765e-06
7.085502e-06
2.4214387e-06
8.769333e-06
0.00012045354
7.853657e-05
8.34465e-06
0.0002480559
3.0323863e-06
0.0002991408
7.833168e-05
6.966293e-07
4.9605966e-05
0.00018480048
2.1383166e-06
1.3783574e-06
4.515052e-06
2.474431e-05
1.4677644e-06
8.4610656e-07
2.3812056e-05
2.9597431e-06
2.4996698e-06
0.0004247725
8.136034e-06
0.00031122565
5.8226287e-05
8.545816e-06
1.6503036e-06
2.0936131e-06
3.5148114e-05
0.02208826
0.032742538
2.6426773e-05
2.874434e-05
0.01364089
0.033791594
7.869674e-06
8.595176e-06
2.804397e-05
0.18389067
0.00025608222
0.00021643937
4.43327e-05
0.016273348
6.7539506e-05
2.8755516e-05
0.03556632
0.06297888
1.3954439e-06
1.1052471e-06
0.046902645
0.037228744
1.659244e-05
0.037122402
7.324986e-05
2.0072795e-05
0.05557109
0.0013552966
6.359443e-05
7.549976e-05
0.05621357
0.04959536
1.4689023e-05
0.0064944616
7.66875e-06
4.6514906e-06
0.0069590146
0.027385833
1.9810286e-05
0.028969528
5.08753e-05
3.4719706e-05
0.01840988
0.058022276
2.0165703e-06
3.062561e-05
0.06516562
0.01673393
3.2871954e-05
0.000106453896
2.3512148e-06
0.16517857
0.00011134264
0.000117734075
6.193292e-06
0.006035602
0.000100172736
8.894503e-05
1.4796848e-05
0.14912452
7.738327e-05
3.3800025e-06
3.2480195e-05
0.056132697
0.00010926275
0.000119656324
4.3347452e-05
0.05719726
4.110436e-05
0.00012728572
2.9131754e-05
0.07476298
7.240061e-05
0.000103734434
1.4072765e-05
0.2664905
3.2544132e-05
8.901954e-05
2.9195624e-05
0.06599467
2.2796914e-05
0.00012940913
0.06782096
0.023017801
6.627466e-05
2.2747707e-05
0.06376824
0.002187917
1.2937933e-05
0.024724469
6.6198118e-06
4.1686e-05
0.024699034
0.022282228
6.310153e-05
0.0008766125
1.6869744e-05
3.2246113e-05
0.04923145
0.051876444
1.5959042e-05
3.1530857e-05
0.03651723
0.03712565
4.0135337e-06
2.5618025e-05
4.1858357e-06
0.08238596
4.84333e-05
0.07927384
0.00012909388
9.336951e-05
0.023085047
5.1513314e-05
0.00011797249
3.4040742e-05
5.015731e-05
0.09096011
6.369862e-05
4.121475e-05
1.7055147e-05
0.27835354
5.7294958e-05
4.035767e-05
2.0913772e-05
0.056859244
0.0001290068
0.00011977226
0.05961017
0.04364858
1.5218956e-05
0.00011559576
0.18237682
7.495284e-06
8.065124e-05
0.08896558
0.00011434859
1.39337935e-05
0.09868991
3.7297606e-05
2.530776e-05
0.021927627
4.6565227e-05
0.020626983
5.597336e-05
1.8848841e-05
1.7266713e-06
0.24571933
0.00010241784
1.0948628e-05
1.3872481e-05
0.12216663
2.367998e-05
2.1066517e-05
0.014764149
0.055430505
6.4279884e-06
0.017565133
5.4635108e-05
0.027456643
1.5445286e-05
0.006364756
2.2961045e-05
4.27966e-06
0.016788734
0.0022897727
3.4599856e-05
3.684312e-05
0.043443598
0.007313795
8.1080925e-06
0.03025142
1.6652863e-05
1.3578224e-05
0.0200836
0.04451828
3.1571486e-05
0.028584788
3.1672607e-06
7.148087e-05
1.7341226e-06
0.21173316
2.5925652e-05
0.008334122
6.9169735e-05
9.42882e-05
0.084063634
5.7935715e-05
1.0630385e-05
0.00017127395
2.0663709e-05
0.1895951
4.5258545e-05
0.07956257
2.005287e-05
0.00014422089
0.07122292
2.193451e-05
0.00011383966
0.08844571
4.6547568e-05
8.8552944e-05
0.008019238
3.5002828e-05
7.261592e-05
4.703452e-05
1.6123056e-05
0.22706956
1.3377816e-05
0.012170799
3.0904484e-05
2.7933987e-05
1.2658731e-05
0.21942005
8.348603e-06
6.1281025e-05
3.1977892e-05
0.02942837
6.2696636e-05
4.0706247e-05
0.06481183
0.02404882
1.6991005e-05
6.44885e-05
0.0032821828
0.00077685266
1.0036936e-05
0.012891881
4.759431e-05
0.02875254
1.5473226e-05
2.9616058e-05
0.02006015
0.010687427
2.3942996e-05
5.5395067e-05
1.7136335e-05
0.138245
8.113882e-05
4.6420842e-05
2.3096787e-05
0.16112536
0.00026200362
6.610155e-05
9.397953e-05
0.05905864
0.0001183749
9.806454e-05
0.10473834
4.298985e-05
2.541393e-05
0.027098525
4.927814e-05
3.724359e-06
0.014408834
3.5211444e-05
0.019408531
0.06125863
3.268569e-05
0.015543692
1.1413751e-05
0.023996187
1.1246975e-05
9.718351e-07
0.063831665
0.009070013
1.6723767e-05
3.9499253e-05
0.0031569477
0.043048326
2.1228567e-05
0.012491936
1.2194494e-05
0.019277714
3.0548433e-06
3.012456e-05
5.1304443e-05
0.073275745
9.503214e-05
4.419312e-05
8.415426e-06
0.13205397
7.031688e-05
8.20905e-05
1.7940125e-05
0.24575624
0.00014927855
5.7689846e-05
4.4840097e-05
0.06570749
0.00010718999
7.024953e-06
8.968615e-06
0.28188163
2.1343363e-05
2.5657097e-05
1.7326072e-05
0.023476962
7.068537e-05
7.234619e-05
2.6639129e-05
0.01431905
0.000112876296
3.205488e-05
0.09166639
0.0016355452
2.6218739e-05
5.967915e-05
0.04162715
0.020995101
1.4730904e-06
4.8726797e-05
2.2567805e-05
0.14251247
0.00010689348
3.4719706e-05
8.716841e-06
0.061978646
3.927676e-05
7.2456896e-06
1.3190983e-05
0.058712877
7.0137903e-06
3.0558556e-05
0.111240014
9.7841024e-05
7.714552e-05
0.029163638
5.352382e-06
8.280948e-05
0.053259347
4.0648505e-05
0.032296713
0.0244283
2.508983e-05
0.037248548
1.46385255e-05
4.548114e-06
9.675161e-05
0.023780834
0.000108392676
4.6458095e-05
0.03208975
6.4885244e-06
9.700649e-06
0.15870139
4.4254557e-05
2.5382265e-05
0.0027528328
0.060971286
4.399146e-05
0.035019003
2.6052776e-05
0.000104010105
2.2691347e-06
0.22060968
0.0001402077
2.3480505e-05
3.8400292e-05
0.20906857
0.000120300916
1.2026867e-06
5.3197105e-06
0.07585575
4.6165136e-05
6.570667e-05
8.251052e-06
0.13632646
3.190243e-05
0.0001065135
0.09717797
4.239258e-05
0.005928788
0.018572435
1.0862212e-05
0.010167058
1.6164644e-05
3.4728524e-05
0.0049111373
0.04845378
1.6436912e-05
1.1398224e-06
0.067946166
0.025158599
3.2287084e-05
0.010571002
2.255397e-05
4.843995e-05
0.06149724
0.044442113
5.0028466e-05
7.112697e-05
0.023883909
0.013474554
2.1150176e-05
3.6182876e-06
0.046846293
0.051294375
2.3052562e-05
0.006328934
3.3782388e-05
7.495284e-05
0.066796966
0.06543941
4.5556575e-05
0.034912836
1.1873024e-05
0.0024591414
5.0462913e-06
3.9373e-05
0.0348498
0.012985584
3.4214208e-06
5.2618794e-05
0.028770888
0.065136366
5.915761e-05
4.593283e-05
1.6273118e-05
0.21491833
0.00010509994
2.7000904e-05
2.6911516e-06
0.0680659
7.1458504e-05
0.00010216667
3.3296092e-06
0.004274532
5.8300677e-05
0.017827785
0.00011759752
3.9159786e-06
0.13514793
6.365776e-05
0.000104173436
9.253621e-06
5.1018505e-06
0.28050157
0.00012971973
2.418831e-05
5.069375e-05
0.25233725
3.0675874e-05
9.563565e-05
3.0979252e-05
0.031404074
3.983639e-05
7.57128e-05
0.05384899
2.5853515e-05
3.1288441e-06
0.0061741276
2.4141249e-05
0.06965907
3.2564327e-07
3.7774444e-05
0.2337235
6.7278743e-06
9.2594346e-05
7.303932e-05
8.4497966e-05
0.027565472
0.00011714827
4.9330294e-05
0.011073032
0.039298292
1.9493022e-05
0.00012239069
9.579561e-05
0.13094817
1.6640406e-06
0.0001335293
0.005401683
1.4510832e-05
0.01679905
0.040218603
1.584366e-05
0.017131755
6.0024904e-05
0.00021805444
6.3767657e-06
1.13826245e-05
0.048504245
0.049864843
1.9701693e-05
5.8099627e-05
0.033251286
0.044781532
1.6488179e-05
3.5963953e-05
0.045363963
0.0013521394
2.0577568e-06
0.03551346
1.9608226e-05
5.49205e-05
0.011339903
0.007556052
6.281212e-05
4.428469e-05
0.012323771
0.06777158
6.1418104e-05
0.003321961
1.1623837e-05
3.0212104e-05
0.06271478
0.06577604
2.3836787e-05
0.020796834
6.5804593e-06
3.6712736e-05
0.03178507
0.054769695
6.767822e-06
0.018110331
5.3846947e-05
1.9855797e-05
0.013063026
0.032667007
2.4125346e-05
3.5423494e-05
0.007907292
0.031988014
5.0557544e-05
0.033262927
3.3964898e-05
0.007315938
1.7508937e-05
5.7801604e-05
0.03390706
0.047251575
2.68984e-05
1.2552366e-05
0.013103811
0.03357306
1.26961895e-05
0.013183075
4.6801462e-05
4.1034073e-05
0.029116997
0.048985913
7.458287e-05
2.8580427e-05
0.06364537
0.01364089
1.6653907e-05
7.787347e-05
1.9166619e-06
0.050207812
3.4188735e-05
4.7733243e-05
1.2291424e-05
0.27859345
9.569357e-05
2.2035092e-05
1.277029e-05
0.26526016
9.8464625e-05
0.00018581748
3.7884576e-05
0.11239232
3.7673854e-05
9.570271e-05
3.0830484e-05
0.2341307
0.00020073308
4.579872e-05
7.873969e-06
0.28059444
5.415053e-05
0.00012354553
4.00841e-05
0.07258234
0.00026285416
9.647012e-05
2.1347601e-05
0.24455023
5.9994934e-05
8.3848834e-05
1.460575e-05
0.18679567
6.5809736e-06
8.8095665e-05
2.2538878e-05
0.0809317
6.996839e-05
0.023201425
0.00011957844
3.1389267e-05
0.10493369
6.645918e-05
5.0913543e-05
0.00011668878
9.8379445e-05
0.11369715
0.00012847359
3.045754e-06
0.05875512
3.0465424e-05
9.208918e-06
0.07252785
3.2678246e-05
1.03722705e-05
0.12623888
4.8149202e-05
1.9565225e-05
0.045612074
6.641447e-05
6.016344e-05
0.06169132
1.38971955e-05
2.7447924e-05
0.020466588
0.00015323618
6.855134e-05
3.3493154e-05
0.047396682
9.0565445e-05
0.00013206154
0.095000856
0.011672207
4.9123744e-05
0.042587914
2.701901e-05
0.00011790544
0.25660977
7.173419e-05
5.4496282e-05
6.306538e-05
0.061835427
0.06508439
6.785989e-05
0.0005860552
2.5823869e-05
0.09839307
8.830428e-05
0.00013250113
0.1831268
4.9209746e-05
6.0673163e-05
0.017443642
7.287831e-06
0.013246208
3.464846e-05
2.0489097e-05
0.01679365
0.033431888
4.2962031e-07
9.2983246e-05
1.3626908e-05
0.19139376
0.00011448597
6.759167e-05
7.756054e-06
0.067897685
4.2591244e-05
1.8335879e-05
0.028782
0.02263735
6.116886e-05
0.016669638
1.15523e-05
0.0016629132
3.722025e-05
1.577288e-05
1.719594e-05
0.075128965
0.00011772926
3.1082178e-05
1.1228383e-05
0.03596441
4.2543248e-05
0.005128386
5.1650393e-05
2.6320395e-06
0.01594672
0.031170465
8.944749e-06
0.032611642
1.917407e-05
2.9193237e-05
0.00530893
0.03839246
1.9244835e-05
0.011254565
3.58689e-05
2.5006011e-05
0.019516543
0.037631586
6.695511e-05
0.017947605
3.2666453e-06
0.06919128
0.00013726449
7.787382e-05
0.21053192
2.044611e-05
4.74329e-05
0.00010291487
1.6556072e-05
0.004101819
9.961397e-05
4.3183565e-05
0.060097728
5.6758523e-05
3.4138677e-05
0.22112957
1.2051438e-05
9.892136e-05
6.500597e-05
0.102237314
1.1996453e-05
0.015993958
2.0534051e-05
0.03865414
2.0614825e-06
0.014765941
1.1946686e-05
0.015290943
3.680025e-05
0.02929052
5.3661002e-05
6.100908e-05
0.012754157
0.012192954
2.200206e-06
1.874019e-05
0.050717544
0.062032226
8.194169e-06
0.009847891
8.943403e-06
0.001728899
1.7161037e-06
2.79136e-05
0.059470333
0.008254774
1.217456e-05
0.0045732707
4.8424117e-05
2.6512891e-05
6.0647377e-05
0.16971357
4.7633686e-05
7.6539814e-05
6.83493e-05
0.24456497
0.00010577473
9.8762685e-05
4.4598593e-05
0.13560116
4.1464627e-06
3.989972e-05
0.1360685
3.119433e-05
1.0225913e-05
0.19806735
4.0741143e-05
1.6501423e-05
1.2246545e-05
0.13631871
2.794338e-05
3.120303e-05
0.063414276
0.00010641536
4.6165223e-06
0.14216216
8.309554e-05
0.00012580305
0.015764762
4.2881664e-05
4.2592865e-06
0.25231043
4.588087e-05
6.562838e-05
6.560935e-05
0.05529204
0.00015029043
7.79666e-05
0.11712076
2.3031607e-05
5.450097e-06
0.18128997
0.0002318084
9.695068e-06
0.040762343
0.020138957
4.263594e-05
0.012258394
6.56544e-05
5.1669776e-05
1.7036318e-05
0.1497888
5.9075643e-05
3.6761165e-05
1.0209627e-05
0.08786026
7.641419e-07
6.422645e-05
1.8106293e-05
0.101305634
8.598604e-06
8.023903e-05
0.12182811
2.7621165e-05
4.3794513e-05
0.07629743
4.3437118e-05
3.712438e-05
0.004343765
0.019079251
7.367943e-05
2.9196963e-06
0.007898387
0.06237645
5.4847507e-05
9.534322e-05
3.3394288e-05
0.059417814
0.000110369874
9.209663e-05
0.14074673
1.1630356e-05
1.9577774e-05
0.03208844
4.377862e-05
2.4247915e-05
0.13256334
5.3592623e-07
1.1131167e-05
0.07923555
0.00013862667
3.1362757e-05
9.4637035e-06
0.2535997
8.931622e-05
0.015299266
4.017522e-05
0.04585136
9.313791e-05
6.541982e-05
0.18859105
6.2557054e-05
4.811253e-05
0.073487885
6.519258e-06
7.016584e-05
0.11746805
1.4767051e-05
4.725009e-05
5.703792e-05
8.211915e-06
0.0138107855
8.449411e-05
9.199232e-05
0.10542457
0.01323982
8.890119e-06
0.032075476
6.643469e-07
0.018427057
2.3437977e-05
9.5531344e-05
2.1338463e-05
0.010371165
5.7296245e-05
9.165704e-05
6.8265945e-07
0.15142053
3.610016e-05
3.156811e-05
6.771088e-05
0.18454246
1.6748905e-05
7.528812e-05
8.2481536e-05
0.019551449
7.232773e-05
1.137513e-05
0.08244456
0.02917788
6.240518e-08
0.007826772
1.2058523e-05
0.022604138
9.602696e-06
0.000117652
6.555428e-05
0.119625896
5.6483674e-05
1.7651357e-05
0.12656088
6.92755e-05
1.381567e-05
0.043971386
2.538036e-05
5.7436817e-05
6.8889e-05
0.032285195
4.5486056e-05
6.087497e-05
0.098318756
1.4821067e-05
0.051605135
0.065729454
3.4563382e-06
4.9643422e-05
0.01396483
0.02626435
6.466702e-05
0.031771332
1.4840625e-06
0.019933634
1.41734145e-05
2.4776906e-05
1.6242266e-05
0.0339541
0.00013615866
3.663823e-05
5.480647e-05
0.021480104
1.4940479e-06
9.600888e-05
2.1178013e-05
0.02969606
5.7241356e-05
0.02407223
4.966557e-05
4.6733767e-05
0.2463722
9.208918e-06
1.2374403e-05
6.838143e-05
2.3439527e-05
0.00920457
5.566862e-05
3.498746e-06
0.024053603
1.1625845e-05
1.0687789e-05
0.122484215
3.4149923e-06
7.1659684e-05
1.9236715e-05
0.01596203
9.149755e-05
9.343773e-05
0.06332086
6.7166984e-05
1.2496184e-05
0.07344786
0.00010241568
8.329749e-05
1.057143e-05
0.22344293
6.271619e-05
2.565328e-05
0.00030875974
0.18299176
0.00040714382
0.00046242774
0.00031683664
0.008913994
2.8758968e-06
0.0002287589
0.003979171
0.04214767
0.00020507735
0.0002041962
0.04082077
0.038748465
4.0450803e-05
3.4570694e-05
0.0003351256
0.0006155408
0.00025318886
0.0004119277
2.9606152e-05
0.1956681
0.0004316916
0.018732095
8.585858e-05
8.34465e-05
3.4530487e-05
0.023521563
0.00010762808
0.00015430152
5.6818128e-05
0.023625338
1.695193e-05
0.003280262
5.2943768e-05
0.00039991736
0.00015500613
0.11127302
5.380651e-06
0.020486118
3.0336654e-05
0.0002573207
0.00032337435
0.06382846
0.00033967855
0.00021469966
0.00028467894
0.18959798
4.5947658e-05
6.813556e-05
0.030959059
0.016821083
6.1332044e-05
0.00010719709
0.020335006
0.048809443
0.00025593746
0.00010961294
0.028022435
0.029091679
0.00012523658
0.00017154403
0.03840345
0.043023184
0.00025899158
0.0002319403
0.022787781
0.026539044
0.00021456662
9.578001e-05
0.028721942
0.050954238
0.00011578393
0.00013591163
0.021772822
0.005387955
9.470865e-05
0.00014737248
0.06328566
4.805252e-05
4.722178e-05
0.07819593
0.00018075237
0.05514227
5.2435513e-05
0.00022630394
5.8613718e-05
0.20215121
0.0001612833
0.033318155
5.1928e-06
4.6417117e-05
1.3370067e-05
0.11775455
0.00026572004
0.0026381505
8.6893175e-05
2.5475398e-05
1.2028069e-05
0.10831408
1.3835828e-05
0.00018521771
0.00011320713
0.048217498
0.00027030072
0.000111326575
0.04433114
0.034490608
7.276889e-05
2.287142e-05
5.717556e-05
0.0958228
0.00020539873
1.6568229e-05
0.07921013
7.0471535e-05
0.0143601475
0.03150115
2.1754673e-05
0.00015772507
0.024061767
0.012827929
0.00014898955
0.00011631139
0.0016482476
7.50646e-05
0.000109989196
0.029560285
0.00021598372
0.000106312335
0.00018779398
0.078568794
6.0365666e-05
1.3364479e-05
0.0762301
0.000108003616
7.433444e-05
0.049432803
5.4664608e-05
5.4761767e-05
0.031247422
0.033817656
3.656259e-05
0.05216883
4.722087e-05
0.0001382127
0.022086676
0.013771788
6.698977e-05
0.00010201894
0.048367415
0.047234654
0.000104779174
8.741021e-05
3.6844867e-05
0.07950619
0.00010216641
0.036117513
1.1403114e-05
0.04494253
7.417986e-05
0.020604547
9.09775e-05
3.09404e-05
4.0747225e-05
0.17192008
2.4490757e-05
0.00023775175
9.394801e-05
0.17736697
6.4468986e-05
0.009700212
8.756939e-05
0.00012233853
1.676617e-05
0.044919673
0.0001350999
0.05077245
5.0657436e-05
8.3187595e-05
0.024693195
0.043492094
8.6003914e-05
2.4609268e-05
9.126961e-05
0.006025445
0.00012563035
0.00011213869
0.038545385
0.00010409951
0.033696253
0.035322376
0.00021487047
1.09495595e-05
2.8271228e-05
0.016077608
4.4161607e-05
0.00014250726
0.027590528
9.832531e-05
8.016825e-05
0.049212832
5.7239595e-05
0.00010367483
0.008716884
8.2893705e-05
0.04675911
0.022870176
0.000108790526
0.043605372
1.6739683e-05
0.000114649534
0.04930772
0.041208245
8.110466e-05
0.00021459535
0.10079425
0.00011270866
0.00012923684
0.037117984
0.00024949323
0.054043468
2.4768535e-05
2.4137087e-05
2.2388995e-05
0.17445716
0.00012539749
0.032695
4.9365684e-05
0.048989385
9.1717135e-05
1.1890661e-05
0.00033538666
0.12653673
0.00016843219
9.396672e-05
0.012553777
0.028807547
1.7681494e-05
0.00018735789
0.037380956
0.003919974
0.00010829898
7.599965e-05
0.026545772
6.7356974e-05
1.543574e-05
0.0034523665
7.3141423e-06
0.00026877224
0.057340484
9.389594e-05
0.00017363922
0.007759476
9.929572e-05
0.00044205785
0.00020528669
0.15670441
2.0652558e-05
0.027619574
5.5811404e-05
0.04064264
6.797866e-05
0.0004260242
0.00015926102
0.074483536
0.0002067874
4.0913e-05
4.3034554e-05
0.0269565
3.0446006e-05
0.051924866
6.234282e-05
0.016760465
1.5658854e-05
0.00010444969
0.011657959
0.0469703
7.9719626e-05
4.4269953e-05
0.015726099
0.007834716
0.00017936653
7.221475e-05
0.04818948
0.042378373
6.0494483e-05
1.7877788e-05
0.0050962996
0.033441287
3.292784e-05
0.00013560802
0.011237366
0.038676616
2.9542403e-05
0.00010095909
0.045667775
0.0010912414
8.3679515e-06
0.0001196377
0.060905483
6.4469874e-05
0.00016763713
0.059172753
0.00022849406
0.05066842
7.5329226e-05
3.8536265e-05
5.5015087e-05
0.040119063
0.00012041793
0.00025557727
0.028221034
0.027169254
0.0001147014
6.400398e-06
0.03429843
0.032929637
5.61052e-05
0.00020343065
0.07618964
0.00012296438
8.6010026e-05
0.09325759
0.0001426498
0.00015795976
0.014654333
0.00010929257
6.598979e-05
0.06085854
0.0001607424
0.000118494034
2.0611742e-05
0.028590888
8.664014e-05
0.014056369
8.499269e-05
9.262469e-06
0.0549917
6.104261e-05
8.234382e-05
0.033931136
4.5971865e-05
2.537854e-05
0.0034724444
0.017700564
3.0331819e-06
6.4793974e-05
4.3034554e-05
0.15817328
0.00010896237
0.0326698
0.00012941801
5.7915226e-05
0.031526532
0.0061626015
1.1856558e-05
6.258827e-05
0.023017664
0.046503454
4.72209e-05
0.00014127418
0.031590458
0.019945757
6.402128e-05
9.361282e-05
0.0038918701
7.009506e-05
5.7626516e-05
0.08590386
5.5323104e-05
0.00018519908
2.6718815e-05
0.1361789
0.00012598943
0.011284565
0.00014775427
8.266047e-05
6.200445e-05
0.06960976
5.2125753e-05
0.00019838288
0.0003060583
0.17388776
0.00030143856
0.032021023
0.000117899064
0.00019741058
5.0574537e-05
0.0892596
0.000237067
5.2412972e-05
3.424287e-05
0.04658681
0.00011939283
1.2940727e-05
3.029406e-05
0.17722388
0.00012264236
0.047465988
6.956348e-05
5.8081e-05
7.670373e-06
0.15809159
1.9235815e-05
0.011299443
8.274673e-05
0.015452302
2.1125534e-06
4.4021755e-05
3.309467e-05
0.16577148
0.00016423478
0.00017251074
4.5373734e-05
0.10742788
5.8277066e-05
7.196516e-05
0.011963025
0.03066838
0.00014852628
5.140528e-05
0.004879648
0.011374247
0.00023290803
6.1865896e-05
0.032822292
0.045534186
2.0026697e-05
9.714067e-05
0.00011494756
0.060804244
5.7617945e-05
2.9035844e-05
0.08174741
6.991997e-05
0.002476871
0.0068717487
9.825417e-06
2.906009e-05
0.04385989
0.047214292
5.6239674e-05
8.651242e-05
0.01542035
0.00010944903
2.6456546e-06
0.014449786
4.8264534e-05
2.0952895e-05
0.048826434
0.034703087
6.695964e-05
0.00010186434
2.9459596e-05
0.08804209
0.00015400838
0.0002700761
0.033276483
9.893626e-05
0.003964802
3.5572797e-05
3.5185367e-05
0.10105236
4.7566675e-05
0.038545217
2.5003043e-05
3.4185126e-05
0.08861954
7.382035e-05
6.4343214e-05
0.021969818
4.427552e-05
0.00016470999
0.00014163367
0.15322581
5.48987e-05
0.048349276
5.5218214e-05
0.03217647
4.3225475e-05
7.297099e-05
9.544853e-06
0.068131454
0.0001635885
0.00014167279
6.6330525e-05
0.08220408
0.00012900558
5.9049577e-05
0.00018888139
0.117748894
0.00033522368
0.020098995
3.1118954e-05
5.484745e-05
4.7708596e-05
0.09029451
0.00010671494
7.517636e-06
3.3721328e-05
0.029503442
0.00014075602
0.041811194
1.1956319e-05
2.0457432e-05
0.0002222064
0.19272083
1.9530333e-05
0.011977385
0.0001035608
0.00029322505
0.00011610452
0.15351233
0.00042423906
0.051167905
1.7703886e-05
9.523332e-05
5.1770097e-05
0.06626198
7.1173505e-05
6.090477e-05
1.5715847e-05
0.11272029
1.0557119e-05
0.054905362
1.8910616e-05
0.037559826
9.582449e-06
7.162243e-05
5.8546662e-05
0.07520266
0.00014544935
2.487359e-07
5.562003e-05
0.11413679
2.2712431e-05
0.009459775
2.6018979e-05
0.00011687726
2.2986345e-05
0.09526131
8.7527136e-05
0.00019537285
7.500113e-05
0.039483707
0.0004270933
0.00014024746
0.040701304
0.049439996
8.3294006e-05
0.00012581423
0.0070887306
0.023241144
5.69088e-05
0.00014751032
0.0150183225
0.022454463
0.0001254282
0.00025238842
0.007529808
0.04387997
0.0002442871
0.00012291595
0.049351677
0.007669284
6.281973e-05
7.73184e-05
0.019349093
0.04443081
2.3690065e-05
2.838485e-05
0.0085672885
0.025330264
2.7547665e-06
5.6743156e-06
0.042417854
0.034100626
3.55104e-05
4.9269293e-06
0.015592244
0.049928546
9.398721e-05
0.00024805218
0.01155655
0.025357738
1.8715149e-05
9.3758106e-05
7.3723495e-05
0.021588467
0.00019013556
0.00018770993
0.101456456
7.849559e-05
0.06558677
5.6210905e-05
2.2705644e-05
0.09439158
6.15037e-05
0.00020509765
0.04016397
0.00020428747
0.00011524302
0.076657064
0.00027529558
1.3307501e-05
0.084053494
0.0003068149
0.00031621172
0.0760674
0.00038578527
0.00021350756
0.028247628
0.01803325
0.00017982084
5.3592026e-05
0.017667424
9.037554e-05
3.3974622e-05
0.09787893
9.486014e-05
0.040368807
7.2035575e-05
1.1505559e-05
3.2584649e-06
0.017797062
6.899976e-05
6.876886e-05
0.03984332
0.00011609495
1.4766456e-05
0.18166937
0.0002054832
0.0008440363
0.00014481018
4.0326267e-05
4.1255887e-05
0.012569346
6.7300374e-05
0.00015362352
0.027939769
0.0033978184
0.00016424624
0.007984462
8.0387836e-05
0.00019317865
9.76515e-05
0.06833757
0.00020709378
2.3711473e-05
0.044981226
0.00906762
7.487583e-05
0.00012070354
0.023491928
0.0344386
2.0232517e-05
5.6441873e-05
4.1518866e-05
0.037263922
5.727566e-05
0.051390994
1.9775298e-05
0.050250914
6.7086825e-05
0.000116295414
0.027016746
0.01589425
0.000100869685
5.1766634e-05
0.0011522563
0.0040307078
4.4602042e-05
0.022530574
4.428782e-05
0.00017192215
5.9511513e-06
0.12036132
0.00015200801
0.046961475
1.0211719e-05
0.00016027689
2.8348832e-05
0.034146514
0.00024730022
0.0021899554
8.207053e-05
6.4224005e-06
3.536523e-05
0.04385967
5.6091107e-05
0.0065743243
5.8899386e-05
0.00013939291
3.7590255e-06
0.060340174
7.040009e-05
7.217191e-05
0.06111285
4.8655085e-05
0.040948264
5.6339428e-05
0.00017165398
0.028407762
9.128993e-05
5.0654635e-05
0.024158703
0.040152296
4.1096784e-05
7.6152384e-05
0.028746752
0.048336986
6.727076e-05
0.052015536
4.992106e-05
0.019378018
0.00017308816
0.003986897
2.2118114e-05
0.02837834
8.514008e-06
0.03748688
6.9354182e-06
4.1704625e-05
2.0972793e-06
0.06790845
3.0993902e-05
2.461113e-05
4.9233437e-05
0.05707639
0.00019548529
0.025681717
9.244056e-05
0.020253751
2.2596276e-05
0.00017936528
0.00033296575
0.10769671
0.0001674376
0.029699251
4.2240887e-07
2.0650215e-05
0.0048595862
0.018972743
6.807429e-05
5.703047e-05
0.01622359
0.033209797
4.690182e-05
0.00014583766
0.022272797
2.4398789e-05
6.692233e-05
0.05209
0.00022264049
6.0999766e-05
0.023479927
0.038570672
1.0641352e-06
6.2815845e-05
0.035359576
5.8772042e-05
2.5153407e-05
0.026469247
0.00025063258
4.86169e-05
0.014860891
2.2161752e-05
5.8739755e-05
0.078589484
0.00015755865
0.000115670264
0.026487123
0.04151027
0.00012626036
0.00012917072
0.050982483
0.00011509657
6.5355795e-05
0.005157369
0.00023170293
9.369105e-06
0.005357624
0.045766916
9.663676e-05
1.0339078e-05
0.00023075452
0.08340188
2.1497512e-05
0.0010469018
3.920048e-05
5.563628e-05
0.025579434
0.00028116873
0.0001902607
3.5366975e-05
0.018374374
0.027108844
9.120212e-05
0.00013044104
0.080404416
7.956475e-05
4.195377e-06
0.071895376
4.763518e-05
5.843785e-05
0.024483556
0.00012852997
1.02017075e-05
0.05286826
0.00010727126
0.042944144
4.077879e-05
0.000127092
8.243528e-06
0.029151969
0.00025551158
0.00011890009
0.024103066
4.639849e-06
5.3276504e-05
0.09895763
0.00015395359
0.00013724715
0.07842558
5.2412972e-05
5.2487478e-05
0.07193269
0.0002545425
2.0088715e-05
0.01267007
0.012599219
0.00012386241
5.1239505e-05
0.01623746
0.02508013
0.00014532602
0.010320645
7.631257e-05
8.653104e-05
8.069443e-05
0.0369714
1.0013771e-05
1.8513761e-05
0.096002266
1.4458783e-05
7.6035503e-06
0.027171066
7.991863e-05
0.00026967376
0.09175336
0.00014075637
0.07432707
5.072914e-06
6.491957e-06
0.074864514
9.935902e-06
0.043743197
6.144756e-05
0.041584097
0.00010912938
0.01909287
5.4297692e-05
5.298162e-05
0.048871174
0.016751194
3.890255e-05
2.2337772e-05
0.006319904
0.032863535
0.00010745903
7.25884e-05
0.0057560205
0.007384982
4.7223148e-05
0.00011738017
0.08672666
0.00016809255
1.4131242e-05
0.062371776
0.00023555166
0.022594662
3.6972533e-06
0.006845538
6.8787165e-05
0.042004555
4.0508996e-07
9.025261e-05
0.067118
5.1230192e-05
6.182679e-05
0.075016305
0.00013744646
1.26543455e-05
0.04325868
0.00826725
6.2946754e-05
4.434027e-06
0.03804074
5.0168484e-05
0.000101980826
0.06901477
9.655271e-05
8.3010644e-05
5.661608e-05
0.18758403
8.473836e-05
8.53613e-05
1.2651086e-05
0.034763392
0.0002707673
0.041623954
0.00015250966
0.046125602
0.00012506466
2.1045562e-05
0.039558504
0.020431377
3.414079e-05
3.0337833e-05
0.02224876
0.019034063
7.1665345e-05
3.2780692e-05
0.0375323
0.04190087
1.4885354e-05
4.3196604e-05
0.0002156049
0.049659796
0.00027575204
2.8527342e-05
0.08148931
0.00020614488
0.037819725
0.00014083087
7.344782e-05
0.100434124
0.00025082997
3.4801662e-05
0.03301305
0.0012717398
5.603605e-05
0.00015784055
0.095681705
7.6808035e-05
1.4992613e-05
0.10135046
0.00010925019
6.272085e-05
0.017124474
0.029850692
5.6471927e-05
6.51069e-05
0.021060247
0.028559636
1.1286403e-05
