0.27845457
0.5180447
0.56108403
0.9504391
0.11169224
0.36066523
0.89959806
0.96542466
0.92097664
0.5693912
0.39219534
0.021636
0.44639778
0.06847236
0.5055995
0.8200011
0.014313322
0.9920947
0.50493187
0.4298967
0.4256942
0.9104472
0.23537467
0.9041018
0.0009490566
0.72997624
0.6641817
0.74011695
0.58171904
0.18917069
0.89480054
0.57509094
0.26072884
0.63315916
0.19633892
0.8995294
0.87037206
0.022420812
0.32939157
0.63967985
0.3197872
0.3833294
0.3962578
0.5219428
0.6763131
0.2517588
0.87164634
0.7812589
0.45818728
0.63899326
0.70552844
0.64743346
0.40718982
0.5490734
0.2501569
0.564592
0.7301992
0.56029916
0.08348317
0.090555236
0.43201044
0.58144337
0.5364279
0.23257895
0.64773154
0.72005355
0.8875611
0.7219905
0.42754126
0.2639728
0.58111125
0.7025781
0.6641353
0.8154223
0.026196457
0.57888305
0.24644814
0.6946272
0.5552158
0.93341297
0.94586766
0.644902
0.44524202
0.2968904
0.4712452
0.9356661
0.2716086
0.9032265
0.42940062
0.038478248
0.18001606
0.075987734
0.47562718
0.87874717
0.7089949
0.8552202
0.12093377
0.065501444
0.32932594
0.9662993
0.27809677
0.6111434
0.1062586
0.87433594
0.14305574
0.66894114
0.26830122
0.665962
0.118615985
0.46023628
0.41395468
0.3322273
0.15562204
0.70541364
0.87439805
0.8954277
0.71749187
0.6798005
0.7540652
0.5406176
0.01670817
0.9999378
0.54156244
0.23868299
0.7224705
0.6456033
0.4834667
0.79845256
0.6650031
0.0006683687
0.5188918
0.8463059
0.7443142
0.9004798
0.8987742
0.4655859
0.46130732
0.42724946
0.12625343
0.26178563
0.05550136
0.6165771
0.8810439
0.6524549
0.69079965
0.34880948
0.0137412725
0.75670564
0.23194973
0.37700418
0.8321677
0.17825475
0.38032413
0.99597335
0.78323525
0.31040534
0.6303319
0.10371439
0.3786241
0.061964754
0.9722874
0.17680643
0.9554979
0.24742553
0.6562149
0.2355949
0.33833376
0.12396729
0.75034994
0.64864504
0.77489275
0.21783464
0.6228836
0.02868395
0.6814468
0.058393545
0.9064017
0.57536477
0.29485366
0.011424093
0.435303
0.70208263
0.8885756
0.1302036
0.2446062
0.83261144
0.54299486
0.29080087
0.84871364
0.6926022
0.17418635
0.26300547
0.40773395
0.3673
0.46098524
0.27305278
0.06998806
0.48478675
0.6918446
0.5602563
0.46418184
0.07321203
0.17003006
0.97769797
0.64993334
0.55206996
0.42153183
0.2050984
0.3015796
0.020196164
0.5710123
0.117361106
0.015531809
0.9934561
0.46617964
0.16202119
0.5031416
0.40525684
0.98469555
0.94687057
0.2549377
0.315848
0.9750776
0.17754847
0.62095326
0.52263093
0.57262796
0.26841155
0.7557627
0.07923392
0.65473235
0.6662903
0.3294555
0.6424801
0.86841565
0.48485544
0.53264976
0.056418907
0.25332808
0.20528266
0.8578668
0.54511464
0.25096586
0.7792522
0.9917768
0.80454034
0.11737946
0.2783539
0.23493975
0.267961
0.55800164
0.19422449
0.739975
0.2818252
0.90950257
0.071700945
0.84164023
0.016646912
0.2644416
0.7369757
0.21602827
0.44986403
0.8527596
0.3197115
0.7325451
0.6187574
0.95096046
0.07444235
0.0450069
0.8824886
0.79586124
0.6031388
0.34896234
0.7801265
0.91451454
0.08592655
0.2756511
0.76003873
0.68000364
0.3401936
0.3977647
0.8120442
0.36761275
0.25854912
0.8321111
0.8982337
0.8048913
0.15880112
0.11974068
0.88474107
0.73269236
0.17973858
0.9957664
0.90957016
0.3600064
0.7050715
0.65651274
0.49432504
0.11505865
0.5574437
0.5691755
0.9475777
0.50850505
0.42868719
0.59111303
0.64047104
0.6452571
0.7572138
0.3235219
0.5449745
0.72266304
0.03076126
0.2508437
0.27958968
0.86929595
0.7059974
0.21970065
0.33344415
0.9946418
0.35859057
0.024425698
0.9447797
0.972333
0.47796786
0.73413485
0.19371368
0.08142079
0.93503433
0.26430413
0.5036271
0.98330754
0.007871916
0.041411646
0.6154808
0.41187117
0.017784223
0.0155799845
0.20145354
0.44679815
0.988527
0.06510005
0.97515285
0.44878247
0.47555256
0.6831036
0.7419068
0.5812411
0.8592217
0.958313
0.7873337
0.6950379
0.06808283
0.121941425
0.12771429
0.3068523
0.039847787
0.31067201
0.06035564
0.69257504
0.9188138
0.16487014
0.24381196
0.8323374
0.39110073
0.17328545
0.92817
0.8899545
0.3142478
0.981057
0.97593933
0.6163761
0.21718095
0.13667111
0.14675917
0.49673223
0.4937182
0.063215755
0.23348126
0.12066659
0.89598656
0.5427289
0.85606897
0.04965721
0.75686604
0.8470232
0.769038
0.8407603
0.9417609
0.26237598
0.31495973
0.5440608
0.3817819
0.91305906
0.11401283
0.24465537
0.0036794737
0.6870394
0.19057623
0.991985
0.5092232
0.27249664
0.22368467
0.01196584
0.9565213
0.2547939
0.80098224
0.84816253
0.8776048
0.9228131
0.58656484
0.583173
0.09249144
0.28957087
0.14873011
0.20473924
0.13383003
0.09512366
0.91822296
0.17188539
0.16914864
0.09750012
0.115736775
0.2921898
0.7346681
0.75609744
0.9948668
0.8306946
0.07008592
0.9499259
0.025806734
0.13011017
0.89600533
0.12078934
0.6418755
0.6560964
0.71928275
0.0074215443
0.5472025
0.7866672
0.23991597
0.5352374
0.31909236
0.36605117
0.6622963
0.5406019
0.20044063
0.9788158
0.84467494
0.26621526
0.040162794
0.723537
0.48421615
0.36130682
0.368313
0.6654472
0.85085267
0.698963
0.6009265
0.49777177
0.2501376
0.13828339
0.13764496
0.74316704
0.42606026
0.2738616
0.8984145
0.047016334
0.29254892
0.032322586
0.9804659
0.30227017
0.49747616
0.8611422
0.33512893
0.99277526
0.4906528
0.87286425
0.32893983
0.41718727
0.7791414
0.32439154
0.48038113
0.59158015
0.6480855
0.200132
0.49626848
0.17571902
0.061913203
0.4836404
0.6431944
0.9218846
0.9539925
0.78105575
0.056938704
0.5898613
0.6383058
0.5223324
0.92399275
0.031277847
0.024909472
0.68813103
0.546747
0.37031332
0.9332452
0.91629153
0.26361975
0.8162926
0.019908143
0.8360407
0.9935172
0.8257305
0.7285142
0.19335088
0.16328894
0.27356836
0.10282615
0.10220115
0.40179038
0.4422234
0.7282832
0.637955
0.76739717
0.2703703
0.851272
0.045010317
0.6902444
0.9560758
0.24575703
0.73383594
0.8966313
0.037688173
0.5779987
0.7334158
0.84807646
0.10680182
0.021110727
0.36062467
0.9206343
0.67376834
0.5218386
0.6017871
0.014897698
0.5724373
0.19640231
0.954258
0.8619329
0.7471228
0.20005886
0.14797813
0.9169155
0.50202835
0.26149848
0.26064342
0.4571891
0.24797872
0.9324218
0.28422204
0.669603
0.2909923
0.46163797
0.15005893
0.85236096
0.4744127
0.5786594
0.8294125
0.85169655
0.9367663
0.032140877
0.4844057
0.62148196
0.089115955
0.5487134
0.3628082
0.32730722
0.83083636
0.022037772
0.2113579
0.48711887
0.72321784
0.7620214
0.21006717
0.7104908
0.53576165
0.54523295
0.08956998
0.57645744
0.20736776
0.28829724
0.8603239
0.6651861
0.8479189
0.61413175
0.08078
0.708675
0.9201386
0.3135676
0.6902172
0.31829083
0.4194016
0.18164971
0.30064866
0.9739293
0.50039
0.3626957
0.59563196
0.39776057
0.9925616
0.9215536
0.4170048
0.36628368
0.28502756
0.7614969
0.63817936
0.3410644
0.6809317
0.7465675
0.8647751
0.09848842
0.34532678
0.5982906
0.18338162
0.5511797
0.62801737
0.51848596
0.75357604
0.19535524
0.078627735
0.8598575
0.7973898
0.24634461
0.687433
0.42750373
0.4206463
0.7997331
0.21688788
0.8142836
0.24402179
0.4415821
0.6777085
0.69025004
0.19101779
0.16000803
0.2843746
0.063812956
0.24662916
0.03363484
0.45039475
0.83801854
0.63738173
0.107411504
0.18262662
0.7604088
0.22143836
0.20247221
0.29503128
0.65393615
0.41094178
0.718613
0.039283864
0.7404337
0.078904726
0.7409281
0.19927727
0.06993155
0.44903773
0.61305296
0.2941584
0.7971978
0.08290874
0.75492036
0.3643037
0.66337305
0.39559227
0.6676614
0.38080412
0.93924147
0.24922575
0.99843526
0.96116984
0.7422049
0.3477131
0.61858684
0.028060192
0.56173915
0.5263826
0.4874675
0.73441315
0.7945954
0.10286273
0.30592883
0.41134003
0.62849754
0.62682074
0.7678274
0.15010327
0.55072963
0.9114629
0.20586707
0.47633174
0.30928352
0.45339316
0.60457975
0.21024919
0.83678484
0.0482125
0.011411298
0.13036977
0.32405436
0.6332528
0.7228282
0.19183964
0.66254365
0.29460642
0.15680027
0.5408749
0.5737437
0.78021306
0.48376745
0.6237483
0.33446208
0.3980818
0.56356823
0.9370124
0.4982794
0.9370526
0.4131465
0.8838443
0.6851281
0.73260045
0.8929404
0.7623399
0.18956868
0.8819196
0.066648215
0.10079751
0.79789275
0.28475177
0.89965355
0.7334215
0.39076313
0.14133191
0.6033313
0.40666425
0.021735629
0.9374416
0.13307044
0.37772295
0.51330817
0.046372905
0.63234377
0.275864
0.31408224
0.44086075
0.48469564
0.11043613
0.13277887
0.9042027
0.25638402
0.830685
0.3184287
0.14501488
0.46188518
0.25148135
0.75595593
0.2467218
0.8599588
0.9715219
0.4857791
0.71772456
0.22992599
0.69780827
0.15791528
0.44450393
0.9864023
0.38341206
0.26588959
0.78910804
0.082154065
0.543572
0.65004313
0.758521
0.10016935
0.8572888
0.24346353
0.6412551
0.041111574
0.35661313
0.79299223
0.61146784
0.30840012
0.019587815
0.36445588
0.38824916
0.49870074
0.842077
0.7810499
0.43189123
0.21688493
0.7153778
0.15047139
0.39571235
0.410728
0.12717259
0.55408347
0.77818346
0.73678404
0.7677048
0.2040151
0.04090634
0.5508859
0.37255335
0.5409453
0.47441173
0.3588313
0.3338715
0.9360724
0.31624678
0.034249634
0.9629329
0.16635956
0.82851046
0.3317436
0.22445421
0.06546479
0.44216573
0.5553335
0.29438415
0.33685803
0.040436797
0.89561695
0.583801
0.8804756
0.9535634
0.9576597
0.031208366
0.77196515
0.93195695
0.19775303
0.61459565
0.73158014
0.79993033
0.012133477
0.24230152
0.26543713
0.30710602
0.4950705
0.08218936
0.9536759
0.24397114
0.7608758
0.6797188
0.56363654
0.08708892
0.27281347
0.14442563
0.2556283
0.5916959
0.4959409
0.07213508
0.7116921
0.23474443
0.02606867
0.99687046
0.36948302
0.7313436
0.26578456
0.8255224
0.64251244
0.903342
0.65281695
0.6633137
0.94496137
0.35083458
0.19792973
0.28118896
0.055282965
0.68817955
0.7534707
0.30656716
0.15910758
0.42794982
0.99515635
0.9811905
0.96125
0.6044617
0.8778063
0.43459117
0.061829705
0.18470342
0.5233903
0.5119143
0.19074719
0.04550964
0.69964415
0.42262018
0.9567986
0.7865215
0.47549334
0.7405134
0.75207406
0.82698023
0.11902753
0.047419976
0.2381553
0.63248026
0.8608259
0.053360373
0.0149570545
0.41658592
0.14959268
0.7808677
0.02602346
0.47291443
0.8755729
0.813653
0.07796557
0.08187779
0.9815058
0.9268931
0.20381075
0.8126925
0.8829555
0.21919702
0.72162575
0.309509
0.21968816
0.3050832
0.5416025
0.37665093
0.26081106
0.14254104
0.021604726
0.16061053
0.5845546
0.006257158
0.2512887
0.81785357
0.3062844
0.7818146
0.5492157
0.840131
0.19282266
0.7770232
0.32741955
0.07745667
0.9880691
0.715469
0.9219639
0.9539125
0.9160519
0.012698495
0.9521016
0.037782487
0.55918574
0.2467809
0.5908181
0.61054575
0.43068716
0.7595139
0.0054824995
0.23411313
0.17363757
0.7125351
0.7324727
0.26148963
0.77116466
0.4884335
0.65780264
0.21897827
0.8219607
0.6655562
0.019857725
0.04657148
0.8926773
0.2662037
0.7284178
0.16657366
0.11099198
0.8336921
0.675406
0.18103816
0.9955069
0.8154318
0.08351314
0.14695656
0.6819619
0.9210388
0.96503127
0.5434195
0.52289057
0.24150616
0.8287046
0.4668004
0.803552
0.15425889
0.4552883
0.6813664
0.7650941
0.1918981
0.47988397
0.9296279
0.47002882
0.11615148
0.46987697
0.6708677
0.8362204
0.42946514
0.18392007
0.22091772
0.88153476
0.49810016
0.6940854
0.35717148
0.17891455
0.19246958
0.49312317
0.18098816
0.3314185
0.59122616
0.6258394
0.42773333
0.7195618
0.98977476
0.65479374
0.9337715
0.20033218
0.37785977
0.7855964
0.087297514
0.17568895
0.2270571
0.49462086
0.55951643
0.9748955
0.7522551
0.22841072
0.5816464
0.9282377
0.7743646
0.81900984
0.6676601
0.39324874
0.33352712
0.68926275
0.53128195
0.81891906
0.7256721
0.38605937
0.1262477
0.98183054
0.38639456
0.8897579
0.69077796
0.2538713
0.9502609
0.998995
0.9712082
0.8557664
0.471428
0.8677062
0.66502196
0.65366304
0.05166564
0.38833678
0.39722398
0.2831714
0.6194617
0.19468293
0.7910089
0.20800841
0.3671876
0.9148843
0.39662093
0.87770885
0.97766054
0.7953718
0.9794568
0.02019955
0.4109967
0.6327902
0.27625376
0.50737107
0.5938175
0.1885246
0.8831085
0.58908856
0.5812512
0.31899774
0.5653931
0.34512895
0.43106714
0.10007427
0.46990588
0.07158599
0.55397034
0.5594758
0.30242407
0.33156493
0.69089365
0.8770814
0.6645385
0.2934358
0.62121636
0.3573826
0.20604889
0.7827138
0.897938
0.9866195
0.4260859
0.8112852
0.9083105
0.95603484
0.8729497
0.014735068
0.92647606
0.82561564
0.56869906
0.85335726
0.6408038
0.6768891
0.47489437
0.438582
0.26152655
0.33300567
0.42508745
0.77206296
0.24670161
0.49112013
0.016188242
0.85750866
0.18745558
0.6697318
0.7373244
0.6999734
0.3527988
0.23759764
0.32320294
0.23530152
0.42278305
0.33252347
0.7847896
0.41906884
0.1413072
0.04180507
0.45543343
0.16323632
0.7822215
0.2629024
0.8925435
0.69865704
0.5558587
0.12585203
0.7580598
0.12892608
0.6332138
0.033870656
0.23424393
0.45786762
0.115166105
0.8199481
0.6879789
0.37520263
0.077983655
0.563953
0.24719049
0.28289804
0.47124255
0.36803713
0.2867011
0.552776
0.86172473
0.45125306
0.11721833
0.58058304
0.8822274
0.5009489
0.73670065
0.28120223
0.37051576
0.9245433
0.47165638
0.028694402
0.7468675
0.32381138
0.4204155
0.47817183
0.54766846
0.77375656
0.08315262
0.91219765
0.89433795
0.3577524
0.07725873
0.4021329
0.73692757
0.97187334
0.07397397
0.3712108
0.14597309
0.38440967
0.45149392
0.73635477
0.6575043
0.8979537
0.1873606
0.17910424
0.028302973
0.24100971
0.7449981
0.9112011
0.10538805
0.24757205
0.10946813
0.04345811
0.022549093
0.6165565
0.8733904
0.12110961
0.27157176
0.11497065
0.5941002
0.22342627
0.9723938
0.59384644
0.3286254
0.7056999
0.94007313
0.8557903
0.6812142
0.802427
0.4019803
0.94854075
0.026643625
0.25638768
0.9518095
0.70088655
0.50607127
0.69310683
0.72576314
0.34268516
0.36726227
0.9536224
0.4960434
0.55382705
0.4436168
0.86815196
0.04167393
0.9944996
0.61189395
0.8101063
0.110275745
0.9633339
0.21093275
0.8829223
0.81727874
0.535477
0.5923895
0.3867722
0.96780974
0.5741562
0.8193218
0.1660079
0.09397196
0.63409793
0.8239128
0.22722432
0.5980437
0.2957638
0.9892367
0.30817196
0.8279894
0.22779743
0.30023995
0.524095
0.53057384
0.8262467
0.5053357
0.3074537
0.014435908
0.524037
0.16346605
0.7086866
0.06567519
0.53342956
0.8521973
0.20764771
0.43418983
0.53370655
0.28821674
0.24635462
0.03038497
0.4796466
0.9330845
0.038840003
0.11602068
0.91625786
0.7296194
0.77801794
0.30146652
0.41565916
0.8430074
0.612289
0.98453456
0.2415269
0.58707815
0.22447582
0.82416236
0.45650494
0.92735153
0.005406646
0.5070261
0.27726382
0.9217308
0.32498074
0.4307371
0.8874336
0.7036506
0.38461894
0.5088111
0.38476828
0.71115476
0.43467784
0.6599244
0.8603039
0.37612668
0.61668473
0.13049665
0.466506
0.41104838
0.6716719
0.39893332
0.46543366
0.07414406
0.09661377
0.6453377
0.6116608
0.7374533
0.33288607
0.3388129
0.8064673
0.025320185
0.46330786
0.8935064
0.8049381
0.34199804
0.036289837
0.4091372
0.92455494
0.031053025
0.5298561
0.24001306
0.2910906
0.9322028
0.6457575
0.111361064
0.6143778
0.7447106
0.13676393
0.48088938
0.07562597
0.57670623
0.73361355
0.0023786335
0.19678693
0.45964977
0.56833136
0.365987
0.95997876
0.5918132
0.8368466
0.43144077
0.11735539
0.8853035
0.69885886
0.6290679
0.15386623
0.1687403
0.46867472
0.6218921
0.22585206
0.34741715
0.40469897
0.6877475
0.19656849
0.75803596
0.9655104
0.045837402
0.6596357
0.20513164
0.38580123
0.85935795
0.79882026
0.056556977
0.50118726
0.5401271
0.24996096
0.7391398
0.11881337
0.90529543
0.33737433
0.753933
0.07516394
0.009926104
0.8085854
0.3388591
0.10391351
0.3804221
0.20200577
0.994152
0.36814463
0.8621421
0.41896576
0.10752685
0.61421674
0.66752803
0.06439085
0.4330841
0.027220527
0.16826773
0.26162976
0.52946836
0.42861503
0.06460578
0.5847668
0.17368588
0.111662865
0.69891834
0.6211873
0.44293442
0.67756927
0.56865406
0.25701135
0.6809731
0.8402879
0.48132482
0.7818794
0.41699398
0.053006172
0.87752944
0.8987161
0.75972486
0.95730776
0.8885354
0.043779653
0.005315293
0.84492403
0.07797876
0.8259557
0.7583817
0.76204646
0.799913
0.7593383
0.14967835
0.071483105
0.94956404
0.0030230838
0.4714457
0.85144913
0.08330326
0.96099246
0.79795206
0.33712727
0.9505186
0.39082795
0.5147541
0.11566159
0.3987314
0.71655846
0.8467171
0.11617188
0.06226318
0.059024107
0.30409828
0.82491773
0.4434851
0.5464822
0.010081964
0.36869502
0.3357552
0.53073263
0.9255069
0.31347322
0.6365181
0.44414416
0.79960847
0.93118006
0.084927216
0.8399087
0.6081664
0.33043697
0.75605017
0.39590117
0.39849982
0.9565064
0.9461161
0.7455457
0.55027175
0.57126826
0.85181814
0.64045876
0.7525422
0.84310806
0.9583879
0.8568454
0.44656584
0.52007574
0.7941172
0.35389584
0.5628556
0.99852735
0.4288165
0.50695384
0.42665568
0.10558566
0.35042125
0.90836024
0.6216292
0.2703168
0.44490784
0.7680867
0.66800994
0.9924123
0.5804942
0.88700336
0.44016522
0.9938422
0.5486332
0.59963703
0.057449482
0.21561857
0.1992603
0.57902944
0.97625935
0.0474796
0.9616806
0.18815188
0.17935815
0.5326083
0.08099253
0.38256553
0.31903622
0.2368125
0.4996493
0.8124247
0.87085044
0.67740864
0.46574765
0.11808672
0.4940496
0.9410806
0.75301737
0.060738586
0.7779266
0.8688695
0.28209382
0.6188154
0.2682228
0.5880629
0.4715105
0.25138402
0.5512264
0.39579472
0.016183967
0.3437218
0.55028653
0.2902493
0.7347958
0.49563822
0.8011925
0.7716281
0.22022581
0.045463923
0.74837786
0.8854115
0.64218587
0.48548204
0.31907898
0.31964365
0.3068825
0.6086267
0.4044123
0.93889844
0.52243906
0.9401345
0.43371233
0.27043426
0.45568064
0.7444135
0.95013994
0.9277065
0.67064923
0.34268123
0.27672622
0.3908787
0.34148553
0.650018
0.123822145
0.80884457
0.8060266
0.37082636
0.9881785
0.22850442
0.60766125
0.8453753
0.14067823
0.49310997
0.26242062
0.87110966
0.117967114
0.17457768
0.9507902
0.90352654
0.25000173
0.22088161
0.776089
0.91376734
0.5500619
0.523687
0.4849837
0.85420114
0.54142076
0.12704746
0.78874093
0.0591762
0.45189238
0.4033597
0.37855613
0.38414112
0.6603081
0.69219935
0.78721064
0.051031765
0.12061005
0.15789898
0.1580711
0.4484926
0.27091515
0.8059078
0.6925186
0.48332167
0.32786304
0.5938438
0.08560895
0.5218398
0.91836655
0.4491789
0.68485606
0.7847792
0.1817449
0.82079196
0.9686114
0.80934554
0.51056135
0.71714973
0.9896878
0.56366843
0.5916037
0.36445755
0.8337598
0.9726369
0.26907408
0.1130676
0.3337578
0.8578509
0.45591623
0.58842194
0.53596735
0.8816771
0.9962496
0.024582135
0.9511297
0.62145394
0.31082553
0.62803257
0.24651636
0.56568897
0.118170284
0.68549085
0.73254395
0.07681804
0.39709955
0.45968476
0.26074827
0.6026448
0.14548016
0.033911183
0.042017084
0.96194845
0.5632321
0.42981735
0.868348
0.076189466
0.33181322
0.90359795
0.5924039
0.769628
0.037824143
0.49707797
0.6062547
0.7311773
0.40769
0.8806665
0.4518105
0.36580738
0.38167232
0.19034249
0.64167416
0.13255206
0.109922834
0.93414897
0.3741126
0.30152738
0.09394332
0.38584322
0.22844678
0.9204586
0.2921199
0.16195206
0.30818
0.15353392
0.65738755
0.8739088
0.9466445
0.8324899
0.73207915
0.21631463
0.1001128
0.65692776
0.39842424
0.9709697
0.22074924
0.75948614
0.19747177
0.67476726
0.8967704
0.021428522
0.055930234
0.39996365
0.59802437
0.29519308
0.83865273
0.58101094
0.7637474
0.91189504
0.83853084
0.18017499
0.81988007
0.19727579
0.44814175
0.9492747
0.5530347
0.53361446
0.7383273
0.047002647
0.6737657
0.64675057
0.36112696
0.74688387
0.74837965
0.614821
0.39378616
0.91585255
0.4590338
0.9796213
0.14394352
0.9779467
0.6220487
0.5977885
0.94657856
0.55145776
0.30711475
0.14058876
0.32092836
0.25235084
0.28344044
0.05743944
0.54016095
0.5460963
0.77617425
0.33329168
0.27070135
0.16336322
0.06820012
0.34771368
0.022277296
0.30167803
0.64136934
0.77777874
0.40377527
0.5877426
0.795131
0.7184918
0.61931396
0.12105947
0.14709422
0.77637017
0.45216393
0.91352385
0.5857427
0.9093877
0.62044847
0.39181876
0.47011533
0.5805056
0.038228247
0.6271031
0.54315555
0.84379846
0.32576835
0.86232674
0.39812672
0.6696267
0.46691173
0.20301381
0.908036
0.38466206
0.9238651
0.34228912
0.19305894
0.40883857
0.8668283
0.85402167
0.5591192
0.5760709
0.72413325
0.92503357
0.75408673
0.43891245
0.8841669
0.24470124
0.51036716
0.22907938
0.4437087
0.09568472
0.45184454
0.8714555
0.72313607
0.85425985
0.7744172
0.27163225
0.11435203
0.77737707
0.07160079
0.20328145
0.50838655
0.27799308
0.012981958
0.20573968
0.493211
0.81514114
0.61097056
0.8027514
0.6761136
0.5282506
0.21584523
0.46320885
0.23495835
0.6023386
0.9560484
0.1926327
0.09561986
0.22289649
0.86475444
0.7673412
0.6447682
0.8944833
0.24839208
0.50272816
0.9932281
0.59716153
0.21308544
0.10737926
0.8028454
0.867118
0.048656184
0.13499011
0.12185715
0.36041433
0.8615932
0.9274877
0.69750416
0.53629524
0.15146779
0.9792411
0.024929745
0.14193434
0.2842158
0.13487513
0.9589696
0.68171495
0.49160713
0.43733352
0.13646889
0.86466575
0.5654931
0.9243561
0.326687
0.6133285
0.038944624
0.20028566
0.3315672
0.99259615
0.17697977
0.6935718
0.14438117
0.21188827
0.87047344
0.66042733
0.60649586
0.21580052
0.26057395
0.69608605
0.9339003
0.7533088
0.18779996
0.87015676
0.61437106
0.5789743
0.24960458
0.5388343
0.14234981
0.33501992
0.9626879
0.66180265
0.9884416
0.40421867
0.47948703
0.120555185
0.54665136
0.5783043
0.6219902
0.36172774
0.34623384
0.25605664
0.71115494
0.4440014
0.3963833
0.05558714
0.5029209
0.14507604
0.82950866
0.7524888
0.13304242
0.042297933
0.62977743
0.94650155
0.036499858
0.2154779
0.63580996
0.6062206
0.3291981
0.7539382
0.7929709
0.9208845
0.19697511
0.37325957
0.38877314
0.3257658
0.24343354
0.2837178
0.23421729
0.55427474
0.039125774
0.98814857
0.2104188
0.67597574
0.10668982
0.5296351
0.8732143
0.36979085
0.8571718
0.0011577002
0.828796
0.56124
0.084104456
0.17025048
0.28957868
0.8632658
0.34278706
0.4684244
0.5152558
0.40275905
0.21226512
0.19391787
0.7919975
0.9591926
0.79924464
0.97120994
0.61126083
0.80944896
0.13922535
0.45646486
0.3661227
0.9490538
0.2949655
0.44101417
0.8069574
0.9446505
0.14755218
0.8598984
0.90660805
0.45549047
0.9671309
0.15029185
0.23326664
0.9582492
0.38009775
0.87280846
0.29360345
0.10517705
0.16789077
0.49638784
0.0102257915
0.03881618
0.8329521
0.6696282
0.24289875
0.033720452
0.30618224
0.98043835
0.6432657
0.9298784
0.22645721
0.496925
0.06947166
0.4844305
0.63718694
0.21202141
0.70166045
0.6927009
0.99640894
0.48661017
0.64423203
0.50289834
0.21405444
0.92716986
0.36195433
0.7533881
0.3945143
0.9355752
0.57693356
0.7526875
0.9418873
0.04893171
0.8256232
0.6900624
0.74181014
0.7454191
0.70975506
0.84345824
0.55344373
0.3532817
0.7313195
0.33219758
0.17353988
0.8085142
0.3202504
0.9614247
0.55831194
0.7265298
0.80155295
0.094324544
0.028156944
0.17478582
0.4050701
0.40371886
0.39130324
0.5407352
0.22006193
0.8933151
0.73338085
0.015184548
0.8583515
0.20826468
0.3563064
0.12344418
0.2391068
0.5457864
0.27439785
0.061128102
0.973657
0.1436988
0.8617448
0.75726897
0.7332605
0.33597007
0.68394494
0.28319052
0.8836209
0.17812628
0.8942745
0.79728866
0.46130693
0.676265
0.13363458
0.26445413
0.6190167
0.1832363
0.2056297
0.9248995
0.21213377
0.9043812
0.7195949
0.7684212
0.5305232
0.31211263
0.666485
0.36598256
0.022635171
0.07915033
0.2946278
0.40548962
0.47481832
0.8032995
0.08868417
0.59184766
0.5442606
0.8448556
0.060559936
0.7494193
0.42261702
0.16790721
0.88596463
0.039413296
0.8797631
0.04748529
0.5274317
0.2156693
0.31846315
0.11827471
0.34909305
0.721254
0.032480165
0.59260386
0.2505953
0.25689918
0.6001923
0.16071542
0.4020666
0.257952
0.8586284
0.27893278
0.3015122
0.6049285
0.47457874
0.7887603
0.49078017
0.9095354
0.5647074
0.9495421
0.80345213
0.9357802
0.2958536
0.34868258
0.9670221
0.071753405
0.23728022
0.51073366
0.09126808
0.6746629
0.07436353
0.3080471
0.03127511
0.33392334
0.17579685
0.11463173
0.7336933
0.28065932
0.69767755
0.4622018
0.9916498
0.36451295
0.24222144
0.37057057
0.9610533
0.5288959
0.31450224
0.5345065
0.004528331
0.2466139
0.09546276
0.37270465
0.81296885
0.68114537
0.3186997
0.6523804
0.5601634
0.87138593
0.21877655
0.13682945
0.63084185
0.5116588
0.79466856
0.43136427
0.46124473
0.75740576
0.007030877
0.22200672
0.34732264
0.26905116
0.12580219
0.25989872
0.8276534
0.29035887
0.14597245
0.1982959
0.5537184
0.77195233
0.8935204
0.8176068
0.52031875
0.8151301
0.8338268
0.7714343
0.50078005
0.6391943
0.61582065
0.050639655
0.76534176
0.03403577
0.10499196
0.89688283
0.35137615
0.021316268
0.65290534
0.40961486
0.03955542
0.018841414
0.43017328
0.20700684
0.5012433
0.0055099456
0.7009435
0.25584346
0.36095017
0.5323317
0.61550087
0.7968596
0.78977966
0.7118894
0.039551124
0.7061989
0.2763178
0.3570893
0.24049196
0.7207336
0.096148156
0.5193033
0.3916366
0.7728789
0.4471353
0.59155524
0.12283067
0.14334774
0.93212116
0.72635794
0.23675455
0.041513145
0.5022252
0.9720203
0.8929761
0.49615857
0.77034235
0.23993516
0.26249605
0.7062994
0.85853595
0.13548745
0.24880004
0.24750178
0.8954693
0.34565923
0.31885228
0.49249423
0.9804134
0.18574381
0.8367839
0.7095635
0.6972998
0.363098
0.05793621
0.1071103
0.942843
0.062075842
0.03522466
0.2668484
0.28897744
0.90983075
0.9007752
0.85988146
0.7300843
0.045390837
0.061195783
0.7353635
0.057633124
0.7869574
0.37205207
0.74811447
0.6605796
0.34348837
0.32866734
0.64726967
0.96003586
0.32906407
0.47526392
0.15067543
0.124102876
0.6455783
0.77698195
0.88685906
0.11307251
0.14507218
0.576933
0.7170336
0.85188043
0.94181526
0.13315141
0.6126524
0.85925025
0.40648693
0.02238324
0.12315394
0.4164895
0.75567865
0.002452874
0.55134535
0.6592726
0.45835325
0.5828062
0.73685443
0.7972377
0.085359246
0.8494633
0.16240364
0.45513764
0.027088322
0.3736586
0.448836
0.96131307
0.6779039
0.56004167
0.38656947
0.84387493
0.92239904
0.30927792
0.3974665
0.18854168
0.17094056
0.9882864
0.74883145
0.9239019
0.82981783
0.7573871
0.14197098
0.7768036
0.40135837
0.24686778
0.37072095
0.4370594
0.37390924
0.8757088
0.4004985
0.7372925
0.8231096
0.18186402
0.1854318
0.99871653
0.4875278
0.93020576
0.09623851
0.8000092
0.6956527
0.37134778
0.64488333
0.3674943
0.986152
0.8462098
0.251596
0.64851546
0.024977453
0.35583442
0.9642446
0.9398422
0.6871811
0.14132392
0.9955241
0.6336668
0.42303082
0.3362704
0.5863934
0.4082797
0.43912014
0.4135565
0.56103164
0.08159972
