0.00025086605
8.855015e-06
0.00061114994
1.6249716e-05
1.1185184e-06
0.00024188512
9.022653e-06
0.000687816
0.0011900878
9.734184e-06
0.00043710717
3.6950223e-07
0.00012920177
4.7988884e-05
0.0003077767
4.1276217e-06
4.903286e-06
0.00094437547
2.540648e-06
0.00022438267
7.275492e-06
0.00058450736
0.00013309119
1.5445054e-05
1.0335516e-06
1.24797225e-05
3.33786e-06
0.00031873374
5.8338046e-06
0.00017225464
4.5225024e-06
0.00048623618
2.6151538e-06
0.00045905114
1.9669533e-06
9.0152025e-06
0.0011824549
2.249144e-07
0.00030172447
1.5512109e-05
0.00020441797
0.00021398369
3.8761646e-06
0.00012642625
0.00023360178
8.9707784e-05
4.3958426e-06
0.00020865025
0.0001648083
3.222376e-06
0.00017645344
0.00035170192
2.0451844e-06
0.00061469874
4.2766333e-06
2.8461218e-06
0.00041906087
0.00020400694
4.2002648e-07
6.593981e-05
1.13248825e-05
2.9355288e-06
0.00016650744
2.330169e-06
0.0007788552
1.744926e-05
0.00089989975
0.00047361534
0.00016715005
2.5853515e-06
0.00017809495
0.00025900773
3.33786e-06
2.1368265e-05
1.322478e-07
0.000203643
6.452203e-06
0.00086350366
2.7939677e-06
0.0007916393
4.7683716e-06
0.0006216251
0.00022687619
7.831864e-05
2.3692846e-06
0.000388965
7.486474e-05
0.00021506875
0.0002664894
1.937151e-07
0.00030689014
1.2982637e-06
0.0006322856
0.00072545325
0.00038173544
0.0005223094
6.0815364e-07
3.2875687e-07
0.00011583656
4.8577785e-06
0.0002278518
1.6018748e-05
1.0635704e-06
0.00025114417
5.941416e-05
3.375113e-06
7.0258975e-06
3.3527613e-06
4.5367517e-05
1.2055039e-05
2.0749867e-06
0.00015190174
4.1642423e-05
3.5464764e-06
0.00043635035
2.169609e-05
0.00034412742
6.660819e-06
0.00022863745
0.0002639251
8.416828e-08
0.00036156923
0.00051316235
4.0810555e-06
3.6209822e-06
6.4596534e-06
0.00037228887
1.9356608e-05
0.00021094829
7.8010635e-07
5.0850213e-06
2.0548701e-05
0.0003117174
8.828938e-06
0.00053271686
7.95722e-06
0.0003655067
0.00043970236
2.1578744e-06
8.0990474e-05
0.00010278144
3.0994415e-06
0.00030994415
0.00018145566
0.00016329282
3.4868717e-06
1.8395978e-05
7.5772405e-06
0.00019206721
1.8961728e-06
4.1872263e-06
8.959323e-07
0.00022660021
4.9844384e-06
0.000442265
0.00014373148
1.5318394e-05
8.1238424e-05
0.00021286435
2.4863752e-05
9.529293e-06
6.217684e-05
0.00025418933
1.2461096e-06
6.5788627e-06
0.00016204633
1.706183e-06
6.6065244e-05
1.8209219e-05
0.0002113763
0.0002475232
2.136454e-06
1.5124679e-05
1.5440164e-05
6.6794455e-06
6.6786735e-05
4.5746565e-06
1.3962388e-05
0.00011142902
7.2276453e-06
4.2654574e-06
3.5241246e-06
0.00023767533
6.5471977e-07
6.267261e-05
4.2021275e-06
0.00026411677
1.4677644e-06
4.2766333e-06
0.0002476094
4.224479e-06
0.00022589043
3.989786e-06
0.000109566376
2.3208559e-06
0.00021718499
3.525056e-07
0.00037896703
1.1827797e-05
0.00020310283
0.00012443727
3.4638746e-05
8.5681677e-07
4.924834e-06
0.00047718242
0.00016812608
2.1271408e-06
5.46386e-05
0.00037213415
1.01630576e-07
0.00015853053
4.3176115e-05
4.065882e-06
4.9993396e-06
2.3432076e-06
8.158386e-07
5.040318e-06
0.0002926439
4.954636e-06
0.0002874711
0.0001110108
1.5869737e-06
2.554059e-05
8.9779496e-07
3.1292439e-06
1.2688339e-05
0.00017990172
0.00025273487
7.3984265e-06
3.9953738e-07
0.00019212067
0.00029611506
1.6577542e-06
1.6823411e-05
2.1085143e-05
0.00015419938
5.2154064e-06
3.0133127e-05
6.1504543e-06
5.900301e-05
0.000723131
0.00028902906
2.4586916e-06
0.00022480209
0.0005325377
0.0004845187
5.904585e-07
7.062085e-05
1.1827797e-06
0.00012479414
2.8051436e-06
0.000103560764
1.2643635e-05
0.00017560739
0.00040536915
6.626505e-05
0.00086802297
8.381903e-08
0.00015514565
0.00021284819
1.0896474e-06
0.00035456594
1.4565885e-05
8.731327e-05
0.0008136832
1.0576099e-05
0.0003425032
1.6098793e-05
2.9829884e-05
4.4330955e-06
0.0003058162
0.00032268092
1.7564744e-06
0.00039350864
0.0002758827
5.5494853e-05
1.3876706e-06
0.00022829625
3.4198165e-06
9.0757545e-05
0.00023026144
4.0903687e-06
0.00028607837
4.4219196e-06
4.1797757e-06
4.515052e-06
0.0006173508
7.972121e-07
0.000109295346
8.843839e-06
7.3313713e-06
9.033829e-07
0.0005262182
9.1046095e-06
0.00027423928
3.5315752e-06
3.2931566e-06
4.9471855e-06
5.9436672e-05
0.00016539711
2.875924e-06
0.00055824965
1.3329089e-05
1.039356e-05
0.00018829107
0.0005835369
0.00041156262
7.4133277e-06
7.852912e-06
0.0001700148
0.00035362606
3.0128285e-07
8.124858e-06
9.150989e-05
2.6516616e-05
7.0557e-06
5.338341e-06
0.00014965609
0.0008931309
3.5148114e-06
1.2340024e-07
2.4750829e-05
0.00031569815
0.0003346597
0.00061939016
9.769574e-07
2.4331599e-05
4.708767e-06
6.9215894e-06
0.00013633445
0.0013591633
2.839428e-06
8.95006e-06
0.00034038123
2.0712614e-06
8.917414e-08
7.7998266e-08
8.730107e-05
0.0003212755
4.9695373e-06
2.0679014e-05
0.00063548237
2.2538006e-06
2.3916364e-06
0.0004312391
0.00017736176
0.00038820278
0.00028591603
4.835427e-06
0.00024870783
0.00020797981
3.4319237e-07
6.525884e-05
6.426126e-07
0.00013190397
2.0609941e-05
1.5683472e-06
0.00011058267
1.8149614e-05
2.2277236e-05
1.6149133e-06
1.2274832e-06
4.1872263e-06
0.00011871907
4.706718e-05
0.00022503512
0.0002875328
9.4441886e-05
0.00023195789
0.0004409777
3.1106174e-06
0.00012271106
6.8638474e-07
5.4117292e-05
0.00032716332
0.00026888622
3.117318e-05
3.989786e-06
0.000101655256
4.4927e-06
2.7269125e-06
2.0772219e-05
1.6944128e-05
7.4207783e-06
4.261732e-06
0.0004154204
2.041459e-05
0.000325091
2.5685877e-06
7.644296e-06
0.00041778386
3.7495047e-06
4.582107e-06
4.190166e-05
5.9381127e-06
2.8622744e-06
6.73905e-06
1.9092113e-06
1.6957521e-05
0.00012324745
2.7287751e-06
0.00011669152
6.0070306e-08
0.0005767343
6.183982e-06
0.00031661987
0.00010011345
8.590519e-06
2.2381544e-05
5.751848e-06
0.0001372825
2.6520831e-05
1.4603138e-06
3.611669e-06
7.964112e-05
1.5798956e-05
9.331852e-07
2.232194e-05
1.6838312e-06
8.5122883e-07
5.7147816e-05
5.8021396e-07
9.196252e-05
0.00024557114
7.76276e-05
0.00031487126
4.1872263e-06
1.8365681e-06
4.7832727e-06
6.761402e-07
3.1553209e-06
0.00033890456
1.425948e-05
6.28829e-06
0.00020787067
0.00022511184
2.474921e-06
0.00015694258
3.9562583e-06
1.206994e-06
2.6859343e-06
7.748604e-06
0.00014337897
0.00025231348
0.00018884987
1.9641593e-06
0.0008350499
2.0503998e-05
9.61218e-05
4.751142e-06
7.085502e-06
2.4214387e-06
8.776784e-06
0.00012044981
7.854402e-05
8.34465e-06
0.00024806248
3.028661e-06
0.00029913156
7.833168e-05
6.9569796e-07
4.9605034e-05
0.00018479682
2.1383166e-06
1.3783574e-06
4.515052e-06
2.474212e-05
1.4714897e-06
8.465722e-07
2.3797154e-05
2.9616058e-06
2.503395e-06
0.00042472873
8.143485e-06
0.00031121075
5.8237463e-05
8.5532665e-06
1.6503036e-06
2.0973384e-06
3.5148107e-05
0.02208826
0.032742538
2.642721e-05
2.8744995e-05
0.01364089
0.033791594
7.869676e-06
8.59484e-06
2.8043985e-05
0.18389067
0.0002560839
0.000216441
4.4330955e-05
0.016273348
6.753951e-05
2.875551e-05
0.03556632
0.06297888
1.3954705e-06
1.1052487e-06
0.046902645
0.037228744
1.6592443e-05
0.037122402
7.325038e-05
2.0072912e-05
0.05557109
0.0013552966
6.359443e-05
7.550017e-05
0.05621357
0.04959536
1.468882e-05
0.0064944616
7.66851e-06
4.6514897e-06
0.0069590146
0.027385833
1.9811094e-05
0.028969528
5.087629e-05
3.47197e-05
0.01840988
0.058022276
2.0165462e-06
3.0624797e-05
0.06516562
0.01673393
3.287196e-05
0.00010645203
2.3515895e-06
0.16517857
0.00011134148
0.000117729476
6.193295e-06
0.006035602
0.000100173056
8.8944136e-05
1.4796853e-05
0.14912452
7.738173e-05
3.3800638e-06
3.248453e-05
0.056132697
0.000109262764
0.00011965165
4.3347478e-05
0.05719726
4.1104853e-05
0.00012728076
2.913177e-05
0.07476298
7.240102e-05
0.000103732775
1.4074147e-05
0.2664905
3.2544136e-05
8.901686e-05
2.91951e-05
0.06599467
2.2796914e-05
0.00012941181
0.067820966
0.023017801
6.6272914e-05
2.2746615e-05
0.06376824
0.002187917
1.2937933e-05
0.02472447
6.619841e-06
4.1685445e-05
0.024699034
0.022282228
6.310269e-05
0.0008766125
1.6869977e-05
3.224568e-05
0.04923145
0.051876444
1.5959144e-05
3.1531574e-05
0.03651723
0.03712565
4.0135346e-06
2.5617419e-05
4.1872263e-06
0.08238596
4.8436224e-05
0.079273835
0.00012909621
9.336753e-05
0.023085047
5.1511684e-05
0.00011797249
3.4041615e-05
5.015731e-05
0.09096011
6.369874e-05
4.1214556e-05
1.7054379e-05
0.27835354
5.7294965e-05
4.035933e-05
2.091378e-05
0.056859244
0.0001290068
0.00011977441
0.05961017
0.04364858
1.5217811e-05
0.00011559663
0.18237683
7.495278e-06
8.0652535e-05
0.08896558
0.00011435151
1.3934252e-05
0.09868991
3.729522e-05
2.530776e-05
0.021927625
4.6562403e-05
0.020626985
5.5972487e-05
1.8849763e-05
1.726672e-06
0.24571933
0.00010241568
1.0948234e-05
1.3872981e-05
0.12216663
2.368167e-05
2.106651e-05
0.014764149
0.055430505
6.4279884e-06
0.017565133
5.4635108e-05
0.027456643
1.5445985e-05
0.0063647553
2.2960827e-05
4.2796046e-06
0.016788734
0.0022897727
3.4600496e-05
3.6842066e-05
0.043443598
0.007313795
8.108094e-06
0.03025142
1.6652979e-05
1.3578498e-05
0.020083599
0.04451828
3.1571835e-05
0.028584786
3.167428e-06
7.148016e-05
1.7341226e-06
0.21173316
2.5926158e-05
0.008334122
6.917119e-05
9.428646e-05
0.08406363
5.7931407e-05
1.0630116e-05
0.0001712771
2.066046e-05
0.1895951
4.5258552e-05
0.079562575
2.0053238e-05
0.00014422217
0.071222916
2.1934493e-05
0.00011384487
0.08844571
4.6547502e-05
8.85551e-05
0.008019238
3.500603e-05
7.261336e-05
4.7035002e-05
1.6123056e-05
0.22706956
1.33775175e-05
0.0121708
3.090501e-05
2.7933987e-05
1.2665987e-05
0.21942005
8.348376e-06
6.128032e-05
3.1977892e-05
0.029428372
6.2696636e-05
4.0705865e-05
0.064811826
0.02404882
1.6991049e-05
6.449007e-05
0.0032821828
0.00077685266
1.0036863e-05
0.012891881
4.759431e-05
0.02875254
1.5472993e-05
2.9616052e-05
0.02006015
0.010687427
2.394244e-05
5.5394525e-05
1.7136335e-05
0.13824502
8.113682e-05
4.6419056e-05
2.30968e-05
0.16112536
0.00026200712
6.610423e-05
9.3981624e-05
0.05905864
0.000118374825
9.80678e-05
0.10473834
4.299237e-05
2.541393e-05
0.027098525
4.927814e-05
3.7243578e-06
0.014408834
3.5212077e-05
0.019408531
0.06125863
3.2685697e-05
0.015543692
1.1413824e-05
0.023996187
1.1246651e-05
9.718349e-07
0.063831665
0.009070013
1.672469e-05
3.9500155e-05
0.0031569477
0.043048326
2.1228567e-05
0.012491936
1.2194738e-05
0.019277714
3.054738e-06
3.0124587e-05
5.1289797e-05
0.073275745
9.5032156e-05
4.4191416e-05
8.415431e-06
0.13205397
7.031672e-05
8.209131e-05
1.7940998e-05
0.24575624
0.00014927983
5.7690835e-05
4.4837594e-05
0.06570749
0.0001071915
7.0258507e-06
8.970499e-06
0.28188163
2.1342188e-05
2.5655789e-05
1.733005e-05
0.023476964
7.068738e-05
7.234431e-05
2.6635826e-05
0.01431905
0.000112876296
3.205397e-05
0.09166639
0.0016355453
2.6218593e-05
5.9679413e-05
0.041627146
0.0209951
1.4731195e-06
4.872641e-05
2.2567809e-05
0.14251247
0.00010689348
3.472274e-05
8.717179e-06
0.061978646
3.927946e-05
7.2448415e-06
1.3191253e-05
0.058712877
7.0137903e-06
3.0558545e-05
0.111240014
9.783782e-05
7.714331e-05
0.029163638
5.352311e-06
8.280942e-05
0.053259347
4.0649145e-05
0.032296717
0.0244283
2.508983e-05
0.037248548
1.4638528e-05
4.5480447e-06
9.675324e-05
0.023780836
0.00010839105
4.6457426e-05
0.032089747
6.4883993e-06
9.700656e-06
0.15870139
4.425645e-05
2.538247e-05
0.0027528328
0.06097129
4.3991953e-05
0.035019003
2.6050955e-05
0.00010400603
2.2687018e-06
0.22060968
0.00014021248
2.3478991e-05
3.8400292e-05
0.20906857
0.000120304525
1.2026632e-06
5.3197145e-06
0.07585575
4.6163797e-05
6.5706496e-05
8.251518e-06
0.13632646
3.1903386e-05
0.00010651321
0.09717797
4.2392145e-05
0.0059287883
0.018572435
1.0862015e-05
0.010167058
1.6164035e-05
3.4729368e-05
0.0049111373
0.04845378
1.6436912e-05
1.139784e-06
0.067946166
0.025158599
3.228709e-05
0.010571002
2.2552907e-05
4.8440415e-05
0.06149724
0.044442113
5.0026923e-05
7.11258e-05
0.023883907
0.013474554
2.1150336e-05
3.618369e-06
0.046846293
0.051294375
2.3053959e-05
0.006328934
3.3782795e-05
7.495342e-05
0.066796966
0.06543941
4.5556575e-05
0.034912836
1.18725e-05
0.0024591414
5.0459057e-06
3.9372215e-05
0.0348498
0.012985584
3.4214463e-06
5.261824e-05
0.028770888
0.065136366
5.915761e-05
4.5932375e-05
1.6272068e-05
0.21491833
0.00010509789
2.7001417e-05
2.6915222e-06
0.0680659
7.145852e-05
0.00010216492
3.3294782e-06
0.004274532
5.8300793e-05
0.017827783
0.000117599964
3.9160477e-06
0.13514794
6.365718e-05
0.00010417402
9.253512e-06
5.101785e-06
0.28050157
0.00012972206
2.4189503e-05
5.069375e-05
0.25233725
3.0675903e-05
9.563571e-05
3.0979514e-05
0.031404074
3.9838254e-05
7.5713906e-05
0.05384899
2.5853e-05
3.1292439e-06
0.0061741276
2.4139881e-05
0.06965907
3.2567186e-07
3.777488e-05
0.2337235
6.7278693e-06
9.2595816e-05
7.303915e-05
8.4497035e-05
0.027565472
0.00011714548
4.932945e-05
0.011073033
0.039298292
1.9494444e-05
0.00012239325
9.5799565e-05
0.13094817
1.6640406e-06
0.00013353291
0.005401683
1.4510001e-05
0.01679905
0.040218603
1.584366e-05
0.017131753
6.0021877e-05
0.00021805445
6.3767657e-06
1.138246e-05
0.04850424
0.049864843
1.9701198e-05
5.810079e-05
0.033251286
0.044781532
1.6488135e-05
3.5964975e-05
0.045363963
0.0013521394
2.0577572e-06
0.03551346
1.9608065e-05
5.491916e-05
0.011339903
0.0075560515
6.281212e-05
4.428561e-05
0.012323771
0.06777158
6.141886e-05
0.003321961
1.1623837e-05
3.0212099e-05
0.06271478
0.06577604
2.383627e-05
0.020796834
6.5807253e-06
3.671273e-05
0.03178507
0.054769695
6.767921e-06
0.018110331
5.3845346e-05
1.9855792e-05
0.013063026
0.032667007
2.412498e-05
3.5423e-05
0.007907292
0.031988014
5.0555915e-05
0.033262927
3.3965334e-05
0.0073159374
1.7508864e-05
5.7800775e-05
0.03390706
0.047251575
2.6898459e-05
1.255206e-05
0.013103812
0.03357306
1.2695789e-05
0.013183075
4.6800822e-05
4.1033505e-05
0.029116997
0.048985913
7.458031e-05
2.858094e-05
0.06364537
0.01364089
1.665391e-05
7.7871984e-05
1.9166619e-06
0.050207812
3.418885e-05
4.773537e-05
1.2293458e-05
0.27859345
9.569526e-05
2.203485e-05
1.2770295e-05
0.26526016
9.846687e-05
0.00018581131
3.787875e-05
0.11239232
3.767386e-05
9.5706375e-05
3.0830503e-05
0.2341307
0.00020073354
4.5797293e-05
7.871538e-06
0.28059444
5.415082e-05
0.00012354064
4.0084124e-05
0.07258234
0.00026285648
9.646918e-05
2.1338463e-05
0.24455023
5.99958e-05
8.3848005e-05
1.4603138e-05
0.18679567
6.581191e-06
8.80965e-05
2.2538006e-05
0.0809317
6.99684e-05
0.023201423
0.00011957437
3.1389674e-05
0.10493368
6.647152e-05
5.0913543e-05
0.00011668552
9.8377466e-05
0.11369715
0.00012847781
3.0457686e-06
0.05875512
3.0464498e-05
9.208918e-06
0.07252785
3.2678246e-05
1.0373068e-05
0.12623888
4.814632e-05
1.9565225e-05
0.045612074
6.6414475e-05
6.0162296e-05
0.06169132
1.3896657e-05
2.7447939e-05
0.020466588
0.00015323609
6.855064e-05
3.3494085e-05
0.047396682
9.056926e-05
0.00013206515
0.095000856
0.011672208
4.9125403e-05
0.042587914
2.701953e-05
0.00011790765
0.2566098
7.172499e-05
5.449727e-05
6.306486e-05
0.061835423
0.06508439
6.785989e-05
0.0005860552
2.5823712e-05
0.09839307
8.830428e-05
0.0001325038
0.1831268
4.920311e-05
6.0670078e-05
0.017443642
7.287599e-06
0.013246208
3.4648925e-05
2.048909e-05
0.01679365
0.033431888
4.2963075e-07
9.298802e-05
1.3627112e-05
0.19139375
0.00011448562
6.759101e-05
7.756054e-06
0.067897685
4.2591244e-05
1.8335748e-05
0.028782
0.022637352
6.116927e-05
0.016669638
1.1552125e-05
0.0016629134
3.7221238e-05
1.5772725e-05
1.719594e-05
0.075128965
0.000117726624
3.1082178e-05
1.12354755e-05
0.03596441
4.2542815e-05
0.0051283855
5.1647425e-05
2.6320376e-06
0.01594672
0.031170465
8.944888e-06
0.032611642
1.917407e-05
2.9192408e-05
0.00530893
0.03839246
1.924485e-05
0.011254564
3.5868958e-05
2.5005655e-05
0.01951654
0.037631586
6.695464e-05
0.017947605
3.266614e-06
0.06919128
0.00013726205
7.7873876e-05
0.21053192
2.0448235e-05
4.743412e-05
0.00010291372
1.655519e-05
0.0041018194
9.961426e-05
4.318318e-05
0.060097728
5.6759454e-05
3.413856e-05
0.22112957
1.2051314e-05
9.892136e-05
6.4998865e-05
0.10223731
1.1996366e-05
0.015993958
2.05338e-05
0.03865414
2.0614825e-06
0.01476594
1.1947006e-05
0.015290943
3.680028e-05
0.02929052
5.365908e-05
6.100825e-05
0.012754157
0.012192954
2.2002496e-06
1.8740204e-05
0.050717544
0.062032223
8.194242e-06
0.0098478915
8.943491e-06
0.001728899
1.7160783e-06
2.7913595e-05
0.059470333
0.008254774
1.2174249e-05
0.0045732707
4.8421323e-05
2.6514288e-05
6.0647726e-05
0.16971357
4.763156e-05
7.6540455e-05
6.8336725e-05
0.24456495
0.00010576844
9.876059e-05
4.4599175e-05
0.13560115
4.146481e-06
3.9898994e-05
0.1360685
3.119433e-05
1.0222197e-05
0.19806735
4.0739775e-05
1.6500426e-05
1.2245029e-05
0.13631871
2.7943403e-05
3.120302e-05
0.063414276
0.0001064149
4.616566e-06
0.14216216
8.3096325e-05
0.00012580212
0.015764762
4.2881664e-05
4.258007e-06
0.25231043
4.5880675e-05
6.563001e-05
6.560981e-05
0.055292036
0.00015029311
7.7965575e-05
0.11712076
2.3030734e-05
5.4500997e-06
0.18128997
0.00023180991
9.694655e-06
0.040762343
0.020138957
4.2635947e-05
0.012258395
6.5654516e-05
5.1670053e-05
1.7039478e-05
0.1497888
5.9075654e-05
3.6757614e-05
1.0207295e-05
0.08786026
7.641502e-07
6.422412e-05
1.810491e-05
0.101305634
8.598901e-06
8.0240134e-05
0.12182811
2.7620292e-05
4.3794513e-05
0.07629744
4.3436885e-05
3.7125195e-05
0.004343765
0.01907925
7.367879e-05
2.9197545e-06
0.007898387
0.062376447
5.484745e-05
9.5340365e-05
3.3397228e-05
0.059417818
0.0001103729
9.2098606e-05
0.14074673
1.1630721e-05
1.9580126e-05
0.03208844
4.377961e-05
2.4247907e-05
0.13256334
5.359073e-07
1.1131167e-05
0.07923555
0.0001386255
3.136287e-05
9.462237e-06
0.2535997
8.931756e-05
0.015299266
4.0175393e-05
0.04585136
9.313971e-05
6.541924e-05
0.18859105
6.256334e-05
4.8112124e-05
0.073487885
6.519258e-06
7.0167705e-05
0.11746806
1.476704e-05
4.7251582e-05
5.7038153e-05
8.211471e-06
0.0138107855
8.4497035e-05
9.1998605e-05
0.105424576
0.0132398205
8.890405e-06
0.032075476
6.6438224e-07
0.018427059
2.3439527e-05
9.552878e-05
2.1338463e-05
0.010371165
5.7294965e-05
9.165532e-05
6.8265945e-07
0.15142055
3.6099926e-05
3.156849e-05
6.771088e-05
0.18454246
1.6748905e-05
7.5285265e-05
8.248538e-05
0.019551449
7.233024e-05
1.1375181e-05
0.08244456
0.029177882
6.239861e-08
0.007826772
1.2058765e-05
0.02260414
9.601936e-06
0.00011765212
6.555766e-05
0.119625896
5.648285e-05
1.7651706e-05
0.1265609
6.927419e-05
1.3813376e-05
0.04397139
2.5380403e-05
5.743769e-05
6.888807e-05
0.032285195
4.5485795e-05
6.0874678e-05
0.098318756
1.4820915e-05
0.05160514
0.065729454
3.456371e-06
4.964479e-05
0.01396483
0.02626435
6.4667314e-05
0.031771332
1.4840625e-06
0.019933634
1.4172867e-05
2.4776436e-05
1.6242266e-05
0.0339541
0.00013615936
3.6637386e-05
5.480647e-05
0.021480104
1.4940742e-06
9.600248e-05
2.1182e-05
0.02969606
5.724281e-05
0.02407223
4.966557e-05
4.6733487e-05
0.2463722
9.208914e-06
1.2374483e-05
6.838068e-05
2.3439527e-05
0.00920457
5.567074e-05
3.4987127e-06
0.024053603
1.162501e-05
1.0684133e-05
0.122484215
3.4151599e-06
7.165765e-05
1.92374e-05
0.01596203
9.150058e-05
9.3438546e-05
0.06332086
6.7165674e-05
1.2502074e-05
0.07344786
0.00010241568
8.329586e-05
1.0564923e-05
0.22344293
6.271899e-05
2.5653233e-05
0.00030876696
0.18299176
0.00040714443
0.00046242733
0.0003168434
0.008913994
2.875895e-06
0.0002287589
0.003979171
0.04214767
0.00020507723
0.00020419675
0.04082077
0.038748465
4.04506e-05
3.4570367e-05
0.00033512712
0.0006155408
0.00025318936
0.00041192747
2.9606745e-05
0.1956681
0.00043169037
0.018732095
8.5856766e-05
8.344633e-05
3.453344e-05
0.023521561
0.00010762736
0.00015430128
5.6818128e-05
0.02362534
1.6951934e-05
0.003280262
5.2943826e-05
0.00039992062
0.00015500933
0.11127302
5.380658e-06
0.020486118
3.0336902e-05
0.00025732326
0.0003233701
0.06382846
0.00033967942
0.00021469858
0.00028467178
0.18959798
4.594773e-05
6.813556e-05
0.030959059
0.016821083
6.133132e-05
0.00010719674
0.020335006
0.048809443
0.00025593862
0.00010961256
0.028022435
0.029091679
0.00012523681
0.00017154415
0.03840345
0.043023184
0.00025899336
0.00023193922
0.022787781
0.026539044
0.00021456555
9.578002e-05
0.028721942
0.050954238
0.000115783885
0.00013591105
0.021772822
0.005387955
9.470899e-05
0.00014737248
0.06328566
4.805239e-05
4.722178e-05
0.07819593
0.00018075481
0.05514227
5.2435324e-05
0.00022630347
5.8613718e-05
0.2021512
0.00016128272
0.033318155
5.192822e-06
4.6417044e-05
1.3370067e-05
0.11775455
0.0002657175
0.0026381505
8.6892396e-05
2.5475632e-05
1.2028962e-05
0.10831408
1.3835728e-05
0.00018521755
0.00011320412
0.048217498
0.0002702996
0.000111326306
0.04433114
0.034490608
7.276982e-05
2.2871334e-05
5.7175756e-05
0.09582281
0.00020540133
1.656818e-05
0.07921013
7.047132e-05
0.0143601475
0.03150115
2.1754764e-05
0.0001577257
0.024061767
0.012827929
0.00014898926
0.000116310606
0.0016482476
7.5066346e-05
0.000109989196
0.029560285
0.00021598116
0.00010630893
0.00018779933
0.078568794
6.0366467e-05
1.3364446e-05
0.0762301
0.00010800693
7.433444e-05
0.049432803
5.466491e-05
5.4761767e-05
0.031247422
0.033817656
3.656186e-05
0.05216883
4.722178e-05
0.00013821249
0.022086676
0.013771788
6.699003e-05
0.000102018676
0.048367415
0.047234654
0.00010477938
8.741184e-05
3.6846846e-05
0.07950619
0.00010216609
0.036117513
1.1403114e-05
0.04494253
7.4181706e-05
0.020604547
9.097904e-05
3.093985e-05
4.0747225e-05
0.17192008
2.449099e-05
0.00023775297
9.3948096e-05
0.17736697
6.446894e-05
0.009700212
8.75704e-05
0.00012233744
1.6767532e-05
0.044919673
0.00013510138
0.050772455
5.065836e-05
8.318834e-05
0.024693193
0.043492094
8.6003914e-05
2.4609179e-05
9.126961e-05
0.006025445
0.00012563169
0.00011213835
0.038545385
0.00010409869
0.033696253
0.035322376
0.00021487102
1.0948759e-05
2.8271228e-05
0.016077608
4.4161454e-05
0.00014250775
0.027590528
9.832366e-05
8.016825e-05
0.049212832
5.7239085e-05
0.00010367483
0.008716884
8.289413e-05
0.046759106
0.022870176
0.00010878965
0.043605372
1.6739592e-05
0.00011464926
0.04930772
0.04120824
8.110516e-05
0.00021459715
0.10079424
0.00011270793
0.00012923777
0.037117984
0.00024949014
0.054043468
2.4768524e-05
2.4137036e-05
2.2388995e-05
0.17445718
0.00012540072
0.032695
4.9365684e-05
0.048989385
9.171665e-05
1.1890586e-05
0.00033538043
0.12653673
0.00016843155
9.396617e-05
0.012553778
0.028807547
1.7681159e-05
0.00018735879
0.037380956
0.003919974
0.00010829978
7.599965e-05
0.026545772
6.7356326e-05
1.543574e-05
0.0034523665
7.314142e-06
0.00026877102
0.057340484
9.389687e-05
0.00017364323
0.0077594765
9.929575e-05
0.0004420589
0.00020528585
0.15670441
2.0652544e-05
0.027619574
5.58123e-05
0.04064264
6.79791e-05
0.00042602565
0.00015926361
0.074483536
0.00020678714
4.09129e-05
4.3034554e-05
0.0269565
3.0445866e-05
0.051924866
6.234273e-05
0.016760465
1.5658792e-05
0.00010444911
0.011657959
0.0469703
7.971935e-05
4.4270135e-05
0.015726099
0.007834716
0.00017936714
7.221475e-05
0.04818948
0.042378373
6.049499e-05
1.7877668e-05
0.0050962996
0.033441287
3.292784e-05
0.00013560755
0.011237366
0.038676616
2.9542483e-05
0.00010095941
0.045667775
0.0010912414
8.367933e-06
0.00011963799
0.060905483
6.446923e-05
0.00016763806
0.059172753
0.0002284944
0.05066842
7.5329095e-05
3.853618e-05
5.5015087e-05
0.040119063
0.00012042001
0.00025557907
0.028221034
0.027169254
0.000114699826
6.4003825e-06
0.03429843
0.032929637
5.6104735e-05
0.00020342966
0.07618964
0.0001229659
8.60095e-05
0.09325758
0.00014265254
0.00015795976
0.014654333
0.000109295725
6.598979e-05
0.06085854
0.00016073883
0.00011849372
2.0612031e-05
0.028590888
8.664094e-05
0.014056369
8.49925e-05
9.262469e-06
0.0549917
6.104374e-05
8.234382e-05
0.033931136
4.5971945e-05
2.5378744e-05
0.0034724444
0.017700564
3.0332012e-06
6.4793785e-05
4.3034554e-05
0.15817328
0.000108961016
0.0326698
0.00012941658
5.7915226e-05
0.031526532
0.0061626015
1.1856668e-05
6.25886e-05
0.023017662
0.046503454
4.722178e-05
0.00014127468
0.031590458
0.019945757
6.402098e-05
9.361282e-05
0.0038918701
7.009838e-05
5.7626516e-05
0.08590386
5.5322424e-05
0.00018519859
2.6717782e-05
0.1361789
0.00012598932
0.011284565
0.00014775619
8.266025e-05
6.200373e-05
0.06960976
5.2126125e-05
0.00019838456
0.00030605495
0.17388776
0.00030143932
0.032021023
0.00011789799
0.00019740914
5.057454e-05
0.0892596
0.00023707002
5.2412877e-05
3.424287e-05
0.046586815
0.000119395554
1.29402815e-05
3.029406e-05
0.17722389
0.000122644
0.047465988
6.9562346e-05
5.8080524e-05
7.670373e-06
0.15809159
1.9236002e-05
0.0112994425
8.274615e-05
0.015452302
2.1125306e-06
4.4021657e-05
3.309548e-05
0.16577148
0.00016423687
0.00017251028
4.5374036e-05
0.10742788
5.827658e-05
7.1964736e-05
0.011963025
0.03066838
0.0001485236
5.1405405e-05
0.004879648
0.011374247
0.00023290887
6.1865896e-05
0.032822292
0.045534186
2.002716e-05
9.7139535e-05
0.00011494756
0.060804244
5.7619065e-05
2.9035791e-05
0.08174741
6.991997e-05
0.002476871
0.0068717487
9.825453e-06
2.9060058e-05
0.04385989
0.047214292
5.6238845e-05
8.651242e-05
0.01542035
0.00010944581
2.6456546e-06
0.014449786
4.826486e-05
2.0952946e-05
0.048826434
0.034703087
6.696023e-05
0.0001018678
2.9459596e-05
0.08804209
0.00015401095
0.00027007877
0.033276483
9.893626e-05
0.003964802
3.5572702e-05
3.5185367e-05
0.10105236
4.75673e-05
0.038545217
2.5002751e-05
3.4185126e-05
0.08861954
7.3822936e-05
6.4343214e-05
0.021969818
4.4275075e-05
0.00016471028
0.00014163554
0.15322582
5.489774e-05
0.048349276
5.5218115e-05
0.03217647
4.3225475e-05
7.296867e-05
9.544194e-06
0.068131454
0.00016358495
0.00014167247
6.632507e-05
0.08220408
0.0001290068
5.9049446e-05
0.00018887967
0.117748894
0.00033522397
0.020098995
3.1119213e-05
5.4847347e-05
4.7713518e-05
0.09029451
0.000106714666
7.517754e-06
3.3721328e-05
0.029503442
0.00014075637
0.041811194
1.1956319e-05
2.0457584e-05
0.00022220612
0.19272083
1.95303e-05
0.011977385
0.00010356121
0.0002932223
0.0001161024
0.15351233
0.00042423606
0.05116791
1.770351e-05
9.523172e-05
5.1766634e-05
0.06626198
7.1173534e-05
6.090461e-05
1.5717e-05
0.112720296
1.055724e-05
0.054905362
1.8910505e-05
0.037559826
9.582378e-06
7.1622264e-05
5.8546662e-05
0.07520266
0.00014545023
2.487352e-07
5.5626035e-05
0.11413679
2.271263e-05
0.009459775
2.601929e-05
0.00011687636
2.2985041e-05
0.09526131
8.7525696e-05
0.0001953714
7.500127e-05
0.039483707
0.00042708963
0.00014024583
0.040701307
0.049439996
8.3293766e-05
0.00012581429
0.0070887306
0.023241146
5.6908466e-05
0.00014751044
0.0150183225
0.022454465
0.0001254268
0.00025238728
0.007529808
0.04387997
0.0002442859
0.0001229159
0.049351677
0.007669284
6.281957e-05
7.73184e-05
0.019349093
0.044430815
2.3690052e-05
2.838505e-05
0.0085672885
0.025330264
2.7547649e-06
5.674314e-06
0.04241785
0.034100626
3.55104e-05
4.9269556e-06
0.015592245
0.04992855
9.398721e-05
0.00024805087
0.01155655
0.025357738
1.871516e-05
9.37577e-05
7.3723495e-05
0.021588469
0.00019013509
0.00018770933
0.101456456
7.849559e-05
0.06558677
5.6211564e-05
2.2705644e-05
0.09439158
6.150454e-05
0.00020509883
0.04016397
0.00020428892
0.00011524558
0.076657064
0.0002752915
1.3307685e-05
0.084053494
0.00030681374
0.0003162101
0.0760674
0.0003857836
0.00021350701
0.028247628
0.01803325
0.00017982163
5.3592026e-05
0.017667424
9.037551e-05
3.3974648e-05
0.09787893
9.486079e-05
0.040368807
7.203594e-05
1.15056255e-05
3.2584649e-06
0.017797062
6.899983e-05
6.876886e-05
0.03984332
0.00011609464
1.4767051e-05
0.18166937
0.00020548329
0.0008440363
0.00014480948
4.032613e-05
4.125759e-05
0.012569346
6.7301095e-05
0.00015362297
0.027939769
0.0033978184
0.00016424805
0.007984462
8.038804e-05
0.00019317749
9.764731e-05
0.06833756
0.00020709261
2.3711473e-05
0.044981226
0.00906762
7.487461e-05
0.00012070403
0.023491928
0.0344386
2.0232517e-05
5.6441477e-05
4.1514635e-05
0.037263922
5.727634e-05
0.051390994
1.9775704e-05
0.050250918
6.708503e-05
0.00011629454
0.027016746
0.01589425
0.000100869685
5.1766456e-05
0.0011522563
0.0040307078
4.460197e-05
0.022530574
4.4288114e-05
0.00017192175
5.9511513e-06
0.12036132
0.00015201047
0.046961475
1.0211719e-05
0.00016027562
2.834946e-05
0.034146514
0.00024729967
0.0021899554
8.207187e-05
6.422184e-06
3.5367906e-05
0.04385967
5.6091696e-05
0.0065743243
5.8899634e-05
0.00013939134
3.7590507e-06
0.060340177
7.0400536e-05
7.217178e-05
0.06111285
4.8654852e-05
0.040948264
5.633918e-05
0.00017165393
0.02840776
9.12901e-05
5.0654635e-05
0.024158703
0.040152296
4.1097403e-05
7.6152384e-05
0.028746752
0.048336986
6.727129e-05
0.05201554
4.9920753e-05
0.019378018
0.00017308816
0.003986897
2.211798e-05
0.02837834
8.514151e-06
0.03748688
6.9353264e-06
4.1702864e-05
2.0973384e-06
0.06790845
3.0993484e-05
2.4611067e-05
4.9233437e-05
0.05707639
0.00019548461
0.025681715
9.243935e-05
0.020253751
2.259668e-05
0.00017936633
0.00033296645
0.10769671
0.0001674369
0.029699251
4.22413e-07
2.0650215e-05
0.0048595862
0.018972743
6.807409e-05
5.703047e-05
0.01622359
0.033209797
4.6901405e-05
0.00014583766
0.022272795
2.4398714e-05
6.6921115e-05
0.05209
0.00022264197
6.0999548e-05
0.023479927
0.038570676
1.0641234e-06
6.2815554e-05
0.035359576
5.8772595e-05
2.515316e-05
0.02646925
0.00025063008
4.86169e-05
0.014860891
2.216167e-05
5.8740377e-05
0.078589484
0.00015755743
0.000115671624
0.026487121
0.041510265
0.00012626126
0.00012917072
0.05098248
0.00011509604
6.535649e-05
0.0051573697
0.00023170188
9.369153e-06
0.005357624
0.045766916
9.6636824e-05
1.0339109e-05
0.00023075938
0.08340188
2.1497486e-05
0.0010469018
3.920123e-05
5.5635883e-05
0.025579434
0.00028116873
0.00019025989
3.536684e-05
0.018374374
0.027108844
9.120256e-05
0.00013044104
0.080404416
7.956599e-05
4.195608e-06
0.071895376
4.7635287e-05
5.843863e-05
0.024483556
0.00012852957
1.02017075e-05
0.052868262
0.0001072716
0.042944144
4.077889e-05
0.00012709167
8.244067e-06
0.029151969
0.0002555102
0.00011890009
0.024103066
4.6400132e-06
5.3275377e-05
0.09895763
0.00015395135
0.00013724649
0.07842557
5.2412448e-05
5.2487478e-05
0.07193269
0.00025454164
2.008865e-05
0.012670071
0.01259922
0.00012386218
5.1239418e-05
0.01623746
0.025080131
0.0001453273
0.010320645
7.631257e-05
8.653278e-05
8.069724e-05
0.0369714
1.001358e-05
1.8513761e-05
0.096002266
1.4458528e-05
7.6035503e-06
0.027171066
7.991865e-05
0.00026967685
0.09175336
0.00014075637
0.07432707
5.0729964e-06
6.491784e-06
0.074864514
9.935815e-06
0.043743193
6.144866e-05
0.041584097
0.000109128654
0.01909287
5.429797e-05
5.298108e-05
0.04887117
0.016751194
3.8903207e-05
2.2337692e-05
0.006319904
0.032863535
0.000107459724
7.258728e-05
0.0057560205
0.007384982
4.7223642e-05
0.00011738017
0.08672666
0.00016809201
1.4130957e-05
0.062371776
0.0002355501
0.022594662
3.6972342e-06
0.0068455385
6.8787485e-05
0.042004555
4.0508894e-07
9.025261e-05
0.067118
5.12291e-05
6.182864e-05
0.075016305
0.00013744831
1.2654444e-05
0.043258674
0.008267251
6.294623e-05
4.434027e-06
0.03804074
5.0167593e-05
0.00010198355
0.06901477
9.6552074e-05
8.3010396e-05
5.660951e-05
0.18758403
8.473918e-05
8.5361076e-05
1.2651086e-05
0.034763392
0.000270769
0.041623954
0.00015250966
0.046125602
0.00012506545
2.1045773e-05
0.039558504
0.020431377
3.4141354e-05
3.0337833e-05
0.02224876
0.019034063
7.1667135e-05
3.2780692e-05
0.0375323
0.04190087
1.4885329e-05
4.319595e-05
0.0002156049
0.049659796
0.00027575344
2.8527218e-05
0.0814893
0.00020614354
0.037819725
0.0001408339
7.344782e-05
0.100434124
0.0002508238
3.4801582e-05
0.03301305
0.0012717397
5.6035817e-05
0.00015784055
0.095681705
7.6810196e-05
1.4992431e-05
0.101350464
0.00010925159
6.272008e-05
0.017124474
0.029850692
5.6471676e-05
6.510646e-05
0.021060247
0.028559636
1.1286465e-05
