0.0038660178
0.0001207958
0.0
0.0007536402
0.0005942527
0.00023694849
0.0
0.00068390556
0.0023492482
0.0
0.0003414899
0.00070311874
0.0
0.00027917512
0.0004407186
5.5885117e-05
0.00011054508
0.0
0.00072702393
0.00010972074
0.0
0.00046907138
0.000745832
1.9708803e-05
0.0
9.87635e-05
0.0
0.0002323594
0.0005103946
0.0
0.0002713739
0.002952276
0.00039314665
0.0
9.073864e-05
0.00025584176
0.0005690539
0.0
0.0004709512
0.00023722416
0.0
4.188635e-05
0.00084411725
0.0
0.00014896784
0.00011768425
0.0008458132
0.00023404113
0.0
0.0011613648
0.0009019878
0.0
0.0008728023
0.00063681975
0.0009442233
0.0
0.0004897155
0.0
0.00027181208
0.00025758566
0.0
0.00023689168
0.00436087
0.0005532969
0.0
0.0001804207
7.082359e-05
0.00012589106
0.0
0.00082666427
0.0014036372
0.0
1.2419943e-05
0.00049834326
0.0
0.0003935001
0.0011117524
0.0003309818
0.0008775722
0.0
0.00021917373
0.00046088174
0.0
0.0006764404
7.5772405e-05
0.00013629116
0.0
0.00052082725
0.0
0.000252611
0.00063487794
0.0
0.0008251965
0.0044651865
0.00018527638
0.0
2.3716479e-05
0.0005129138
0.0003827475
0.0
0.0010481793
0.0014259657
0.0
0.00012519816
0.00056992844
0.0
0.0010934742
0.00022560451
0.00050832145
0.00048150122
0.0
0.00033938652
0.00058438163
0.0
0.00072069117
0.00018392154
0.0012197075
0.0
5.8491016e-05
0.0
0.00040154625
0.0006023217
0.0
0.00029220385
0.0035733199
0.0008653514
0.0
3.839354e-05
0.00018986082
0.0003038398
0.0
0.00021093898
0.00065375306
0.0
0.0004040217
0.00067723915
0.0
0.00019075675
0.00089543965
2.8577284e-05
9.904499e-05
0.0
0.00034858473
0.00032866746
0.0
0.00023151179
9.431504e-05
0.00039759008
0.0
0.0004246598
0.0
0.00045935158
0.0007508164
0.0
0.0001688744
0.004219139
0.00081614964
0.0
0.00032893382
9.876513e-05
0.00080554094
0.0
2.9325718e-05
0.00014494301
0.0
0.00014576409
0.00041967304
0.0
0.0007021371
4.5794586e-05
0.001066314
0.00025682803
0.0
0.00037101284
6.648537e-05
0.0
0.0010080191
0.00021336693
0.0009309206
0.0
2.6267371e-05
0.0
0.00043018442
0.00045061298
0.0
0.0006332388
0.001836794
0.00044006296
0.0
0.0007690443
1.3227458e-05
0.0004921593
0.0
0.00053140055
0.00086172996
0.0
6.532762e-05
0.00058245286
0.0
0.00037510786
0.0007360941
0.00018483447
8.537702e-05
0.0
0.0009027794
0.00054129586
0.0
0.00076281815
0.0002607014
0.00042524625
0.0
0.00090819225
0.0
0.0004309574
0.0001015719
0.0
0.0005233828
2.3009658e-05
0.00038700737
0.0
0.0010637809
0.0006839102
0.0003248197
0.0
0.00079635903
0.0014578737
0.0
0.00022827415
0.00044375844
0.0
0.0008706609
0.0004190714
0.0003569252
0.0004874058
0.0
0.0008304836
0.0001158627
0.0
0.00014227157
0.00025250902
0.0009749473
0.0
0.00019087363
0.0
0.00084734336
0.0005553188
0.0
0.00056568533
4.343729e-05
0.00062437356
0.0
0.00060557295
0.00073232874
0.00026915316
0.0
0.00024280231
0.0019284673
0.0
0.0004166523
0.0008182619
0.0
0.0006851433
0.0004725242
0.00023395708
0.00045863725
0.0
0.00066522695
0.0005908068
0.0
0.00087205437
0.00016092625
0.00011669498
0.0
0.00036684424
0.0
0.00016604248
0.0005629184
0.0
0.0005577039
0.0011934481
0.00033877604
0.0
0.000876124
0.00011272868
0.00045253616
0.0
0.0009021126
0.0012805006
0.0
0.0003428338
0.00054110587
0.0
0.00060215965
0.00081120804
0.00027033687
0.0003606868
0.0
3.9434002e-05
0.0002468829
0.0
0.0009379607
0.00073562004
0.0008505319
0.0
0.00048141554
0.0
0.00023681857
0.00017613848
0.0
0.00077716634
0.0051563154
0.00032746792
0.0
0.00032208627
2.4857058e-05
0.00030553062
0.0
0.00042945798
0.0012966637
0.0
0.0002639098
1.2739329e-05
0.0
8.264219e-05
0.000996029
0.0008632662
0.00040529016
0.0
0.0008464055
0.0003731819
0.0
0.00012859698
0.00048180204
0.0007261205
0.0
0.000725545
0.0
0.0004034331
0.00045966543
0.0
0.00048316363
0.002432545
0.00026770588
0.0
0.00030555716
0.00016222894
0.00067681633
0.0
0.000615146
0.00046389434
0.0
0.00032587163
0.00011816295
0.0
0.0002334544
0.00070304796
0.0006019855
0.00032866606
0.0
0.00032789912
0.00036733644
0.0
0.00045001204
0.0002494608
0.00083275
0.0
0.00070309266
0.0
0.00048851967
0.00034976192
0.0
0.00043668505
0.003770934
0.0004901029
0.0
0.0008339267
0.00017142808
0.0006482499
0.0
0.00010609068
0.0013108868
0.0
0.00025561824
0.00038880575
0.0
4.4792578e-06
0.0007657651
0.000679872
0.0008170167
0.0
4.0515384e-05
2.3491797e-05
0.0
0.0008333559
0.0007161824
0.00083863223
0.0
0.0007406734
0.0
9.313124e-06
0.00022648554
0.0
2.663274e-05
0.004158011
0.00042464025
0.0
0.0004220442
0.0005222978
0.0003990177
0.0
0.0006432757
0.0027497252
0.0
0.00016200915
0.0002744412
0.0
0.0003415756
0.0011863876
0.0010305811
0.00055333786
0.0
0.00017773779
2.0478095e-05
0.0
0.00068847905
0.00070117787
0.00015995817
0.0
0.0005033072
0.0
0.000489539
0.00038709398
0.0
0.00075228326
0.00089615263
0.0001541255
0.0
0.0012120306
0.0005027903
0.00028467644
0.0
0.00057700835
0.0011514574
0.0
0.0004776111
0.00040831324
0.0
0.0008631712
0.00060646376
0.0001098325
7.706648e-05
0.0
0.001094278
0.00042519718
0.0
0.000463387
0.00061573554
0.00023578353
0.0
0.000495702
0.0
0.00055164285
0.0006039757
0.0
0.00055511855
0.00012460479
5.7263067e-05
0.0
0.00015104329
0.00023339782
0.0002669515
0.0
0.0007763719
0.0019635148
0.0
0.00022597285
0.0005666297
0.0
1.962451e-05
0.0005101324
0.0005317088
5.233084e-05
0.0
0.0011632862
0.0008835476
0.0
0.0009118178
0.00043768808
8.240461e-05
0.0
0.00022199424
0.0
0.00018730131
0.00039379392
0.0
0.00016411068
0.0014709885
0.00058388896
0.0
0.00041879434
0.00048273802
0.00046388526
0.0
0.0002962025
0.00057240133
0.0
0.00025344174
0.0001514433
0.0
0.0011729784
0.0006147623
0.00047012605
0.00047725532
0.0
0.0002457574
0.00057573896
0.0
0.00031686976
0.00032425486
0.00068583497
0.0
0.0007687807
0.0
0.00055086426
0.00036859186
0.0
0.0006252406
0.0015464193
0.0003763195
0.0
0.0009163106
0.00055784266
9.9380035e-05
0.0
0.00061710365
0.0025162837
0.0
0.00018597487
0.0006284062
0.0
0.00036895787
0.0006589126
0.0012157559
0.0005246559
0.0
3.017889e-06
0.0008174004
0.0
0.0006469817
0.00052618794
0.00026256463
0.0
0.00013752701
0.0
0.00017143809
0.00042957626
0.0
0.00017223763
0.0038300678
0.00040753558
0.0
0.00013197237
0.00037940312
0.00067981426
0.0
0.00016733119
0.0018392103
0.0
0.00041453354
9.484851e-06
0.0
0.0001548694
0.00028352113
0.0005675447
2.046983e-05
0.0
0.00047825137
0.0007837992
0.0
0.0005427623
0.0005535986
0.0005741549
0.0
0.0005749501
0.0
0.000110236
0.00045462884
0.0
0.0004077647
0.0011372284
0.00012340676
0.0
0.0004948005
0.00078645255
0.00059211906
0.0
0.00076319464
0.0011463673
0.0
0.00017617224
0.00061751343
0.0
0.00022473442
0.00066034123
0.0004476644
0.0003350163
0.0
0.0006978046
0.00035071
0.0
0.0006580809
0.00045747124
0.00014656047
0.0
9.53041e-05
0.0
5.5328244e-05
0.0006820997
0.0
0.0004675379
0.0015844285
0.00048306584
0.0
0.00036515575
0.000727145
0.0005470114
0.0
0.0009323573
0.0015690634
0.0
0.0003641555
0.00063591637
0.0
0.00082715135
5.986716e-05
9.856571e-05
0.0003038207
0.0
0.0007420173
0.0006280001
0.0
0.00050468306
0.00045014452
0.0004328693
0.0
0.00020902883
0.0
0.00071602594
0.0004482679
0.0
0.00030602794
0.001549618
0.00014804071
0.0
0.0010280553
0.0004708916
0.00013131066
0.0
0.00048093684
0.0018091537
0.0
0.00020503392
0.00020910846
0.0
0.00026660063
0.0008117212
0.00041643623
0.0006638374
0.0
0.00070389546
0.00021520793
0.0
0.0008351449
0.00028137676
0.0006410509
0.0
0.00012452481
0.0
0.00035795663
0.00019362895
0.0
0.00044955313
0.001761095
0.00024242047
0.0
0.00014588865
0.0010203347
0.00037907902
0.0
4.473835e-05
0.00021530478
0.0
0.00032924768
0.00015854044
0.0
0.0007062182
0.00036952598
5.020149e-05
0.00066022854
0.0
0.00012438535
0.0003147223
0.0
0.0003841144
0.00030492852
0.0011235988
0.0
0.00044746883
0.0
0.00034821685
0.00015685335
0.0
0.0006724559
0.0001194445
0.00015616324
0.0
0.0010043196
0.0007197689
0.00021077297
0.0
0.0004564505
0.0019030301
0.0
0.00020713406
0.00058019534
0.0
0.00026142178
0.00017617573
0.0004189047
0.00016051019
0.0
0.0003394126
0.00095415395
0.0
0.00055689097
0.0006124554
0.00023940986
0.0
0.0005376488
0.0
0.0004639197
1.5808677e-05
0.0
0.00050703995
0.00094708626
0.00042495318
0.0
0.0002055699
4.465552e-05
0.00020426186
0.0
0.00070618745
0.0013286779
0.0
0.00035171304
0.0004563611
0.0
0.0008246768
0.0009553535
0.00072064996
0.00044429675
0.0
0.0003022235
0.0007483307
0.0
0.0006610381
0.00049354695
0.0005008793
0.0
0.00031988136
0.0
0.00050828606
2.6680122e-05
0.0
0.00068973936
0.004287971
0.0002800878
0.0
0.001084052
0.00014830078
0.000627514
0.0
0.0005670935
0.00046269433
0.0
0.0001726253
0.0008821562
0.0
0.00093119964
0.0011776024
0.0004397682
0.00021575182
0.0
0.0012259614
0.00046838634
0.0
0.00092743617
0.00033204397
0.00028670207
0.0
0.00035995245
0.0
0.0003112359
0.00019742269
0.0
0.00049292017
0.0013979882
0.0005511977
0.0
0.00063506234
0.00016534794
9.6867094e-05
0.0
0.0003745011
0.0002639197
0.0
0.00017822906
6.500888e-05
0.0
0.0008843094
0.00044462224
0.0008177981
0.000119565986
0.0
0.0008385675
0.00069507025
0.0
0.00027025276
0.00037296116
0.00060531177
0.0
0.00075054914
0.0
3.684254e-05
0.00058909226
0.0
0.00067891274
0.0037483918
5.5488432e-05
0.0
0.00066654664
0.0004767375
0.00019136537
0.0
0.0006903019
0.0010896241
0.0
4.5381137e-05
0.00035646372
0.0
0.0006220201
0.00022461242
0.00084916316
0.0009822557
0.0
0.0012216615
4.6407687e-05
0.0
0.00056224735
0.00011116685
0.0008803203
0.0
0.00067604147
0.0
0.0001054313
0.00027391966
0.0
0.00042788964
0.005520124
4.3155393e-05
0.0
0.0007340219
0.00031410716
0.0004580943
0.0
0.00070388895
0.0023431666
0.0
0.00035202876
0.0007212674
0.0
0.00015480747
0.00030970573
0.0010006875
0.00060559064
0.0
0.0008561518
0.00039778417
0.0
0.0010129047
0.00033905823
0.0007481905
0.0
0.00047516823
0.0
0.00048151333
0.00058846455
0.0
0.000628517
0.004903859
0.00026769657
0.0
0.00064559
0.00044544507
0.0006541703
0.0
0.0008983109
0.0011335379
0.0
0.00018828269
0.0008801138
0.0
0.0005165618
0.0012317915
0.0007872246
0.00021387124
0.0
0.00042093592
0.0002791984
0.0
2.9745586e-05
0.00023309281
0.00074971485
0.0
0.00046295486
0.0
0.00010236981
5.4953387e-05
0.0
0.00012231176
0.001590571
0.0007868968
0.0
0.00055762194
0.00077151787
0.00029989518
0.0
0.0007425165
0.00073901983
0.0
0.00032456126
0.0003593294
0.0
0.00015181093
0.0010771994
0.00022911071
6.766594e-05
0.0
0.0012602592
0.0002051869
0.0
9.882124e-05
0.00032499805
0.00038847775
0.0
0.00013339287
0.0
0.00058882125
0.00021625683
0.0
0.00044495706
6.671506e-05
0.00045987032
0.0
0.0007006172
0.00039896183
0.0006974349
0.0
0.000641983
0.001169527
0.0
9.5878495e-05
0.00034522917
0.0
0.00032485975
0.0007680664
0.00048427656
0.0006755637
0.0
0.0011843638
0.0005499432
0.0
0.0009395615
0.0002814941
0.00031513942
0.0
0.0004393421
0.0
0.00047427043
0.00011191936
0.0
0.0006610425
0.00063536316
0.0011932441
0.001221278
0.0069946917
4.2898988e-05
0.0008183881
0.00053571677
0.007509946
0.004057548
0.00073386775
0.0006637791
0.0039599934
0.0006703129
0.005303286
0.003571406
0.0004489501
0.000989692
0.0038686208
0.00016160015
0.007932325
0.00035504112
0.0018584704
0.0006480799
0.00029572588
0.0004774427
0.0019807892
0.0008759093
0.0016430019
0.006318362
6.961037e-05
0.00015626266
0.0040119216
0.00036642537
0.0018068845
0.00037602568
0.0048266524
0.0024875887
0.0013162824
0.0005420898
0.0036313266
0.0004329743
0.008025651
0.0022035474
0.0016881102
0.0012065411
0.0012383638
0.0012722325
0.0060770866
3.0157451e-05
0.007448804
0.00019190439
0.00058539887
0.00012745454
0.0034024236
0.0073924125
0.0009128526
0.0005637624
0.0017800247
0.0010881069
0.006173108
0.0006839023
0.0030204137
0.0001264246
0.00082410354
0.000107466316
0.0037137372
0.00020530965
0.00093708513
0.000649808
0.0057567344
0.0013406901
0.001771722
5.2951233e-05
0.00724356
0.00028901664
0.0022022654
0.006529399
0.00070464215
0.00054713537
0.0053912685
0.0006709262
0.00519516
1.4059842e-05
0.0063167363
0.0001548928
0.00025719474
0.00090261444
0.0050167735
0.000121167905
0.003084002
0.006546167
9.292859e-05
0.0007044291
0.0020058653
0.0003671453
0.004032726
3.0985568e-05
0.0033320757
0.0006884131
0.0012666481
0.00040027837
0.0068458025
0.00053874636
0.00014563596
0.00556093
0.0006162394
0.0004839806
0.0048333146
0.0014654936
0.003991516
0.0008490515
0.007924607
0.0002439131
0.00020633126
0.00027229704
0.0032042037
0.0052302564
0.0005162831
0.0005118227
0.005763356
0.0013460811
0.0077159037
0.00064763427
0.0050348965
0.000549832
0.0048437333
0.00027044897
0.005218764
0.00023921276
4.5542518e-05
8.106031e-05
0.0062947944
0.0026680494
6.134165e-05
0.00087895524
0.0006662473
0.00020297128
0.0034823567
0.0027669296
0.0012401626
0.0001531019
0.0073621627
0.00013590127
0.0071074935
0.00047915298
0.0033172416
8.494475e-05
0.0010682726
0.0008433165
0.0069705225
0.00064439373
0.003103677
0.007103007
0.00031936378
0.0013215371
0.0027854468
0.0007490255
0.0016315257
0.00013355492
0.0030125617
0.0015626644
0.0006963259
0.0010640129
0.001663252
0.0006311536
0.006318966
0.0076810573
0.0011394122
0.0007460083
0.0078057237
0.00013646099
3.84625e-05
0.00019557419
0.004512823
0.0010485759
0.00014892902
0.0003112238
0.0041734986
0.007342701
0.001460454
0.0011743468
0.001458078
0.00087488536
0.0031666958
0.00070210826
0.001534603
0.0010212357
0.0038307754
0.00045515876
0.0054466114
6.30461e-06
0.0007228344
0.00061537884
0.0052740816
0.0010501797
0.00054138224
0.0005128499
0.00557359
6.8480236e-05
0.005316333
0.0023303102
0.000404187
0.00048065884
0.00628064
0.00020590844
0.004935239
0.001024919
0.0009791858
0.00017659974
0.00018748298
0.00056465575
0.0053157057
0.00039440976
0.0048047546
0.0059970124
0.0001349338
0.00022752985
0.00805733
0.00026675826
0.0032954349
0.00056581106
0.003018786
0.0076941
0.0007753358
0.0005970396
0.003073059
0.0009895797
6.30471e-05
0.0066091823
1.0241394e-05
0.0011148582
0.00086651556
0.00023864032
0.0064800084
0.000120706405
0.0027093398
0.00044279592
2.5470683e-05
7.889802e-05
0.004149639
0.0077375676
0.00020196964
0.00023222249
0.0030012317
0.0005676443
0.00096000737
0.00019541418
0.00027651497
7.776933e-05
0.006006648
0.00060088234
0.007800154
0.0004365542
0.00025377353
2.5503949e-05
0.006517059
0.004637254
0.0008894787
0.001010953
0.00620793
0.00059760816
0.007701822
0.0068017254
0.00046644872
0.00054126
0.00041497624
0.00048753014
0.00049188297
0.0011723363
0.00068873086
0.00057613995
0.0015198612
0.00063372497
0.0054080267
0.00070452876
0.00058190414
0.0042260047
0.00015832885
4.0005234e-05
0.007236199
0.00033752923
0.0034844985
1.5938553e-05
0.0058325785
0.0010464058
0.0012695077
0.0009425256
0.007471461
9.921664e-05
0.0047204737
0.008477207
9.404952e-05
0.00064186216
0.0004292255
0.0010354371
0.004093189
0.00087440026
0.0050265463
0.00012656172
0.0007742117
0.00038499734
0.002790333
0.0005132427
0.0015744069
0.0010923151
0.0024669284
0.00040836254
0.0048522525
0.00051903125
0.0029248646
0.0009252146
0.0038515073
0.0013415313
0.007268014
0.0003521212
0.0011973456
0.00070190476
0.0026714802
0.0033748313
0.00076364586
8.427742e-05
0.0053236834
0.0004070308
0.005253547
0.00047902967
0.0009415741
0.0005195461
0.003972072
5.9099293e-05
0.00089231035
0.0011251809
0.0026226304
0.000227988
0.0011799764
0.000630016
0.004427868
0.0003660079
0.0066947425
0.005037993
0.0011902358
0.00052425906
0.0065480145
0.0009879763
0.007037634
0.00079473574
0.00089656195
0.007479943
0.00033834274
0.0007270067
0.006189553
0.0006760298
0.0066367234
0.0045264354
0.00011757633
0.0010982335
0.0063015614
0.0003974759
0.00742556
0.0007633703
0.001091001
0.0005160264
0.0002672472
8.963875e-05
0.004275403
0.0071518095
0.0014114785
0.0010375038
0.004103984
0.00032030325
0.0015951162
0.0006346791
0.007722114
0.0009631
0.005884936
0.00016612827
0.0048033963
3.493103e-05
0.0005311207
9.251479e-05
0.0030895246
0.0031531646
0.0008054287
0.00048072264
0.004243621
0.0012520798
0.002219262
0.00082217186
3.299059e-05
0.0005410407
0.0059254644
4.600972e-05
0.0058234697
0.00018838902
0.0062512895
0.0006167935
0.00118285
0.00062138727
0.007025446
0.0005111997
0.00024417636
0.0029712913
0.0010632472
0.0013291987
0.0009685861
0.00071791327
0.0015915754
2.51858e-05
0.0011330816
0.006395803
3.7241392e-05
0.001209438
0.0077779223
0.0004946375
0.0034344143
0.004343062
0.0009818594
0.0009850328
0.004052425
6.0769868e-05
0.0044240416
0.00038846568
0.006403042
0.0004010091
0.0006990712
9.031966e-05
0.000797152
0.0055398624
0.00015234912
0.0005741118
0.001443156
0.00025999127
0.007514124
0.00012649984
0.003360032
1.0372826e-05
0.005659288
0.00024867998
0.0038505595
0.00035134243
0.0008896454
0.00039613154
0.0042154063
0.0028755357
0.0005749336
0.000741841
0.0030440406
5.8838865e-05
0.002474097
0.007775669
0.0011992957
0.0003439384
0.003216982
0.0011843296
0.0065241577
0.001327244
0.007889176
0.00050754985
0.0011058375
0.0006496846
0.002093142
0.00051545445
0.0060620825
0.001325421
0.00064009475
0.0013238507
0.004878308
0.0013113148
0.005531832
0.00013120938
0.00066814944
0.007936469
0.0004674322
0.0006712326
0.0030457473
0.0008122728
0.0006524597
0.00046056692
0.0012806961
0.00069034216
0.007542448
0.0005071042
0.0071659586
0.0014254383
0.008025177
0.0012930828
3.3308563e-05
0.00026503624
0.00037673043
0.0062843477
0.0017244895
0.0011152949
0.0076738074
0.0010777985
0.008206824
4.9462105e-05
0.005959264
0.00017246115
0.0046969173
0.0008165749
0.003208669
0.0003604801
0.00075890985
0.00045442907
0.0062554586
0.0052312957
0.0010166718
0.00027459604
0.006572544
0.000102622085
0.001559056
0.0070586894
0.00016939861
0.0012413051
0.00044755917
0.00078361563
0.00062338286
0.00022914706
0.007550914
2.7833827e-05
6.0392835e-05
5.1978004e-05
0.005229845
0.00013750198
0.0015760552
0.005462768
0.0011646799
0.0013284906
0.0019275623
0.0010946186
0.006212657
0.0003598085
0.0019045008
0.005089296
0.00071427925
8.37713e-05
0.0019395244
0.001626589
0.008506515
0.00066877634
0.00016199867
0.0005934378
0.0041925833
0.0005322167
0.002616018
0.00012076718
0.0026628727
0.00033740312
0.00011231779
0.0003242127
0.0005465196
0.0056198966
0.0003723743
0.0013339367
0.0012645457
0.00036545796
0.0021020747
0.00068397017
0.006147448
0.00036956678
0.003232116
9.520636e-05
0.005257299
0.00081238337
0.0011087293
0.0005902925
0.0025183328
0.0042090835
0.000859824
0.00045368145
0.0062234523
0.0005632015
0.0055134576
0.003309363
0.0005301484
0.0012210922
0.0019471344
0.00046803663
0.0011140511
6.908451e-05
0.00631975
0.00037750992
0.0008646711
0.00061166636
0.007977334
0.0004825294
0.0053769522
0.002036119
0.0002138426
0.00088895694
0.0036881445
0.0009354886
0.007814626
0.0003937888
0.008027454
0.0060298773
0.0007435521
0.0012128648
0.0050149425
0.00040727737
0.0027336283
0.005262752
0.0012751203
6.0158578e-05
0.0052706427
0.00072686514
0.0012998555
0.00039312895
0.0030001977
0.0011300137
0.00096900295
0.00045205184
0.005213481
0.0066214707
0.0014764783
0.0004947694
0.0009297862
0.0003598265
0.004021741
0.0005814931
0.0043821624
8.9102025e-05
0.0063472344
0.0005556963
0.0058796816
0.00083391054
0.0003134131
0.001046786
0.0026018582
0.0017862724
0.00063251285
8.867134e-05
0.0064744907
7.006811e-05
0.0026817461
0.0063981335
3.1398187e-05
0.00065786566
0.004810554
0.0014217224
0.003071764
0.0007594442
0.007099326
0.0002556634
0.00038168696
0.0013224953
0.0055415602
0.0013674714
0.0024409485
0.0030994974
0.00057876715
0.0006329231
0.00382025
6.360095e-05
0.0074234237
0.00033342373
0.003374163
0.00092906936
0.0011043269
0.00060427556
0.004468447
0.00040480564
0.003754791
0.000344326
0.0011929967
0.000609668
0.007433452
0.0013652138
0.0067736236
0.0005060434
0.006961813
0.00043264747
0.0006597047
8.0817605e-05
0.0061672307
0.0052256654
0.0007292656
0.0007419429
0.0018798533
0.00082766917
0.0055426285
0.0005903924
0.007998862
0.00034368396
0.0011515102
4.941578e-05
0.0037512046
0.00067814457
7.4955424e-06
6.915844e-05
0.0074497284
0.0033061085
0.0011160607
0.0012945958
0.0065271803
0.0006627566
0.0046935184
0.0035048209
0.0012344848
0.00075008476
0.0012800577
0.0006538476
0.007955462
0.0007605248
0.0026458246
0.001280997
3.414633e-05
0.00029810032
0.006074321
0.0002982947
0.00035510206
0.005830281
0.00019650802
0.000909833
0.0058154827
0.0004769835
0.0006225686
0.00022704876
0.004684646
0.007852245
0.0010848544
0.0008263767
0.0034114346
0.0011777699
0.0059484956
0.0065565696
0.0012775855
0.0012173321
0.002667099
0.00018928468
0.0035632616
5.4650227e-05
0.0069979825
0.00023795506
0.0001595628
0.00060472265
0.0055505214
0.0036176243
0.0007881648
0.00085932395
0.0046880622
0.0002597832
0.0066962843
2.3700166e-05
0.004462201
0.0003506185
0.0013446345
0.00020159772
0.0047517032
0.00032650598
0.00059908
0.00018307741
0.0035003128
0.0036931168
0.00040991977
0.000982836
0.0038745357
0.00033404562
0.002097794
0.0047092885
0.0006013806
0.00037117646
0.0017917549
0.0013563775
0.0081926705
0.00069824455
0.0039076237
0.00041008228
0.000918746
0.00035192116
0.002325883
1.5577214e-05
0.001966954
0.0066884635
0.00021766138
0.0008097101
0.007919821
0.0006294693
0.0050685243
0.0013924142
0.006836903
0.0058162846
0.00033847033
0.0006804741
0.00019325329
0.0013506156
0.0006013468
0.004632718
0.00066233054
0.0008893993
0.006460204
0.0005544699
0.0070841075
0.00073546456
0.00254088
0.0010542534
0.0013460424
0.00020179828
0.0059463624
0.0008666366
0.0016965643
0.0010926422
0.0055524944
1.1002377e-05
0.003978441
0.00011613907
0.005038679
0.0001871431
0.0053770123
0.00021458542
0.0073655657
0.0007370918
0.00054054125
0.0007048161
0.0059534386
0.005330539
0.00087310956
0.0016449757
0.006951
0.00045475177
0.0033792404
0.0045705605
0.000694918
0.00070319243
0.0028521381
0.00025323778
0.0028757541
0.0010462868
0.0025556302
0.00039086957
0.00043795886
0.001432746
0.005555529
9.672629e-05
0.0052304524
0.0061222585
0.0014845026
0.0011422221
0.007544682
0.0012109353
0.007431754
0.00065075234
0.0005551125
0.005175897
0.00022238283
0.00042760524
0.00277237
0.0011872288
0.0021442946
0.0007221792
0.00023931591
0.00026321877
0.0029848658
0.0002017887
0.0035112193
0.0006407472
0.0004909913
0.00076534704
0.00028111925
0.00051044393
0.0048667663
0.0022587648
0.0010531857
0.0013052872
0.004485069
0.00019863003
0.0025734033
0.00055607664
0.0032875238
0.00063331187
0.0023112404
0.0011451314
0.007824097
0.00084360305
0.0005637079
0.00088423863
0.008092964
0.0067548277
0.00047764438
0.00017571158
0.005210121
0.0004554023
0.0016985777
0.0061114985
0.00034059584
0.00036024724
0.004230792
0.0003112619
0.005703486
0.0007062298
0.0012518186
0.00048523722
0.00040013483
0.0012857171
0.0053617777
0.00044956282
0.0066125463
0.005708889
0.0006625643
0.00027154153
0.000562702
0.0003877231
0.007184345
0.00020133401
0.0067079975
0.0050847554
0.0008939216
0.00047061313
0.005823874
0.00042423652
0.0027720071
0.0069161104
3.5803787e-06
0.0010996286
0.0038344252
2.8915925e-05
0.007227824
0.0008277743
0.004359393
0.0004372283
0.0009668167
0.00023422347
0.003683656
0.001648698
0.0011122297
0.0003250281
0.008151475
0.00011672109
0.0068469513
4.7293754e-05
0.0057152193
0.00014436622
0.0051619457
0.0014410131
0.0029840348
0.000243309
0.0011966447
0.0005358984
0.0056355903
0.008159838
0.0005545663
0.00019915437
0.0020864042
0.00038350094
0.007770991
0.0023190982
0.00094464514
0.00061275234
0.0027047873
0.0013182077
0.004307904
0.00013298448
0.0033850453
0.00069158943
0.000629656
0.0006541915
0.008043575
0.00042471464
0.0014139672
0.0040278034
0.0006202636
3.9992272e-05
0.000821866
0.000577135
0.0031095939
0.0006099567
0.0037804074
0.0007749118
0.00038378895
0.00097256247
0.0054182587
0.00019137328
0.0053210747
0.006770538
0.00087556476
0.0004760188
0.004828914
0.0007391413
0.005423621
0.00083012047
0.007331656
6.375518e-05
0.00061546126
0.0006609312
0.0013777907
0.00032782374
0.00014867436
0.0006207911
0.0018188925
0.00011681183
0.0031651955
0.00023940747
0.0048378147
0.00020463995
0.0039450964
0.0013731302
0.004479335
0.00044984836
0.0008283835
0.0003792468
0.007575925
0.0041391016
0.0005723601
7.4594864e-05
0.0018441443
1.4543213e-05
0.00680609
0.00263227
0.0012832731
0.0011139708
0.0024376174
0.00041100848
0.007525625
0.00082788285
0.0020222138
1.0735842e-05
0.00015844207
0.0014305885
0.0062905364
0.00035389117
0.005937309
0.006078674
0.001404739
0.0003124272
0.007932187
0.0014079926
0.0056674164
0.0006413646
0.0047406713
0.006295322
0.001415832
0.0010865118
0.006817233
5.889006e-05
0.0013599076
0.0023557574
0.00026500016
0.0012860559
0.004924384
0.00036387192
0.0060644867
0.00042695692
0.0007526163
0.000612899
0.00050163805
0.00047669793
0.0044610063
0.0050618504
0.0013520475
0.0009689509
0.0049343226
0.0004400825
0.0029063898
4.4451735e-05
0.00523765
0.00019717214
0.00384476
0.00042650395
0.0052657686
0.00055538584
0.00018140906
0.0010913118
0.0075505506
0.0034904415
0.000512952
0.00041551725
0.0058908924
0.00059491023
0.004453827
0.002833705
0.0009562364
0.0013872674
0.007948248
0.0012575695
0.001518857
0.00034170458
0.0033829
0.00065732794
0.00028074894
5.4456526e-05
0.005613473
0.00030613784
0.0018559766
0.0013251499
0.0009947959
0.00067526905
0.0018083114
0.0003536826
0.000736001
0.0004829104
0.006882036
0.0050349496
0.00041543902
0.000192067
0.0058809686
0.00070136087
0.0047307247
0.0069000823
0.0013238126
0.00024416132
0.0018769975
0.0005095294
0.0042742495
0.00019631982
0.0022349996
0.00028002268
0.00045114034
0.00028825016
0.006329748
0.0026402946
0.000889122
0.00073138997
0.006813513
0.00038926164
0.007086834
0.00061760657
0.0064664115
0.00031874073
0.006593764
0.00054769916
0.007194417
0.0009263664
0.0012235926
0.0002675103
0.004554452
0.002429594
0.0011433
0.0011966664
0.0066729435
0.00017319026
0.00089540164
0.0024135006
0.0009998302
0.00022459059
0.0064510847
0.0007635228
0.00030984942
0.001307654
0.0015755955
0.00030165398
0.00058544986
0.00048988825
0.0030477834
0.00025170227
0.0058501656
0.0007892264
0.0014386657
0.0010159861
0.0013786664
0.0011014686
0.004249461
0.0004050043
0.006601925
0.00626421
0.000483308
0.00054247165
0.0036212208
0.00023154357
0.0058897687
0.002205849
3.9168837e-05
0.00055542774
0.0011569137
0.0004897573
0.007814467
3.115646e-05
0.001971533
0.00066046754
0.00058114645
0.00044765603
0.0075666346
0.0032746342
0.0013972162
0.0009664487
0.0063003562
0.0005148242
0.0023730209
0.000980721
0.006026803
0.0010510655
0.0018511865
0.0009798398
0.006309063
0.00084718445
0.00018861552
4.7680747e-05
0.00090747373
0.00850473
0.00070839585
8.446989e-05
0.0032642276
0.00047132
0.006892372
0.0034818787
0.0014002491
3.5236833e-05
0.0012071349
0.0004987237
0.0077761477
0.0011095509
0.005156636
0.0011087889
0.00086467294
0.00057138316
0.0023190246
0.00019017956
0.0067062727
0.0041567083
0.00085719116
0.0009312864
6.314829e-05
0.00012938805
0.0023859304
0.00023162668
0.0037776695
0.0029246425
0.00021138461
0.00043116498
0.002653763
0.00016123914
0.0022791852
0.0072853277
0.0005780256
0.0005589965
0.00019875313
0.00028611743
0.005442837
0.001228131
0.0057095457
0.0006116506
0.0008191322
0.00022564759
0.0015465603
0.0038412232
0.00033323525
0.0013097386
0.00075556315
0.0002549272
0.004663363
0.00056969235
0.0062250406
0.0013861881
0.006237209
0.00019053894
0.0061073443
0.00041707465
0.0006099236
0.0007151179
0.0043242103
0.0075074285
0.0014825128
0.0012448498
0.0028542103
0.00042200135
0.0023150686
0.0041087605
0.000115413684
0.0005674511
0.0071220873
0.00045136688
0.0022468457
0.00051486376
0.0053944387
0.00041972328
0.00018991454
0.00025046084
0.00630741
0.0005059135
0.0031098118
0.004448655
0.0010135854
0.000764518
0.0011702385
0.00032036635
0.0034774847
0.00023754803
0.0054309876
0.0007089101
0.00064219
0.0013912428
0.000266739
0.0017771292
0.0073223114
0.0041940836
0.0008173501
0.00016285921
0.007237008
0.0010940369
0.0032407371
0.0008820264
0.00605023
0.00019407284
0.0006283331
0.00022132928
0.0012325566
0.0034176728
0.000562822
0.00023895096
0.0008872289
0.0009873756
0.0031511341
0.0004280533
0.00023932857
0.0005699198
0.004791547
0.00059713534
0.0032601352
0.0007158681
3.549995e-05
0.00017257905
0.0037126397
0.0020896487
0.00055824034
0.0003795633
0.0069011613
0.0002431653
0.0024070926
6.477871e-05
0.0009901025
0.0010368403
0.0068775024
0.0010586239
0.0050314786
0.00091608474
0.0048256894
9.418145e-05
0.00077640405
0.00017832848
0.0057747317
0.00041714497
0.0030918636
0.0028532995
0.00025310344
0.00048224523
0.00818436
0.0007574685
0.0027035815
0.0007632368
0.0013516183
0.0038616436
0.00016545353
0.00034769578
0.0006435794
0.00015178241
0.004179684
0.0015165951
0.0010631159
0.0010674745
0.0031329307
0.00047196914
0.0016791882
2.9565736e-05
0.0056511904
0.0008762281
0.00075921277
0.00052505126
0.0013633609
0.00072581973
0.0010808343
0.0012262608
0.0017085981
0.0001143064
0.0037445084
0.00024313782
0.0077077067
0.0011869441
0.005916065
0.00043569016
0.0053088046
5.909922e-06
0.0004793373
8.22444e-05
0.00472876
0.0026934147
0.0009955126
1.0327367e-05
0.0052435063
0.00074157026
0.007409501
0.006829592
5.4328586e-05
0.00027395133
0.0025310824
0.00030433945
0.005139226
0.0005110898
0.0026158735
0.0011379989
0.0008753664
0.00017460377
0.0040511247
0.0005523502
0.0029895247
0.0066112946
0.0005213644
0.0008616609
0.0023585428
0.00047522224
0.004358548
0.00024262979
0.007828442
0.0037945516
0.00078678294
0.00048588944
0.007713384
0.0011623149
0.002102422
0.006479534
5.5469543e-05
0.0010017882
0.0037497256
0.0003200556
0.0006041429
8.244745e-05
0.0012072277
0.0006440909
0.00058444985
0.00048047418
0.0023706593
0.0010263254
0.0012178821
0.00035453844
0.0012610343
0.00087596494
0.0052509205
0.0006025792
0.0066111386
0.00060678774
0.00569276
0.0014144185
0.0032964756
0.00012238673
0.0010407898
0.0005075772
0.0038619363
0.005787753
0.00059430767
0.0007210686
0.0078628585
0.00019909465
0.005645239
0.0044494006
0.001007942
0.00048249518
0.00508943
0.0010128005
0.007032769
0.0005830462
0.0064181737
5.1939307e-05
9.568228e-05
0.00043439586
0.0013736133
0.00072589144
0.0015662926
0.0007835257
0.00040569622
0.000732516
0.0012822942
0.00096139824
0.004672937
0.0007194617
0.0077138194
0.001217428
2.1054002e-05
0.00015767559
0.0007462583
0.0002451347
0.0020334641
0.00031170054
0.00092237256
0.001341606
0.00072566164
0.0003326675
0.006321658
0.0011854225
0.0062626502
0.00029840032
0.0012865677
0.00058503915
0.002379717
0.002224009
0.00032065634
0.001433359
0.00063185976
0.00039538136
0.007042551
0.00041922322
0.0070773778
0.00035063177
0.0056698984
0.0009618088
0.0037829357
0.0014412056
0.0009448775
0.00045381347
0.0025902484
0.0049782414
0.0010851175
0.0008780862
0.000725435
0.00042704446
0.008037065
0.006199343
0.0013046609
0.0006418724
0.004562057
0.0009659055
0.00025949063
0.0008910708
0.007463008
9.889982e-05
0.0013079932
0.00021593575
0.0056837774
0.000600372
0.0055060065
0.003839523
0.0012682001
0.00019185993
0.0071662203
0.00075909705
0.0073939627
0.00012918707
0.00326808
0.00026672913
5.0915784e-05
0.0001913883
0.00481567
0.00026779607
0.0020911493
0.00071761385
0.001832271
0.00095120183
0.0046591074
0.00029767863
0.0022339185
0.0007868117
0.0011598438
0.00013063676
0.0015324531
0.00043029943
0.0011215769
0.0017627588
0.0013330597
0.0003628187
0.0007103459
0.00015564534
0.004994245
0.00032272004
0.0014696633
0.00024509965
0.00064110674
7.9463236e-05
0.0074779233
0.00021795041
0.00111634
0.00019613176
0.00697531
0.00073893985
5.3366297e-05
0.00046100613
0.0032348556
0.00063572126
0.0013646993
0.006756064
0.00073900353
0.00040486793
0.0068321223
0.00065362506
0.0025862637
0.0002591894
0.0074063563
0.00039394433
0.00043560145
4.575848e-05
0.008094705
0.001043582
0.007689649
0.0078119505
0.00029941602
3.1871517e-05
0.006220317
0.00023368467
0.0029606028
5.112961e-05
0.003548008
0.0037500137
1.2341399e-05
0.0003748992
0.0034886566
0.00029118915
0.0003569
0.00027577323
0.0004665535
0.00029268488
0.007036433
0.00021524428
0.006475967
0.0006186445
0.004362936
0.00028769975
4.4437824e-05
0.00020369829
0.0077969874
0.0062875925
0.0006505933
0.00025627477
0.0018585444
0.00044237915
0.0057149692
0.0012085671
0.004353408
0.0005372679
0.0014206703
1.2368006e-05
0.007853139
0.0007479848
0.0012404905
0.00042595027
0.0043401155
0.0065628686
0.0006757858
7.8974175e-05
0.00505399
0.00012851413
0.0028768014
0.0025887203
7.065508e-06
0.0003190462
0.0011559257
0.000159321
0.0073608463
0.001442072
0.0015531861
0.00047317462
0.0014734003
0.0003658901
0.0010633488
0.00066748774
0.004820291
0.0035563456
0.0004782346
0.00067776634
0.004459721
0.0006459503
0.0032807486
0.0006538383
0.007986082
0.0062016826
0.00022240647
0.00018529716
0.00025705306
3.5563107e-07
0.005140416
0.005777424
0.00034555327
0.0009860145
0.0019785112
0.00033462117
0.0044794735
0.0006191288
0.0067022634
0.00044546422
0.00046705804
0.00029497757
0.0058950493
0.002447946
0.00033866463
0.00024416385
0.007183447
0.00043440727
0.0044628363
0.0005531325
0.0069254367
0.00063100026
0.005724037
0.000607402
0.0053450293
2.2539738e-05
0.0012515611
0.0003885827
0.0070779063
0.0010012154
0.00020306674
0.00012756366
0.0007055138
0.00030169473
0.0049571693
0.00086057076
0.00023213238
0.0005247904
0.0037333297
0.00034961605
0.007299565
0.0006561484
0.0059194537
0.0006155665
2.0766456e-05
0.0002246722
0.0022032964
0.0012150668
0.0016185222
0.00780308
0.00019296748
0.0002855761
0.0020547104
0.0006013303
0.0014720702
4.289765e-05
0.0027535644
0.0066915806
0.00045186118
0.0012649754
0.0019293565
0.000238684
0.007527293
0.008159957
0.0013530576
0.0007776345
0.007520983
0.0004024583
0.0014159649
0.00073992426
0.0012870829
0.00011074168
0.001136689
0.00057256635
0.004204861
0.0053834883
0.0008671307
0.0011125247
0.00445385
0.0005656085
0.00017885513
8.763262e-05
0.0018308079
0.0005609728
0.0017480544
0.0011046508
0.0042540077
0.00010709226
0.0011734581
0.0007870762
0.007974219
0.0029585764
0.0007524681
0.0007505175
0.004289013
0.00010603538
0.0013860104
0.0067057777
0.0015138071
0.0014775404
0.002595385
0.00053990074
0.004510944
0.0007836035
0.0028396598
0.00020631042
0.00068247085
0.00079773436
0.0071515646
0.0002547293
0.00233349
0.0077106394
0.0003402196
1.7727836e-05
0.0031481115
0.00018034116
0.0053388644
0.0006276113
0.0048397635
0.0043636146
0.00022792723
0.0010359731
0.007063498
0.00016321382
0.005289111
0.00021037569
0.0007996198
0.00071733026
0.0028969427
0.00025680033
0.0016214865
0.00045976485
0.0056880205
0.0013657163
0.0004828896
0.0006313706
0.001423954
0.0048881
0.0010080999
0.0005112423
0.007902606
0.0008691186
0.0068077017
0.0004889304
0.005941959
0.00046518844
0.0079731075
0.0009230336
0.00745249
0.00041792632
0.000869161
0.00035802484
0.0010642642
0.0018883335
0.000654547
0.00055093784
0.003892514
0.0002857605
0.005395369
0.0068086465
0.0011485545
0.0010571245
0.0007247364
0.0010315008
0.0030161852
0.0006204145
7.354033e-05
0.0005039321
0.0006145453
9.158076e-05
0.007836057
0.00063473755
0.0075714244
0.0026020887
0.00046423217
0.00034064683
0.0045980406
0.00029117428
0.002383406
0.0003110168
0.0045792433
0.007310233
0.000914284
0.00075336435
0.0065450747
0.00012078066
0.0036008183
0.007274175
6.421286e-05
0.0012028634
0.0015966867
0.001225377
0.00052448065
0.00034881526
0.002571568
0.00019244186
0.0009751916
0.0004700403
0.0034493408
0.0042104726
0.0011660713
0.00020425503
0.0015221826
1.7363185e-05
0.0004536754
0.00050050626
0.0009311427
0.0006433949
0.004394999
0.0004556855
0.0021600483
0.00023361859
0.0014082454
0.00044636978
0.003909795
0.007506023
0.0014145421
0.001701086
0.007885902
6.9018046e-05
0.0029262973
0.0019594363
0.001251535
0.00058482983
0.0042541414
0.0010572288
0.00043066576
0.0007240125
0.0012178404
0.00036301767
0.00030845776
0.00044526486
0.0030236058
0.000158857
0.00066241756
0.002617402
0.00052461214
0.00023750705
0.002986939
0.00049949385
0.0007383346
9.886263e-05
0.0008038424
0.0048728334
0.00023037184
0.00047221943
0.0023869958
0.0014228018
0.00096270704
0.0039161355
0.00019308191
0.00038936813
0.0011492433
0.00031266775
0.004101905
0.0003908574
0.0032589822
0.0002249348
0.00017761742
0.00044519687
0.007945299
0.0079593435
7.41861e-05
0.0007807012
0.001076672
0.0005648751
0.0033246495
3.333928e-06
0.005040645
0.00013266352
0.006486778
0.0010058808
0.0073227794
0.00020550759
0.0013259295
0.00026599225
0.006393945
0.0042229034
0.0005532596
0.0008942103
0.006592513
0.00041779038
0.005574248
0.006794782
0.001263733
0.00033038555
0.0029137358
0.00037522923
0.0017878221
0.0005421201
0.0061928392
0.0005792156
7.495063e-05
0.001291566
0.0058283973
0.0012359165
0.005229964
0.0011529158
0.00025410624
0.0007223366
0.007770211
7.769407e-05
0.0040956563
0.0006007748
0.002699405
0.0062422683
0.0010193218
0.0007219943
0.006008272
0.00023980986
0.00031865263
0.00026011447
0.00012836634
4.7424764e-06
0.006983326
0.00040152587
0.002932579
0.00061992696
0.0012026725
0.0005438435
0.0005454812
0.00037223496
0.0076258793
0.003373735
0.00024665624
0.0012442027
6.187399e-05
0.00028779125
0.0051284335
0.0012968867
0.005053931
7.7628814e-05
0.009601763
0.00029491214
0.014876051
0.014884751
0.00013785064
0.00066226185
0.002413265
0.00033951545
0.0010459851
0.00068192824
0.0009116803
7.911139e-05
0.0025248444
0.0004046969
0.008159411
0.00026914
0.009767545
0.0007756334
0.0053634173
0.0053255004
0.0004663458
0.00045878955
0.0025762257
0.00015529575
0.00043441635
0.00054687203
0.0009836522
0.0004707144
0.001797694
0.0008458871
0.009926662
0.0005426875
0.0003281231
0.00075613696
0.0036200057
0.00032522765
0.004095653
0.0010973405
0.013297543
0.00035815235
0.00049123913
0.00019815959
0.01655789
0.00035836693
0.0005162215
5.5296327e-06
0.011318894
0.004616672
0.00037156604
0.00017715748
0.016313346
0.0005104376
0.0007377174
0.0007329066
0.0032485803
0.00043565515
0.016922526
0.0005120979
0.012720411
0.0005406338
0.00035464158
0.00038841477
0.008733088
7.458086e-05
0.008355243
0.011614636
0.00027473643
0.00092723663
0.011193035
0.00058272097
0.0004857895
0.0011999967
0.011711598
0.0011222835
0.00948224
0.00013928207
0.009459196
0.000100102036
0.01227264
0.0011212549
0.0026591704
0.0071575996
0.00039179064
0.00044532245
0.017360285
0.0003899654
0.000683289
0.0009911101
0.015985565
0.0001083315
0.006350664
8.130003e-05
0.006890881
2.4029056e-05
0.00028984202
0.00015854137
0.01141071
0.0008060989
0.0016133036
0.00022670944
0.0072189583
0.0005964046
0.000687683
0.0009610318
0.014453432
0.00020844009
0.0017638939
0.0004015606
0.01593937
0.0151064545
0.00018044142
0.00014918731
0.008879683
0.0007019148
2.7330068e-05
5.0706316e-05
0.010058145
0.00029095175
0.0090361275
0.0001888908
0.014238575
0.0004059856
0.0003119479
2.026872e-05
0.012293575
0.00020231698
0.00036958978
0.008968503
0.0009946823
0.00042865565
0.008024584
0.0010707611
0.0016066357
0.0011905914
0.0032950167
0.0007159605
0.0137965325
0.00030408453
0.0049531227
0.0003010993
0.01081607
0.0003635538
0.0069442373
0.015613007
0.00020850776
0.0006724019
0.0001753042
0.00022171985
0.0005328525
0.0005614534
0.0008121763
0.00021561857
0.008413851
0.0008189881
0.01067651
0.00033561737
0.00047722552
0.00048605126
0.0093393745
0.00016762289
0.0038725086
0.00067032187
0.016469236
0.0004112655
0.00053425133
0.00017315801
0.0002025343
0.00082878757
0.005670428
0.00040125748
0.010503431
0.012852487
0.00034053065
0.00038052938
0.0055978578
0.00058704073
0.00024181139
0.00043603763
0.01393381
0.0004752047
0.018059094
6.141177e-05
0.0103380475
0.00019214816
0.000109250774
0.00022063861
0.0012990471
1.7812888e-06
0.017723542
0.016995043
0.0002716328
0.00061007106
0.017776532
3.3812725e-05
0.0007912414
0.00028223882
0.0138777625
0.0003499142
0.012584902
0.00094899815
0.0014248292
0.00025141382
0.015501977
5.5823188e-05
0.007791889
0.013934677
8.529099e-05
0.00046459242
0.0049452563
0.00041701138
0.00036187656
0.00029477946
0.009037906
0.0004109913
0.010881175
0.00069939805
0.0038857372
0.00023299687
0.00024736673
0.000453796
0.0027764125
0.00013495985
0.002975901
0.0010802947
0.008123129
0.0003132753
0.00028195325
0.00042997688
0.0038808961
0.0004489986
0.0025264767
0.0004457845
0.0151357865
0.0127042765
0.00070997793
0.0008073184
0.016911043
0.00035771646
0.00089729764
0.00083290885
0.01115514
0.00055661256
0.016794842
0.0008931911
0.0014280512
0.00095222594
0.00092231855
0.00035500093
0.011978661
0.0009977274
0.007452216
0.014154212
0.0009065205
0.0004538353
0.0136565305
0.000372882
0.00037814584
8.878209e-06
0.014045136
5.8700134e-06
0.012640702
0.0005627786
0.015107944
0.0006561987
0.007579232
0.0001663177
0.0046497714
0.011273468
0.00029059034
0.0006076687
0.007761473
0.0003856767
0.00039704796
0.00047741062
0.014831873
0.00086294976
0.010981143
0.0010289943
0.01026758
0.00023291772
0.00015994627
0.0002532975
0.004342772
0.00070663873
0.014487274
0.00054746075
0.014607927
0.00041667355
0.0006156536
0.00034438996
0.0106647685
8.981879e-05
0.00036482094
7.710412e-05
0.013427634
0.006864478
9.063643e-05
0.00018262408
0.011409351
0.0005612303
0.00023787422
0.0006230852
0.012238757
0.00033525072
0.014247088
3.3701373e-05
0.005871944
0.0010843894
0.0009646453
0.0004388764
0.0011446594
0.0004239084
0.015034094
0.0003994631
0.0008049365
0.00026028822
0.0009281015
0.0004646553
0.0005437406
0.0014488549
0.017618835
0.00028070036
0.0047197193
8.0611004e-05
0.0034963652
0.000397388
0.0020554028
0.0008613113
0.013022854
0.014718281
3.719714e-05
0.0010182787
0.010144582
5.4900054e-05
0.0006038267
9.134396e-05
0.0065199104
0.0009306858
0.008924794
0.00025313694
0.005249434
0.00077800755
0.0011311062
0.0007860591
0.014589844
1.7429606e-05
0.0094557
0.00027653505
0.01633154
0.0004226986
5.663454e-05
0.0003144113
0.015091969
0.0006349884
0.017319007
7.165012e-05
0.0061445716
0.011717511
0.00028303545
0.00070096593
0.007415639
0.00018529658
0.00048476085
0.0002525106
0.011802945
1.06569005e-05
0.01768678
8.133903e-06
0.012194655
6.2119725e-05
0.0002656523
0.00018792127
0.006775245
0.00092298817
0.007270675
0.009044331
4.6837667e-05
0.00011236508
0.007439489
7.33884e-05
0.0007864209
0.001087032
0.00090789783
0.0004778848
0.008340204
0.0008325683
0.016007911
0.0005156115
0.009421302
0.00033006226
0.00928039
0.011896602
0.00042024348
0.00011989614
0.0033897858
0.0004098549
0.00044970773
0.0003493738
0.01401341
0.0009843408
0.015261912
0.00062032125
0.0024161267
0.00036929874
0.00035713427
0.0001215989
0.0022051376
0.0009345748
0.0005300326
0.00017863623
0.0025159244
0.00045048702
0.00029112585
0.0006920385
0.016846353
0.00014924673
0.004574361
0.0009842983
0.0118915625
0.01603746
0.00044733007
0.0006744789
0.00992412
9.381689e-05
0.00031319354
6.229623e-06
0.015666416
0.0011341223
0.007780209
0.0003671754
0.012421693
0.00093333615
0.0009937249
1.2637234e-05
0.009016038
1.4337677e-06
0.0054154187
0.01714347
0.0003031548
0.0009660901
0.008975253
0.00038807883
0.0009826608
0.0001608322
0.00978323
0.00017074817
0.004721627
2.8280252e-05
0.012577322
0.00032965344
0.0012666143
0.0009330748
0.0049515823
0.0055517727
0.00027500186
3.1259882e-05
0.017262315
0.00015069859
0.000691643
0.0002857082
0.0029632044
0.0009715269
0.0022856917
8.985752e-05
0.010826199
0.00055666396
0.00021237996
0.00028826334
0.0032289037
0.00032691364
0.0075273095
3.885976e-05
0.01657576
0.00034703998
0.00013309473
0.0005175516
0.0040343646
0.00031243468
0.0033615723
3.636568e-05
0.0059266915
0.0001715495
0.0004489487
0.00061496923
0.007389627
2.136834e-05
0.00089560356
0.00045607018
0.011345678
0.00023658077
0.006216712
0.00043883763
0.012495577
0.00015782617
0.00026941113
0.0010438133
0.0027979827
0.00035632245
0.012390407
0.015147487
0.000274227
0.00015198455
0.0070811342
0.00025324023
0.00069726445
0.00010871105
0.0041403635
0.00015831253
0.00097153586
0.00047358108
0.007077693
0.0003076157
0.0022077495
0.00090203393
0.0039229584
0.0016256399
3.6815763e-05
0.0005717729
0.0150532685
0.00038246583
0.00048618298
0.00034075332
0.003063628
0.0006251983
0.015077768
0.00023047497
0.0010002
0.00062406936
0.00071371906
0.0010939814
0.013822244
0.00020009304
0.015906243
0.00045946342
0.016814029
0.00029976026
0.00071705226
0.00035065477
0.005578505
0.00055014715
0.012011124
0.0005273451
0.01042377
0.011946847
5.1724783e-06
7.1689676e-05
0.012692191
0.0004764957
0.00037090154
0.0004727797
0.014981834
0.0004693513
0.0020372497
0.0009400004
0.0009828525
0.0004117818
0.00020370912
9.79618e-05
0.015003302
3.5098733e-06
0.0011776389
0.01623478
0.00033129007
0.0005182413
0.005162565
0.00074189703
0.0013692323
9.5071926e-05
0.012133064
0.00019072912
0.017312773
0.0003404843
0.00025315784
0.00053576176
0.009499986
0.00035554575
0.009924152
0.014452326
8.566608e-05
0.0009609186
0.010005146
0.00029801147
0.0006181346
0.0005022754
0.0047635143
3.8369428e-05
0.0045101927
0.0005467762
0.003015419
0.00038327547
0.00013750559
0.00096308556
0.0025354857
0.00036836942
0.01241958
0.0007739147
0.0056077326
0.00019545405
0.0010531042
0.00085230166
0.0075824247
2.6924636e-05
0.003158831
0.00010944796
0.004649342
0.011221566
0.00048228353
0.00015944854
0.0025043178
0.00041081064
0.00044853194
0.00041081762
0.011083886
0.0009168105
0.0068433196
7.536817e-05
0.0010998766
0.00031266967
0.0008652145
0.0009921754
0.015468042
0.00031873598
0.008684842
0.017251926
0.00029583462
0.00043575256
0.00060907187
0.001325591
0.00068128854
0.00016008194
0.014908945
0.00086591276
0.016507287
0.00022919424
0.004209003
0.00034380978
0.011030684
0.0010296252
3.3409848e-05
0.0071184537
0.00051862746
6.7825575e-05
0.007988842
0.00026696298
0.0005757278
0.00044574437
0.012979451
0.00030311276
0.0069868043
0.00075035053
0.0046363715
5.3248612e-05
0.00037764106
0.00040835424
0.012822236
0.00075688807
0.016964123
0.00085694116
0.01167582
0.0006133251
0.00024796138
0.00020066198
0.0037117589
3.6279664e-05
0.0013305696
0.0003022383
0.0111242235
0.010953571
0.0005376572
0.00018108581
0.01208387
0.00082797534
0.0006499998
0.0004193715
0.009829054
0.00087854645
0.017645245
1.8557253e-05
0.0046221344
9.61741e-06
0.00022279308
0.00034607595
0.010379716
0.000534882
0.0091576995
0.0075790077
0.0004630806
0.00032758943
0.0025266795
0.00031661976
0.00022968743
7.199928e-05
0.010158066
0.00088509684
0.0018745984
0.00018437025
0.01601142
0.00012282006
0.00062433234
4.9627315e-06
0.014369407
0.0027894033
0.00018912088
0.000385069
0.0079790605
0.00025028165
0.00031454396
0.00086401345
0.0098107075
0.00048153906
0.013864431
0.00032423015
0.013521383
0.0003317051
0.00040018186
0.0009077046
0.013812132
0.00016374364
0.010001281
0.00043566764
0.0034912364
0.00013528304
0.00037503522
0.00028193556
0.013090889
0.00014411258
0.01281943
0.00040786312
0.012148793
0.008582633
1.5548954e-05
0.00060286355
0.005108213
0.0004102343
0.0005127569
0.00071704685
0.00489381
0.00014931416
0.01692583
0.0009575826
0.0050112237
0.00026338128
0.0007103309
0.0009156965
0.009900431
0.00017964336
0.007433423
0.01229307
0.00016508903
0.001008246
0.009219163
0.00038340577
0.000112736016
0.0006880305
0.013262925
0.0011420769
0.014693644
0.0003797504
0.0008403253
9.8371725e-05
0.0067448057
3.4649274e-05
0.002367324
0.01612034
0.00063786656
0.00022418515
0.0024556462
0.000213699
0.00054240227
0.0007674573
0.0025732478
0.00015184945
0.003682093
0.00026930205
0.0137355765
0.00064022565
0.0003789845
0.0005505397
0.008690744
0.00043610035
0.0037980769
0.0009423318
0.004901498
0.0003441255
0.000636003
0.0003649137
0.002044482
0.00020566878
0.0078003155
5.6957774e-06
0.008439085
0.016220214
0.0002274341
0.0010952405
0.0042773183
4.7341866e-05
0.0010637864
0.00079224096
0.0137487855
0.00028409937
0.013000242
7.97421e-06
0.011608991
0.00013580316
0.0004711263
0.00069017464
0.01661095
0.00018392487
0.0033953767
0.005628338
0.00011879578
0.0011486331
0.0033576933
0.00010070546
8.395838e-05
0.0001285769
0.0064609335
0.00020153969
0.0038451294
0.00061080285
0.015693583
0.0006606312
0.012753945
9.103722e-05
0.015147395
0.0042571086
0.00045963004
0.00060463353
0.011283879
0.00024274568
0.00021221861
0.0006512381
0.008709558
0.00014749658
0.01592893
0.00045111752
0.0010004803
0.00025648397
0.0001771194
0.0005343613
0.009114153
0.00031552985
0.011074544
0.0005134939
0.0095314635
0.000942149
0.00014822115
0.00037790052
0.011684596
0.000103169354
0.0038570466
0.00032530486
0.010076107
0.014401506
0.00026876107
6.2234314e-05
0.0012385608
0.00054286944
0.0008691335
0.00025128736
0.012845801
0.0006582055
0.01786503
0.00052489113
0.0066589224
0.00015750827
0.00058432575
0.00055999175
0.014377528
0.00045099447
0.0155804595
0.0067981053
0.00053298846
0.00042248963
0.0016697205
0.000682459
0.0014215466
0.0008302963
0.0074098245
0.0007359998
0.002050084
0.0009363926
0.002496182
1.5915699e-05
0.012889196
0.0008025117
0.005186745
0.010386338
0.0004980648
0.00048057412
0.0116119655
0.00039987138
0.0009792522
0.00074350974
0.017706243
0.00033084548
0.007905634
0.0010219587
0.017084781
0.000114276656
0.0001226191
0.0006382742
0.0016860608
0.00022658912
0.006690535
0.00033401191
0.014385659
0.0005873979
0.0007096408
0.001362583
0.013758113
0.00019856928
0.0038513206
0.00011004108
0.010077027
0.0013481223
0.0007362198
0.00020479788
0.016996168
0.0007484923
0.00082976464
7.902102e-05
0.010406737
0.00031277057
0.017357314
0.00028101256
0.016484749
5.8146627e-05
0.00045208726
0.0009455481
0.005311425
0.00023807804
0.01346489
0.014967826
0.00055790506
0.00038983847
0.0069404608
0.00051362725
6.531301e-05
0.00048206706
0.00817734
0.0006507814
0.012745568
0.00042750634
0.0111931125
0.00015310473
0.0077589536
3.476972e-05
0.004637044
0.01135318
0.00042824028
0.00043050607
0.011091445
0.0006242267
0.00024516787
0.00033267334
0.0031083613
0.00015003709
0.013057127
0.0009694857
0.0058781384
0.00019237444
0.0007808348
0.000712196
0.008037021
0.0009864132
0.013061748
0.00038403473
0.002841889
0.00012118922
0.0006606439
0.00016897784
0.0063119465
0.0004634893
0.008611673
0.00019502215
0.010455893
0.0013891277
0.00022905972
0.000609382
0.016928032
0.00031418502
0.00039521093
0.0002653735
0.009102028
0.0013923558
0.006328024
5.7623383e-05
0.0051729395
0.00019039543
0.0006047338
0.00014240482
0.0052357307
0.0009940272
0.009690782
0.0055140494
0.0004374506
0.00038283403
0.010127771
0.0008743858
0.0015363283
0.00060793944
0.0068757506
0.0004933995
0.00036723565
0.00033266714
0.010959958
0.00094765495
0.012667062
0.00047372014
0.010961797
0.004875923
0.00040427223
0.00038727594
0.011140838
0.00026062908
0.00067177694
0.00071354146
0.008347684
0.00013950352
0.01592254
0.0003013534
0.010318682
0.0003290121
0.0009945426
0.0008436898
5.979816e-06
1.8093315e-05
0.002887064
0.00044927583
0.0026412176
9.6732474e-05
0.0006232299
0.0008802303
0.0148404045
0.00088256237
0.0019205074
3.1593805e-05
0.007314063
0.0032121546
0.00036223512
6.8140704e-05
0.0052662604
0.0005408893
0.00046488643
0.00023980609
0.014268025
0.00045110902
0.009757118
0.0001780814
0.0145471925
9.4540475e-05
0.0006022379
0.00021825035
0.0058387923
0.0005375496
0.016519226
0.012465661
5.432623e-06
6.747707e-05
0.012254875
4.0169823e-05
0.00060701696
0.0010465254
0.0076956917
0.0004471491
0.016138606
0.00012086272
0.004335575
0.00014345857
0.010947604
0.00090109307
0.015158423
0.017628267
0.0005006278
0.000989868
0.011100162
0.000356834
0.0005685277
0.00042787593
0.0143932365
0.00035760368
0.017095627
0.00047061712
0.014988535
0.0003951909
0.00011546316
0.00075718516
0.010080968
0.0003594692
0.007576173
0.00022709707
0.01342613
0.00019897896
0.00031886902
0.00018714747
0.016339501
0.0006744318
0.0042007715
0.0004615446
0.009259991
0.012588821
0.00030687917
0.0003895532
0.010585782
0.00039345937
0.00040373113
0.00026706647
0.016871952
0.000735297
0.017591912
0.0002129401
0.007875176
3.786369e-05
0.00013228692
0.0003257397
0.010891698
0.00027571386
0.016831303
0.007061542
0.00038477313
0.00050590653
0.012985079
0.00012778057
3.202801e-05
0.00058296707
0.015302118
6.1366685e-05
0.01647734
0.0003091855
0.013777257
0.000395965
0.0012065083
8.959131e-05
0.011698952
0.011722322
0.00024830457
0.00069713884
0.017011993
0.00025676843
0.00016841455
0.00026494067
0.009375602
0.000662027
0.015476974
4.421214e-05
0.004012596
0.0009980579
0.00031565223
0.00026130746
0.00793704
0.00031629813
0.015709216
0.0004686285
0.010316572
0.0011918062
0.001025633
0.0005941631
0.0007780182
0.00020791437
0.005282124
0.0002313215
0.016775059
0.0013195444
0.0002554725
0.0002698424
0.0043536173
0.00060642185
0.00025095372
0.00090951665
0.010396795
0.0014260153
0.005417269
0.0009180646
0.017649569
0.00014560013
0.00018749246
0.00038909452
0.006339335
0.00016313033
0.01365486
0.008802558
0.00013573002
0.00052015955
0.015384158
0.000542055
0.00023161201
0.00031935834
0.010023505
0.00054478075
0.0019624683
0.00018125282
0.008543883
0.000454358
0.01749517
0.00027884947
0.00061520963
0.0050499
0.00023645721
0.0005411326
0.016171074
5.58339e-05
0.0002559307
0.0005956448
0.0042503923
0.00022897866
0.0012110483
1.6981778e-05
0.011478599
0.00048511714
0.0007675579
0.0005369086
0.012355379
2.0150681e-05
0.0028584884
0.0011646618
0.00029090498
0.00023268956
0.0009988165
0.0005819512
0.005891925
0.001104427
0.011373791
0.00012099387
0.0056431517
0.012520619
0.0002797544
0.0001480254
0.0107539175
0.0005828881
0.00014505279
0.00031853947
0.0027519495
0.0001672254
0.010900263
0.00059475726
0.0095005
4.619713e-05
0.00045557413
0.00019465786
0.017660161
0.0007731369
0.011501063
0.016004188
0.0009771436
0.00040427875
0.016827598
0.000284323
0.00022803945
0.0004067364
0.009698363
0.00045475317
0.0042171716
0.0010726282
0.0020696353
0.00013052033
0.0016124177
0.00033059125
0.006426831
0.00058230676
0.00013786647
7.238389e-06
0.008058046
0.00040011853
0.00016384525
0.00043939307
0.01286928
0.00032336928
0.00919256
0.00078856136
0.005480896
9.458739e-05
0.00036792364
0.00010846488
0.007928876
0.0010413644
0.015696917
0.00058655435
0.0045076287
0.0003707461
0.000342526
0.00025927683
0.007919738
0.00037162492
0.002978635
0.0010354231
0.014797702
0.01586171
0.00084800273
0.00038416628
0.009980699
0.00015568992
0.00073851645
0.00071265135
0.0026932287
0.00026671583
0.0033876528
0.00060834864
0.0046302537
0.0006168672
4.4295564e-05
9.200458e-05
0.0005378056
0.00037207486
0.013463355
0.012684767
5.532615e-05
3.7753038e-05
0.008072441
0.001055774
0.0013154075
0.0013127523
0.011040792
0.0006403958
0.0154482545
6.1753315e-05
0.006892678
0.00036736552
0.015527409
0.0007523778
0.005038461
0.017255392
0.00016778638
0.00058633735
0.011316442
0.000324907
0.000663531
0.0006656249
0.0031098698
0.0008539712
0.014359674
7.6663426e-05
0.01396217
0.00084459246
0.00012664148
0.00043859
0.017103856
0.00017553222
0.011359366
0.0001661677
0.016736055
1.9390889e-05
0.00051603
0.0008069976
0.0043028765
0.00042545132
0.006486051
4.513958e-05
0.017401213
0.013168037
0.00022214046
0.00078721857
0.011188538
0.00036189402
0.00017776946
0.00048843696
0.012465882
0.0007587142
0.009134704
0.00044685818
0.009736356
0.00029708803
0.00013114
1.11496265e-05
0.013188831
0.00057810254
0.002773975
0.0019623423
0.00065253396
0.0004956945
0.0070791445
0.00036180948
0.00068341475
2.0286301e-05
0.0028508913
0.00044423016
0.013963066
0.0005451064
0.011699523
0.0009900387
0.005056143
0.0003353873
0.012020095
0.01387272
6.620702e-05
0.00078871165
0.0041886726
0.00019691206
0.00022197887
0.00021333541
0.0025911182
0.00070303626
0.011987753
0.000900368
0.015110226
0.00020964719
0.0002626907
0.00037360363
0.0014336256
0.0005685433
0.016429381
0.0008311218
0.012391671
0.0003217845
0.00082921237
3.1415624e-05
0.0075152228
0.00017542495
0.008918363
8.97451e-05
0.0139564015
0.01643679
0.0005377801
0.0003897304
0.017752938
0.000641822
0.00078401435
0.0011224475
0.012525885
0.0006097043
0.0056876545
0.00051021244
0.011609748
0.0005867229
0.00084131304
0.00034554847
0.016199322
0.00047406345
0.00022725033
0.009588358
0.00035389233
2.9674444e-05
0.016561475
0.000809681
0.00029271469
0.00042389354
0.011244356
0.00068650825
0.013879195
0.00046878512
0.0075910278
0.0004215919
0.0029848237
0.00091693323
0.00037160408
0.012296921
0.0007829135
0.00050319906
0.012803535
0.00011946309
0.00036227424
0.0007429737
0.011662605
0.00043809792
0.016669314
0.0001962792
0.015657438
0.00059952715
0.00014332053
0.00030856955
0.004338127
0.00017411528
0.0039075855
0.0007132323
0.0035384493
0.00019516343
7.421011e-05
0.00019781243
0.0018074035
0.00025954703
0.014468214
0.000486609
0.007184625
0.014102141
0.00046346523
0.0005315217
0.007388776
0.00031714313
0.000413049
6.2140025e-05
0.0012052603
0.00025956566
0.006591975
0.00035613953
0.0035814398
0.00042265016
0.0004622303
0.0001887234
0.011406971
0.00047697773
0.006496484
0.016285535
0.00032089837
0.00016434515
0.012768415
0.0005401785
0.0006733211
0.0009517289
0.004808756
0.000953504
0.01639116
0.00027513134
0.005787403
7.36873e-05
0.012182539
0.0006291552
0.012414107
0.007395438
0.0005055405
0.00014270189
0.0126279155
0.00030075642
0.00056996755
0.00019202812
0.009048648
0.00021254737
0.015477031
0.00028182397
0.0013664201
0.00054094987
0.00054748915
0.00081032247
0.010006434
0.00036588477
0.0041193566
0.0002198265
0.016459733
0.0004950397
0.0010654684
0.00024429988
0.011222121
1.9624433e-05
0.0026948943
3.7683425e-05
0.0016890212
0.0011147589
8.689333e-05
0.0005273312
0.010248581
0.0006161154
0.00057620555
0.00015126803
0.0039816727
8.748418e-05
0.016946776
0.0004960301
0.0033507918
3.3354972e-06
4.2749103e-05
0.00039849084
0.0016021476
0.0001720525
0.009277273
0.011778771
0.00041390955
0.00027097872
0.004276206
0.00037856784
0.00052721705
0.00014063266
0.0008913934
4.41346e-05
0.008279418
0.0005414411
0.017222514
9.2516784e-05
0.0023663496
0.0009382273
0.011058509
0.009850334
0.0003659618
0.00028880857
5.4035638e-05
0.0006654127
0.00051761325
0.0010130395
0.010738783
0.00022635014
0.0022528868
0.000286405
0.011097208
0.0004403897
0.00032333517
0.00027215815
0.001604749
0.00045287592
0.01536777
6.395638e-05
0.012733418
0.00032349364
0.0011120206
0.0004946364
0.012600982
0.00022538207
0.012834395
0.0008886701
0.015899282
0.000977164
0.00060335547
0.0005048745
0.012364306
0.0001354409
6.607128e-05
0.00053483224
0.0034709822
0.00055935245
0.015204107
6.160581e-05
0.0011354763
2.3498798e-05
0.00012303982
5.6984707e-05
0.015875833
0.00030365775
0.01389921
0.013812411
9.0024434e-05
0.00038158166
0.016053447
0.0012054881
0.0013185814
0.00052993745
0.0069843205
0.0003110771
0.015317203
0.0006739496
0.014692873
0.0009030384
0.016142748
0.00041248402
0.012444504
0.013251495
0.00042778812
0.00055972574
0.005140994
6.0844523e-05
0.00071286596
0.00045681687
0.004107056
8.481047e-05
0.0111142825
0.000986561
0.0030882277
7.367612e-05
0.00061431807
0.0007055578
0.00033933163
0.00033541152
0.016905189
0.0010211708
0.0101429075
0.000574144
0.00047006272
0.0005128012
0.016154185
0.0009790268
0.005357992
6.397166e-05
0.0071884976
0.009840752
0.00028836168
0.0006197994
0.013111809
0.0004828712
0.0002221798
0.0003941962
0.0075065373
0.0010985741
0.010779617
0.000279326
0.00021685194
0.00016354687
0.0002561058
0.0009732831
0.0068844086
0.0004840908
0.015854718
0.003523109
0.00041258428
0.00025228088
0.011215177
0.0008801824
0.0010756636
0.0012776088
0.004934628
2.158684e-05
0.012687439
0.00061543094
0.01471637
0.0004433158
0.0026381288
0.0004207078
0.007293753
0.005770904
0.00096851215
2.761922e-05
0.011358585
0.0008852527
2.5590329e-05
0.0008096178
0.0065077553
0.00044344395
0.0028416056
0.00092010055
0.006744204
3.000972e-05
0.00045178644
0.0005334544
0.0069346894
5.335154e-05
0.008663363
0.00037936898
0.013726868
0.000112610105
0.0010066796
0.00078353775
0.015765015
0.00035990393
0.010663133
0.0004549346
0.007883687
0.016226012
0.0005048793
1.8620827e-05
0.004489358
4.462627e-05
0.0004497189
0.00017509596
0.01574811
0.0014330485
0.0023198843
0.00037034022
0.014809567
0.00043279107
0.0009847414
0.0007021493
0.009518652
0.00049158494
0.0017054303
0.01677471
0.00041126646
0.00030402053
0.0109382775
0.00084756693
0.0007121274
1.6376323e-05
0.013113948
0.00095139054
0.0033872067
0.000840085
0.0020809139
0.0002792924
0.0111963
0.0001820153
0.008949035
0.0122385835
2.9329676e-05
0.00042330567
0.0017765051
0.00016146111
0.0006421413
0.00027216173
0.0050022383
0.00013284897
0.015404217
0.00048793637
0.0057593957
0.00035459216
0.00075161643
0.0009927574
0.008199006
0.00024945
0.014192799
0.00043207395
0.008229878
0.00033147234
0.0010472592
0.0006690623
0.01625066
0.00034149064
0.000746585
0.00032876365
0.009157425
0.003667741
0.00039045606
0.0003684259
0.016146798
8.226861e-05
0.00029866584
0.00020353042
0.0043428717
0.00025473762
0.016154861
0.0004103854
0.008124846
0.00030110285
0.00020509772
0.00018502706
0.011356705
0.0005975623
0.0047926386
0.0041000503
0.00025888998
0.00016311821
0.00043483343
0.00073308207
0.0014337562
0.0005642127
0.0036709912
0.0006633752
0.009209262
0.0009806893
0.0019884424
0.00041446483
0.00019715936
0.0005551116
0.013992758
0.016995484
0.00012184493
0.00039412093
0.013511568
0.00094927277
0.0009472836
0.00061975856
0.014831319
0.00011971166
0.005924449
0.0010118376
0.013557758
0.0003259647
0.00066131353
3.9185484e-06
0.0061763474
0.0006271627
0.009338475
0.00068451953
0.0052204845
0.0005776009
9.509537e-05
5.462652e-05
0.01667198
8.3026265e-05
0.01500938
0.0008171415
0.013478335
0.014556918
0.0007447433
0.0007135875
0.008144074
0.00053481985
0.0008826563
0.00049462856
0.015251988
0.00021229747
0.010707783
0.0005074147
0.009220925
0.00038193283
0.00011693372
0.0006244108
0.015906025
0.00017590287
0.009098218
0.0020446249
0.00012469431
3.966769e-05
0.0027362453
0.00019133769
0.0007692855
6.484968e-05
0.010206142
0.0009823933
0.015392588
0.00028130875
0.0127041
0.00048865407
0.014138686
0.0009685563
0.0024387098
0.002605841
0.00024004094
0.00022097368
0.002623113
0.00013961046
0.00023697829
0.00055493484
0.016041536
6.457684e-05
0.0049001235
0.0005561237
0.010159182
0.0003074124
0.0005949978
0.0007571978
0.0062454375
0.0008630938
0.009448727
0.0005214637
0.0027859223
0.0005578858
0.0004067421
0.00015591264
0.0048582945
0.00029246372
0.010246208
0.0005602624
0.01302878
0.016217021
0.0003388133
0.0003177644
0.007797509
0.00047495583
0.00018923008
0.0003933374
0.017504632
0.0008878342
0.015608832
0.0006069627
0.0015909281
0.00013788062
0.0006393967
2.2617614e-05
0.007356556
0.00033824542
0.0031681273
0.008130152
0.00028870907
0.00019328
0.005838843
0.00057447434
2.4174631e-05
0.00043878108
0.0046126386
0.00084437255
0.01398413
0.0009993928
0.013417663
0.00038117074
0.0048259334
0.00017118825
0.0070899185
0.0047184653
0.0009970441
0.00032167984
0.014049529
3.4941553e-05
0.0010021105
0.00073080143
0.013481609
0.00037986325
0.0074214204
0.0010175032
0.00813115
0.00046148748
0.0007969998
0.00044352366
0.014979708
0.0006949711
0.0054306
8.458859e-05
0.0066288537
0.001221031
0.0006995648
0.0006021628
0.004452266
0.00031683163
0.0025589662
0.0006480881
0.0060299193
0.0054494585
5.2061587e-06
0.0006045999
0.012225855
0.00018780024
0.000103136525
0.0002681141
0.014838788
0.000444583
0.01610072
0.00014359533
0.010622654
0.00021962494
0.00017031375
