0.7281372
0.15282533
0.7438397
0.67441094
0.6698992
0.30124226
0.74957085
0.75419545
0.99743754
0.98556095
0.6554341
0.7445532
0.70653313
0.27263534
0.32702613
0.05464738
0.10491582
0.8133264
0.5308404
0.12100334
0.4006605
0.48113045
0.9279746
0.015591193
0.47379327
0.16009156
0.57831466
0.32039076
0.82401675
0.61549556
0.39286903
0.556037
0.49739242
0.30565575
0.08119112
0.29046687
0.73410296
0.9168622
0.519376
0.10066985
0.969909
0.080394164
0.8938292
0.7009742
0.14548369
0.08732379
0.8271117
0.22174655
0.050711412
0.8465272
0.9947624
0.87563026
0.72106147
0.816959
0.81135356
0.26507103
0.80400956
0.33460248
0.37355754
0.42981493
0.58338475
0.38247228
0.89085656
0.5859037
0.07111148
0.14970762
0.09655579
0.1333075
0.3412818
0.91168433
0.49110338
0.9532186
0.023838136
0.6304828
0.09988571
0.3345311
0.9227048
0.318893
0.967912
0.19479457
0.19019714
0.5083272
0.093722716
0.5734929
0.095826924
0.11586679
0.7856465
0.6589271
0.7498399
0.28474334
0.8029072
0.85187197
0.99222255
0.9121774
0.19619499
0.76780564
0.024570653
0.49803895
0.4866046
0.3529838
0.9915002
0.59963197
0.1481895
0.24029729
0.72104335
0.32507154
0.929713
0.18724333
0.4310579
0.530909
0.56599873
0.26314417
0.64452505
0.10131576
0.73922056
0.22883672
0.9648908
0.74464685
0.0948135
0.96379596
0.5536757
0.9724238
0.6560488
0.42302585
0.7299838
0.9163344
0.10616958
0.039777067
0.18436302
0.386812
0.037758008
0.19902417
0.27781835
0.76195043
0.7754537
0.85681134
0.18266901
0.16217588
0.7431797
0.024229264
0.10923498
0.9206599
0.2695887
0.3624973
0.7238136
0.22289848
0.15234818
0.4888828
0.08346876
0.40723893
0.13660753
0.511057
0.93519354
0.60241336
0.26506647
0.861918
0.86423326
0.4363245
0.27293956
0.13464905
0.8530002
0.4915625
0.032344513
0.052338753
0.22319686
0.2797703
0.44439682
0.037500102
0.55554014
0.04356304
0.8472647
0.2832412
0.67895263
0.32629278
0.062703826
0.42631125
0.85460913
0.26983783
0.79141617
0.5164366
0.03323203
0.4862295
0.48490325
0.5698776
0.92221206
0.7614112
0.37525353
0.49592462
0.093712784
0.79588073
0.020578185
0.6588285
0.22447887
0.5009865
0.36679673
0.0006105594
0.12538542
0.73689145
0.32558104
0.31889695
0.61092603
0.15670373
0.09416605
0.061525837
0.6976706
0.5970171
0.18225883
0.6914534
0.42503518
0.5115721
0.024864659
0.7763374
0.62139887
0.48410884
0.13070966
0.2021794
0.62975883
0.0048555993
0.64841634
0.99734277
0.947278
0.80686873
0.41796827
0.22655158
0.8782115
0.5264162
0.7321714
0.43813533
0.46990526
0.75880194
0.68887925
0.39865118
0.2835719
0.5375322
0.1611921
0.73038226
0.109240085
0.14133346
0.14643118
0.31813797
0.82712114
0.5145892
0.24149972
0.7346247
0.9511232
0.701064
0.9116256
0.8927891
0.008180994
0.78992873
0.7284363
0.54140186
0.824965
0.34663892
0.35847288
0.26854163
0.6663147
0.2103647
0.79969656
0.86630464
0.2259297
0.5422071
0.4496997
0.17991292
0.5057481
0.84681344
0.5851836
0.50858134
0.13543671
0.85631967
0.21524276
0.13440089
0.74058855
0.6029707
0.32655406
0.14942104
0.7133981
0.79337656
0.70137525
0.21604325
0.47028652
0.05553812
0.7570368
0.20945781
0.722286
0.7155733
0.99513316
0.44795698
0.7783225
0.6580133
0.6845795
0.9721377
0.5119214
0.6732663
0.26046303
0.3978179
0.15885732
0.034220472
0.27229786
0.5616236
0.8300238
0.9650896
0.7303897
0.96910334
0.60931754
0.047246683
0.26987618
0.23049474
0.8173283
0.99169564
0.97215945
0.54123545
0.21164417
0.2649993
0.044069346
0.40892646
0.68165797
0.47397462
0.5534726
0.51207596
0.506533
0.0134899225
0.9157688
0.08070732
0.7390167
0.8444975
0.38356763
0.07562781
0.6173309
0.41167566
0.8611963
0.109045096
0.6206563
0.5648204
0.42967018
0.9791354
0.023712466
0.68445146
0.7484142
0.13166814
0.6376829
0.51332873
0.44853088
0.24551038
0.2721982
0.19139525
0.87090296
0.09057936
0.6780478
0.16235656
0.7586186
0.6254566
0.14949298
0.72302514
0.19847406
0.5838138
0.579672
0.36249158
0.7653083
0.28453514
0.40497148
0.9464012
0.463169
0.3142994
0.7064851
0.1958451
0.889578
0.27765104
0.54835314
0.44155714
0.37707245
0.68919736
0.71030366
0.62005496
0.19929573
0.745343
0.19323319
0.8197411
0.15302338
0.11735096
0.47233918
0.57014173
0.49061862
0.41163024
0.31669852
0.0035439485
0.72877604
0.5226875
0.9011645
0.76299244
0.035648026
0.020213682
0.35079378
0.80291736
0.90573126
0.71295553
0.6488274
0.93708396
0.9037984
0.010497628
0.28642958
0.8127581
0.038594507
0.7831747
0.5372332
0.99531984
0.37774664
0.58836657
0.5138886
0.55351275
0.7092996
0.92682326
0.13173439
0.31095058
0.347209
0.81682277
0.29049042
0.98466104
0.9929092
0.61019737
0.064903155
0.1542057
0.022585798
0.71262604
0.6760547
0.9378367
0.18422832
0.6317298
0.8272663
0.7936051
0.4405341
0.49057236
0.51579696
0.946079
0.1689576
0.25473827
0.11726575
0.99745595
0.8914045
0.3810144
0.8081034
0.6365742
0.49148324
0.3651873
0.9166986
0.4323735
0.88524276
0.84296596
0.45001522
0.107401095
0.072947696
0.94398594
0.79821616
0.46892068
0.16031027
0.39293346
0.7931918
0.18340673
0.23719059
0.6689603
0.3482321
0.93589735
0.98338205
0.502362
0.7326494
0.023385499
0.09462072
0.7137704
0.12449155
0.41341615
0.3556211
0.5536391
0.85622
0.84344023
0.71575814
0.43371862
0.6000288
0.5595511
0.019165542
0.37867028
0.5196658
0.049359202
0.9971856
0.8475134
0.973939
0.09402292
0.8265117
0.71358705
0.09913313
0.17762363
0.18976441
0.21265852
0.21040124
0.50676244
0.9104328
0.19746614
0.30050436
0.61829185
0.7588532
0.3476284
0.65813464
0.49121523
0.35666236
0.3265245
0.20033579
0.14396325
0.48644188
0.191597
0.1647331
0.9972221
0.5104829
0.452733
0.52637273
0.03701795
0.21325715
0.63477176
0.6063912
0.26864558
0.41007248
0.58305866
0.46133298
0.97262347
0.15553817
0.62093556
0.46614596
0.7348771
0.7517931
0.31591094
0.39849892
0.54340684
0.76032954
0.76052123
0.105234995
0.10772235
0.68062824
0.9086277
0.7220033
0.356949
0.6654273
0.51838833
0.2919254
0.6268037
0.9660099
0.5786132
0.77458125
0.0026541261
0.7709076
0.0154086165
0.54851764
0.6654532
0.22321723
0.48608953
0.17399262
0.27501604
0.19324464
0.54327077
0.9279117
0.20709957
0.7213724
0.5155909
0.7425615
0.11812456
0.42739597
0.8755254
0.17102283
0.18453486
0.6374655
0.93363106
0.7956311
0.010043756
0.39918506
0.12256383
0.26970404
0.4510448
0.022569284
0.2619447
0.42051336
0.73938966
0.77664506
0.53296965
0.74045
0.66127044
0.89293545
0.9450155
0.17631154
0.09920088
0.57615894
0.9787025
0.51280785
0.23998371
0.2067648
0.8716331
0.44060796
0.92784697
0.7619188
0.43211877
0.84164387
0.40107274
0.14231926
0.33813432
0.78124547
0.43128034
0.1910564
0.5480538
0.4313138
0.36950362
0.7923514
0.605549
0.3868132
0.56347823
0.6773209
0.57637304
0.12433817
0.019410253
0.12058325
0.41746482
0.062104568
0.8611189
0.93996257
0.7378859
0.3236786
0.51145244
0.44211912
0.37850153
0.70608604
0.69638914
0.8072092
0.80290806
0.66708666
0.58511364
0.6989378
0.804539
0.88630253
0.70317864
0.04963362
0.07993813
0.3351503
0.2823545
0.5727166
0.69464946
0.46435806
0.4859066
0.7271233
0.5322507
0.7166084
0.20035675
0.33803156
0.7966336
0.55835134
0.8316388
0.4803442
0.3165624
0.15676425
0.50950545
0.85304767
0.6419784
0.13904645
0.12501827
0.53044236
0.6532836
0.77266586
0.3935314
0.22142848
0.043347873
0.2109384
0.77216685
0.33089036
0.73211026
0.3550416
0.6190497
0.20296721
0.84867096
0.7080447
0.35584646
0.5449837
0.18684252
0.15754287
0.6499747
0.40348843
0.24487536
0.63084775
0.5405464
0.35976937
0.25670385
0.6311107
0.15114309
0.9907469
0.48193946
0.22031172
0.042318977
0.090538
0.16949561
0.6319383
0.20057616
0.6044311
0.60045284
0.30669248
0.04257095
0.7279761
0.4326873
0.09644248
0.34711128
0.9425249
0.39398953
0.3793974
0.88886106
0.3167396
0.7253431
0.3073442
0.480143
0.25323522
0.34831676
0.97351766
0.024401005
0.16536346
0.6320217
0.8333552
0.9812847
0.22318944
0.91574776
0.5034365
0.6871833
0.2663074
0.39755982
0.6143749
0.65038854
0.20684038
0.16759059
0.33285126
0.17701735
0.25010023
0.29850075
0.8998809
0.69571745
0.47213766
0.7745507
0.20353265
0.13411097
0.68020606
0.6797084
0.5229291
0.01999273
0.016900456
0.6096689
0.17837977
0.53762925
0.07797921
0.18394735
0.050335646
0.25829634
0.6224077
0.778883
0.47978368
0.84816617
0.6750559
0.4832467
0.64083415
0.6524949
0.9087968
0.57261044
0.48998857
0.7041002
0.26579374
0.7057687
0.12302508
0.63689226
0.6241759
0.42581853
0.26437727
0.40469754
0.016728424
0.5729391
0.033741605
0.68811554
0.99952716
0.8075952
0.35435304
0.33094084
0.9700289
0.16716418
0.79359686
0.44124532
0.6254705
0.19856095
0.40162647
0.3313272
0.9341289
0.539106
0.90942496
0.8738143
0.4300422
0.20348004
0.3460135
0.89292365
0.51655877
0.053630337
0.90692824
0.35160428
0.2799987
0.83944386
0.38116002
0.5536941
0.30219012
0.24964878
0.679944
0.5412603
0.2530699
0.765173
0.11884344
0.5487407
0.30722898
0.1546094
0.428934
0.41311884
0.09232702
0.43554896
0.34208143
0.08224593
0.44519797
0.7517894
0.36901698
0.7879269
0.13187423
0.4987448
0.7276983
0.76662254
0.5417754
0.23915313
0.4893021
0.51980644
0.9460261
0.9499459
0.91387117
0.041985374
0.770887
0.9997732
0.86631995
0.7066914
0.09171037
0.3812077
0.54840773
0.8452161
0.25612447
0.502537
0.7618559
0.46509865
0.35336947
0.087101795
0.37746662
0.06931761
0.60745984
0.16665417
0.83070344
0.92960894
0.39709562
0.89102507
0.051194843
0.82272935
0.47676423
0.14320514
0.6847658
0.66224384
0.9123264
0.014663463
0.17887087
0.44598854
0.64082795
0.564731
0.99927825
0.059908275
0.38438576
0.63464725
0.58363473
0.7311591
0.5593566
0.776092
0.81999755
0.85829246
0.6756633
0.9125054
0.36388797
0.13161142
0.25718075
0.9635964
0.66791564
0.5857949
0.7429265
0.43854
0.2649054
0.89634424
0.4448256
0.6425035
0.5476273
0.6014031
0.39212707
0.54872876
0.77006626
0.5297136
0.80201346
0.9240402
0.44244993
0.5241215
0.5311644
0.7897368
0.87554634
0.9359761
0.9914296
0.48384368
0.8423468
0.36137938
0.93197155
0.41428152
0.5044688
0.91394335
0.7701119
0.20240867
0.23193736
0.30701226
0.30799884
0.37966523
0.025223084
0.30027157
0.58317417
0.44564754
0.6247642
0.20103441
0.17367703
0.0894736
0.7966914
0.16142768
0.29956904
0.99550277
0.47816682
0.49893698
0.88428557
0.3995606
0.4117128
0.81960285
0.3346077
0.08486719
0.6229457
0.3804486
0.026944501
0.14832263
0.7995708
0.22402234
0.059799608
0.5760975
0.895867
0.22621016
0.5127348
0.10303664
0.54078496
0.38067883
0.037330415
0.22278528
0.15339744
0.68713844
0.27696043
0.33723652
0.5156682
0.08878712
0.58180606
0.8049932
0.62692297
0.4497093
0.882022
0.72433996
0.7080696
0.50189203
0.90769225
0.18402371
0.36556882
0.35853276
0.31726474
0.5699256
0.47356728
0.6371399
0.20136212
0.86262447
0.6065018
0.3994948
0.9187835
0.29807848
0.3077703
0.62617093
0.4652258
0.70426965
0.46048692
0.14152658
0.8632777
0.7258687
0.8721694
0.14799815
0.84610534
0.85218996
0.029730447
0.531208
0.73540986
0.9314746
0.4695019
0.3926326
0.3553701
0.4583012
0.9201396
0.65776575
0.417925
0.22716217
0.7087759
0.47979182
0.11194029
0.9664223
0.4656771
0.23050527
0.89485145
0.390298
0.25412774
0.22917865
0.6066928
0.20017228
0.7836419
0.09553306
0.21447086
0.4975982
0.5029104
0.22410086
0.5161719
0.5986491
0.28781536
0.700568
0.3754492
0.44241592
0.25503388
0.930347
0.25780913
0.85181326
0.86363316
0.15365097
0.8255432
0.74857515
0.02609681
0.91260946
0.25418988
0.5067572
0.17065237
0.4157433
0.8578219
0.5727347
0.5014117
0.22076738
0.55019873
0.7223207
0.9391533
0.3746045
0.17354453
0.10221362
0.07445419
0.452459
0.14228703
0.6082709
0.89200586
0.7140593
0.15520245
0.96316916
0.034792993
0.880464
0.39673474
0.27314672
0.8050538
0.45717776
0.3918197
0.66863835
0.46475026
0.63294417
0.018441122
0.7834622
0.21387209
0.33944508
0.6252397
0.61121076
0.08393208
0.37573564
0.8118952
0.12753999
0.96686715
0.2487873
0.5039298
0.500163
0.042534046
0.41327694
0.083871536
0.87730753
0.27724352
0.83404756
0.60420805
0.017701643
0.64368397
0.3329848
0.34132776
0.58909684
0.9520237
0.49157038
0.76590794
0.9720105
0.31500658
0.18573047
0.36555326
0.39356792
0.6357364
0.52034724
0.61731166
0.7150597
0.78509635
0.8943135
0.8870847
0.6245096
0.38085404
0.59012824
0.18731147
0.6358179
0.32836872
0.032625813
0.056150377
0.7669164
0.3242971
0.06888058
0.9869793
0.080981284
0.27861965
0.43191627
0.33710366
0.8589538
0.10604056
0.8969552
0.18655294
0.8815429
0.33195877
0.40415218
0.058869552
0.69340557
0.58416444
0.8492426
0.88456327
0.3849488
0.86538374
0.2212229
0.94671565
0.34546822
0.5188493
0.19877438
0.1833315
0.37364778
0.19038478
0.48234433
0.7622324
0.20628674
0.70872265
0.7680601
0.9336201
0.73025954
0.5167568
0.95099807
0.18732132
0.004770506
0.13549447
0.54981446
0.72669786
0.09666847
0.4272186
0.5176387
0.8924934
0.93601775
0.813465
0.17764264
0.98240954
0.38490677
0.963788
0.19033667
0.7074029
0.4667164
0.5969931
0.6755409
0.008705235
0.95399517
0.8447664
0.6541556
0.121517085
0.28964928
0.2745666
0.6450472
0.047434386
0.64770657
0.28902817
0.5547915
0.6597035
0.7789621
0.28265262
0.61211807
0.7100664
0.11929795
0.122389376
0.12169328
0.7751024
0.65930647
0.5414055
0.5959326
0.74375653
0.09664348
0.14762206
0.9934381
0.36611634
0.4087193
0.7766915
0.37441972
0.95426947
0.5554107
0.41355163
0.37440106
0.58288985
0.007308526
0.7732566
0.005167763
0.7980074
0.1075136
0.15483283
0.7981993
0.104453355
0.3319417
0.5865066
0.022048945
0.10563872
0.5070458
0.897874
0.12671822
0.20653917
0.37222743
0.287028
0.11233129
0.26834813
0.034294557
0.053870726
0.73181057
0.7881269
0.9674498
0.6027823
0.3349297
0.035011083
0.80832857
0.5366948
0.47684914
0.54161286
0.71834075
0.4139587
0.93833905
0.84361744
0.6402904
0.7429788
0.051469404
0.66923773
0.061008286
0.8121983
0.08391072
0.39928424
0.9865272
0.86991686
0.6707571
0.967109
0.072173506
0.5241345
0.11341196
0.027709782
0.8816097
0.46331623
0.4321815
0.02187896
0.7234142
0.12978166
0.90942943
0.65287596
0.9102732
0.05016855
0.5523466
0.9836793
0.058927946
0.56990385
0.05323464
0.67172
0.50463486
0.93994826
0.617869
0.17472611
0.8217332
0.52654374
0.34607086
0.0600485
0.7945905
0.7826935
0.30602717
0.23567832
0.5622987
0.6879625
0.35738054
0.6408982
0.46924242
0.929137
0.8854843
0.48335874
0.8577565
0.48620856
0.3254756
0.4102053
0.85749865
0.09463522
0.64708513
0.5587335
0.65159696
0.0594122
0.67451626
0.35988748
0.48393118
0.04093803
0.10871324
0.77929413
0.31952304
0.31296033
0.84531343
0.8648266
0.5491881
0.5024207
0.8303481
0.6137944
0.8243737
0.3631092
0.79776496
0.68437016
0.8574191
0.55051273
0.10923122
0.92773664
0.4644448
0.9979665
0.76768976
0.7591144
0.806683
0.55018085
0.07535572
0.76074153
0.7677408
0.5456189
0.9209928
0.52886564
0.13292082
0.35762352
0.17346767
0.12304769
0.53027785
0.8692909
0.90462905
0.71867454
0.50000244
0.35966864
0.1938838
0.87122756
0.95777315
0.6672009
0.7170038
0.21250077
0.5957614
0.04793554
0.68036264
0.07797323
0.3782173
0.38326207
0.89253145
0.5326897
0.5158014
0.81234163
0.27362487
0.101973906
0.045286793
0.74270123
0.73493737
0.06315797
0.7222854
0.13051657
0.7616185
0.42745832
0.76777667
0.85298246
0.8713655
0.7017264
0.030285176
0.36851904
0.7617049
0.92074454
0.11800619
0.98549175
0.19740365
0.034572717
0.14053601
0.7932468
0.026678605
0.8377711
0.9476107
0.55404454
0.4174434
0.5278922
0.80297756
0.88528097
0.49701703
0.04215809
0.5389839
0.46434477
0.78674006
0.5565225
0.7992225
0.123639874
0.09887683
0.673366
0.09975707
0.40641418
0.17590769
0.29187843
0.9133296
0.15903254
0.4105309
0.007877049
0.6913829
0.21873154
0.4719687
0.39157343
0.78220737
0.5425622
0.522869
0.33286494
0.31166402
0.40214214
0.35237065
0.08071211
0.30686188
0.9643868
0.85904795
0.22314928
0.3966427
0.82038397
0.7948606
0.91924196
0.9611623
0.6967163
0.79220206
0.89183015
0.25961232
0.70756626
0.7518793
0.16148017
0.443339
0.91691834
0.59433943
0.9083498
0.6739622
0.09088895
0.08140295
0.98436004
0.6416521
0.9214106
0.3777638
0.48216328
0.07564306
0.05390095
0.6478225
0.495474
0.9358979
0.69610816
0.8887946
0.987635
0.97774076
0.89624184
0.021622634
0.36384282
0.046725918
0.73548454
0.8724756
0.80035174
0.95203984
0.6265848
0.9511438
0.06789886
0.7391224
0.23673919
0.582559
0.5657252
0.39092427
0.24982524
0.49260077
0.62389565
0.7759158
0.63585997
0.6665378
0.14887439
0.7606861
0.14087646
0.19337185
0.87576747
0.122104526
0.86300796
0.0545297
0.5428107
0.07594887
0.15870732
0.9199509
0.038207963
0.04326529
0.07146774
0.64888924
0.18874809
0.19547787
0.67352456
0.75561714
0.86189663
0.23766524
0.75836176
0.75690216
0.24944815
0.23203549
0.6314507
0.9826818
0.11516828
0.2405593
0.8702382
0.9842948
0.08128806
0.17944431
0.8012596
0.5200146
0.7321305
0.32044718
0.112251356
0.32512093
0.34665942
0.098783076
0.44732174
0.06778512
0.6502406
0.19847067
0.92547476
0.15407124
0.40993622
0.25550124
0.61679447
0.7539484
0.5084851
0.4011232
0.066021614
0.64052826
0.65135694
0.7331947
0.6372173
0.3095425
0.51160496
0.9408966
0.496459
0.7564471
0.77359664
0.68383396
0.40319198
0.3672738
0.8459429
0.2372266
0.6424781
0.13817583
0.047861982
0.7699593
0.26162684
0.56124973
0.42370084
0.971906
0.66237134
0.66690296
0.24806736
0.14812844
0.6368257
0.45742634
0.64801157
0.9520826
0.54055613
0.99564445
0.7346407
0.5150581
0.8688658
0.621984
0.45665637
0.33226484
0.63969284
0.8580268
0.04380721
0.6428613
0.9977805
0.1612214
0.2724563
0.36552987
0.7835428
0.62928855
0.62057394
0.6467129
0.8048469
0.98976225
0.3588807
0.11339595
0.40347093
0.48883128
0.79824805
0.54359704
0.12239891
0.7787848
0.36049363
0.7249315
0.9560474
0.20616746
0.92810756
0.3189585
0.21711685
0.7006463
0.098226726
0.7869639
0.09629326
0.33261746
0.7795227
0.021767467
0.47158343
0.5966259
0.98482656
0.37424356
0.9960991
0.88052636
0.35301325
0.5037497
0.9167428
0.6751597
0.94719994
0.29738876
0.38442442
0.794381
0.8687515
0.4738262
0.08729741
0.92071223
0.4576951
0.41849753
0.11319299
0.76526
0.4186833
0.5444091
0.45445713
0.4563888
0.04185256
0.78228563
0.4322123
0.9060998
0.8859548
0.8347598
0.4246899
0.8522222
0.58497137
0.5528102
0.10510765
0.7535599
0.6351711
0.5910829
0.66012204
0.23048803
0.9271879
0.6736909
0.8111687
0.99216497
0.26099446
0.14067753
0.04346451
0.4597904
0.75579673
0.006590325
0.094722964
0.9240467
0.38270697
0.6050021
0.70178324
0.75557035
0.90911925
0.58213544
0.4321028
0.8009081
0.48664883
0.15782504
0.897543
0.9867165
0.5268898
0.32235083
0.8877615
0.022163767
0.19340235
0.7488929
0.40947053
0.044043276
0.71032256
0.13611686
0.65174437
0.721271
0.330387
0.07584956
0.3116653
0.58103555
0.96809393
0.70384103
0.59200305
0.42310697
0.6991215
0.68964016
0.7673267
0.6462491
0.8737064
0.33094457
0.25983137
0.4419517
0.03786515
0.8525934
0.16492699
0.10358187
0.83016443
0.68843186
0.4233863
0.39875835
0.61666304
0.5816176
0.15102659
0.7760772
0.032534268
0.55344296
0.4812959
0.1667751
0.13966896
0.5789182
0.22628051
0.38886073
0.25131136
0.43414333
0.42729574
0.2181755
0.52310413
0.448286
0.45857146
0.26019254
0.58427864
0.43354088
0.25811994
0.21831381
0.9395635
0.9981411
0.48360747
0.4760778
0.5629273
0.65819174
0.48388183
0.28858227
0.021382976
0.24396119
0.81487966
0.15078473
0.56096977
0.9648994
0.4362872
0.6175233
0.9653388
0.8329764
0.7216514
0.46565852
0.93551934
0.023969233
0.71892136
0.069576286
0.536009
0.35255313
0.6371431
0.8012341
0.7611562
0.8786424
0.5095364
0.3095652
0.7306477
0.8737133
0.27700973
0.73752683
0.10027052
0.90306705
0.78274107
0.6886545
0.005856474
0.4603087
0.15942469
0.62494695
0.25689283
0.66691124
0.14866397
0.8973748
0.5108257
0.35085663
0.96765786
0.7384538
0.6479229
0.5724175
0.89183676
0.8044874
0.6242352
0.41912654
0.56353337
0.45086595
0.456214
0.3516497
0.3476221
0.35667998
0.72486687
0.31136212
0.2708848
0.28427315
0.99242496
0.6768486
0.13277534
0.6487324
0.754836
0.96311486
0.81813514
0.93573767
0.78562605
0.91628647
0.8932912
0.068850555
0.63059694
0.15404153
0.30631587
0.34384617
0.6351773
0.2481178
0.08777904
0.26508766
0.35539776
0.37021896
0.277574
0.43010405
0.595562
0.059947126
0.7863383
0.24724165
0.7042685
0.60362774
0.26134658
0.5613343
0.9055977
0.54645723
0.22280455
0.31278992
0.50146174
0.4031955
0.86997724
0.2835816
0.7428746
0.96466684
0.9671587
0.3708145
0.7839883
0.99210614
0.82103205
0.52909577
0.19464648
0.6332818
0.62584525
0.21067455
0.74458766
0.23597264
0.25809214
0.5247213
0.21561085
0.6948753
0.926301
0.15526251
0.67000234
0.52809685
0.89058274
0.65324324
0.31139567
0.80562824
0.708062
0.9093923
0.37271497
0.069791876
0.5321796
0.89105976
0.27637216
0.83199203
0.6194914
0.61913466
0.32594734
0.70954067
0.47627115
0.336933
0.8406479
0.0023477671
0.7795607
0.4673968
0.018764943
0.89073384
0.69469804
0.53365
0.5911649
0.8101595
0.3046203
0.45009753
0.20039658
0.90148205
0.28918433
0.999449
0.13075562
0.83222765
0.06497922
0.7089058
0.19835928
0.63328665
0.9348488
0.36791822
0.2777984
0.7872169
0.4765617
0.69092506
0.9918151
0.61473423
0.22075322
0.25359714
0.5270212
0.9638352
0.28592044
0.61288226
0.43890896
0.33546522
0.9131206
0.52484673
0.17442442
0.41984576
0.95492804
0.83101815
0.4244282
0.991679
0.2941967
0.17226838
0.4995697
0.8514438
0.054897167
0.101935804
0.7922342
0.3856839
0.83727556
0.4688828
0.09553762
0.2489957
0.63099366
0.6680468
0.21435761
0.64676166
0.822948
0.7160483
0.42781383
0.59225094
0.51272774
0.66076213
0.992268
0.90083855
0.08847969
0.70363355
0.9047583
0.17089787
0.039846722
0.09735084
0.43945855
0.22170657
0.13113841
0.3847244
0.30097714
0.5910874
0.14175397
0.48064458
0.8908985
0.5522872
0.61750925
0.59344053
0.26270393
0.923001
0.5031011
0.64270383
0.083762586
0.22415276
0.019963218
0.8441574
0.3245304
0.83256227
0.722741
0.30054766
0.5641948
0.93340385
0.57355523
0.24637398
0.007440205
0.102842
0.92813855
0.77555525
0.4857881
0.7364038
0.74058515
0.9730336
0.22380319
0.9837975
0.97526175
0.6904799
0.8803903
0.5879845
0.7761479
0.918572
0.7783274
0.84551483
0.06612772
0.16529457
0.28633848
0.16984096
0.890846
0.59995455
0.49948692
0.7521787
0.29579708
0.09169412
0.42475742
0.32560784
0.654366
0.55329823
0.61525977
0.86653954
0.6711878
0.60116535
0.4941688
0.35326698
0.061019167
0.6496253
0.13657856
0.46842012
0.29539427
0.64154464
0.76238096
0.12995808
0.7559505
0.9199096
0.42425752
0.57599425
0.46658462
0.71602845
0.8166369
0.5524078
0.3514535
0.68502015
0.9609542
0.96836215
0.87111706
0.18504757
0.23666269
0.412149
0.90231806
0.20112339
0.07475284
0.6962385
0.42023706
0.23019655
0.16144714
0.6890097
0.46770072
0.22031222
0.24499564
0.08966953
0.33451155
0.8384621
0.62448436
0.5702757
0.26365143
0.729416
0.78755826
0.57501197
0.83869386
0.8484434
0.16912948
0.22868104
0.69943583
0.53013545
0.13601106
0.27229854
0.19406503
0.29283088
0.39568248
0.7850781
0.32092354
0.5698461
0.50663084
0.83011365
0.43710226
0.8613932
0.84779173
0.8020285
0.4375384
0.817825
0.37944356
0.8765231
0.64199936
0.79421353
0.36727074
0.56492597
0.2953153
0.7495563
0.64878225
0.772306
0.23773722
0.11105657
0.29933718
0.7161545
0.15553428
0.78594893
0.52889144
0.03775002
0.8484173
0.19426577
0.41408193
0.41940638
0.6724674
0.37801626
0.34550947
0.72559476
0.09730619
0.93336797
0.6591742
0.16998422
0.7146066
0.52393043
0.28054458
0.804335
0.7769494
0.66343665
0.74464697
0.44913942
0.12387771
0.6815092
0.2681153
0.043386906
0.74993855
0.14349435
0.6736916
0.9572269
0.028959336
0.24071248
0.67858154
0.5111127
0.61763793
0.9384939
0.37888604
0.7446982
0.6705147
0.7676304
0.5774811
0.288434
0.8843996
0.739152
0.7981773
0.22615547
0.86183774
0.7733111
0.94419336
0.1658373
0.06530603
0.1125609
0.9844866
0.38401213
0.045790017
0.37785894
0.64653295
0.8548597
0.42930368
0.90849066
0.022861885
0.14883558
0.68460304
0.9644761
0.76870096
0.6282526
0.76842755
0.561251
0.39579684
0.28253472
0.26106042
0.8317784
0.5064261
0.5937761
0.6671503
0.007832038
0.08962709
0.2906861
0.31795534
0.46854404
0.35631925
0.146426
0.30887592
0.32913598
0.095711194
0.26423785
0.8526146
0.29238632
0.40120426
0.024662102
0.39275676
0.6750756
0.85092753
0.6956178
0.42393804
0.53174907
0.30976987
0.19182006
0.44955504
0.1685946
0.9398871
0.09373785
0.14820357
0.5404684
0.782042
0.77208644
0.9602118
0.7599005
0.24991795
0.75749296
0.57588726
0.80498487
0.98169327
0.5363436
0.8688758
0.79477423
0.6669219
0.3302704
0.2925662
0.2820571
0.50979155
0.15878163
0.78012127
0.8833519
0.61959606
0.27867648
0.35670364
0.6572252
0.29088792
0.123273656
0.34437805
0.78258735
0.69447166
0.38570994
0.55174965
0.7262725
0.5297411
0.14257468
0.4397793
0.4313121
0.32610124
0.67361355
0.08795406
0.46295777
0.96747583
0.032500416
0.898599
0.8567897
0.48667365
0.5121211
0.1446013
0.897569
0.75742155
0.39482147
0.9481467
0.7437014
0.26793042
0.6669002
0.30270186
0.15286775
0.39986175
0.2840517
0.17121921
0.110062435
0.56984437
0.36516622
0.56737345
0.029242849
0.3947684
0.5837702
0.41357255
0.39719218
0.98267573
0.025431508
0.11954532
0.45232365
0.25399345
0.6268487
0.426212
0.838825
0.33379444
0.2985515
0.0080342535
0.70928043
0.7182148
0.8379097
0.73330754
0.61300236
0.63447505
0.5879284
0.12928349
0.55620146
0.2447924
0.7162395
0.57261705
0.38348347
0.34762636
0.17530292
0.33400968
0.9971261
0.5246975
0.32938662
0.52869344
0.1646723
0.47895932
0.22711907
0.47728395
0.07982311
0.1704366
0.5080339
0.18433969
0.68136054
0.7394351
0.3816957
0.6478766
0.20826983
0.020483235
0.68850607
0.60725516
0.4927979
0.72074085
0.16909753
0.08822221
0.69271654
0.8494255
0.20816436
0.12835474
0.45513895
0.33375692
0.95598614
0.82219505
0.72077453
0.57145745
0.65844876
0.008160268
0.6326279
0.112901606
0.5865182
0.311657
0.53261715
0.005529005
0.60684574
0.5136655
0.90272415
0.8470736
0.074572034
0.3759977
0.3139198
0.4177697
0.63741857
0.35408434
0.31870186
0.7886706
0.5681915
0.23967852
0.5024606
0.75820976
0.3707901
0.8199405
0.37341622
0.5590482
0.29079938
0.6522256
0.54057294
0.33305904
0.970961
0.47062355
0.56361073
0.33656126
0.93974733
0.6846357
0.2437163
0.7580881
0.027989691
0.7170729
0.4652502
0.20765603
0.07441757
0.071345925
0.14790659
0.85313153
0.5059348
0.6433196
0.28967163
0.119095676
0.7641143
0.31532717
0.15639964
0.44292977
0.61441475
0.8274777
0.81994146
0.4203214
0.6935685
0.9796186
0.40161967
0.1680009
0.74560267
0.35159814
0.47051296
0.70349205
0.66734874
0.80968815
0.9557178
0.2732982
0.7001785
0.551842
0.72205997
0.33422244
0.6200627
0.7015661
0.8568264
0.40381446
0.78194565
0.071297355
0.06854503
0.5962977
0.17036913
0.99643457
0.19426706
0.09545937
0.2809909
0.5073507
0.15622589
0.66595984
0.56931996
0.49837062
0.93980116
0.1509975
0.028900959
0.21644227
0.092558354
0.27526206
0.2471643
0.037886698
0.5911568
0.9293247
0.08840984
0.45665586
0.7840757
0.8212648
0.7630026
0.20680127
0.8350989
0.8030864
0.29515612
0.27032468
0.20551148
0.992882
0.07698164
0.44397396
0.8560107
0.57547003
0.87780654
0.4813158
0.7032379
0.6663446
0.4608895
0.99880326
0.6133108
0.6229519
0.3212682
0.5759854
0.5775423
0.46735206
0.08393324
0.5862072
0.99683654
0.76888067
0.9346206
0.44462213
0.55581105
0.6690815
0.031614635
0.61715084
0.909241
0.13576044
0.937022
0.29641607
0.70495844
0.8241339
0.6829093
0.46778104
0.8783727
0.13288485
0.87308294
0.5258258
0.9008319
0.08948776
0.39816144
0.033082392
0.06989242
0.26271987
0.5972872
0.14254563
0.24194758
0.08302847
0.97530293
0.681417
0.5778512
0.40862665
0.2770731
0.54510576
0.14130819
0.09053561
0.99470097
0.59067416
0.13910909
0.20395255
0.7095767
0.2599141
0.08810147
0.08284872
0.57783794
0.4429997
0.18228222
0.33645114
0.079516515
0.05505243
0.91106397
0.151047
0.7246064
0.26923123
0.8651471
0.08981694
0.034202933
0.24538885
0.37427524
0.87265813
0.16926354
0.8231145
0.5119069
0.290037
0.8473618
0.4527654
0.3150934
0.33995697
0.91860723
0.5439477
0.57490635
0.031696852
0.98620576
0.7228882
0.9368564
0.9689156
0.41101027
0.043750245
0.77150536
0.3207802
0.3672033
0.070185825
0.44005898
0.45687586
0.008547827
0.25966045
0.42503387
0.15499757
0.041293606
0.033519793
0.5238932
0.4017701
0.8727282
0.14909959
0.7889893
0.81142354
0.5411331
0.39724848
0.058648966
0.27961755
0.9670594
0.72747797
0.34627149
0.17749947
0.22643225
0.4967481
0.6946453
0.8371733
0.5303906
0.73922396
0.17631291
0.008576695
0.9567951
0.59972316
0.8203273
0.4598111
0.5334681
0.7977024
0.73950565
0.08642061
0.6143015
0.17652299
0.3568096
0.31539342
0.004894812
0.22102745
0.14083071
0.21870157
0.9129663
0.99907213
0.18923059
0.32792565
0.95637065
0.25345182
0.12955144
0.91626483
0.5978603
0.43328175
0.33127257
0.48553398
0.553122
0.44744903
0.39970484
0.89752793
0.99051315
0.75557226
0.15406084
0.13274224
0.0318813
0.00039874855
0.6248031
0.7022518
0.23252237
0.71801126
0.24131942
0.45934075
0.55559015
0.42908433
0.81657195
0.3088814
0.303316
0.4049431
0.7312589
0.29755047
0.22702497
0.1771041
0.8760873
0.48709768
0.5424452
0.75931597
0.85908437
0.86680156
0.7023205
0.39403632
0.65901184
0.025840953
0.823294
0.34452736
0.8676715
0.12169518
0.22494088
0.1413101
0.08575407
0.4146127
0.6148386
0.10484846
0.16093075
0.37618986
0.46302384
0.24217881
0.88933104
0.86061424
0.7341873
0.84995806
0.0274075
0.15574098
0.2684401
0.8416346
0.19718988
0.9678003
0.26485547
0.39198261
0.25484604
0.8253752
0.18257791
0.058886144
0.34152466
0.81526744
0.31312418
0.876462
0.23506135
0.2679596
0.91493034
0.9918364
0.88724244
0.551289
0.9167694
0.26117522
0.174499
0.6209709
0.15755674
0.14973103
0.95250624
0.74465364
0.5137824
0.6543543
0.70282507
0.98983705
0.5460847
0.6336169
0.021739338
0.12040276
0.22709022
0.77183956
0.21694307
0.7660223
0.518291
0.08586484
0.77599293
0.8496445
0.9801563
0.35960853
0.82341856
0.82128376
0.52132016
0.14564438
0.17190658
0.8267478
0.98214215
0.9586298
0.32000062
0.7411266
0.55949265
0.54287845
0.34596652
0.142978
0.44297948
0.5175563
0.8817045
0.3496681
0.2894225
0.93941295
0.23566234
0.0126990285
0.39044762
0.124914706
0.6504512
0.86150885
0.60027474
0.5379849
0.14787662
0.7421543
0.8760581
0.18300211
0.64287657
0.025571378
0.53806317
0.52235687
0.35334066
0.3525119
0.20111337
0.31863767
0.69300145
0.94697267
0.3135968
0.8667408
0.17663619
0.5941538
0.67578274
0.37082905
0.96379536
0.97453696
0.8274569
0.6711818
0.7370863
0.63904035
0.97827435
0.59879416
0.9188499
0.4791387
0.5717457
0.31743413
0.13046679
0.22952211
0.72505397
0.6103078
0.47312877
0.39271465
0.6691886
0.829538
0.7962596
0.75778764
0.089884974
0.7145198
0.3674722
0.8137453
0.009121176
0.6958158
0.8110759
0.063483015
0.9547112
0.4396605
0.9224515
0.32273182
0.6371771
0.46757254
0.57029563
0.39966035
0.29560906
0.42693663
0.56796366
0.8906409
0.63356704
0.52198225
0.7974131
0.13559495
0.43767366
0.88417035
0.04210639
0.8527467
0.19462793
0.7952081
0.06463533
0.2927384
0.31479546
0.2601956
0.81717694
0.6113129
0.4214671
0.5117761
0.9451215
0.18173009
0.18663418
0.019450936
0.05514297
0.6876702
0.11549731
0.8831951
0.54511195
0.3156938
0.26316673
0.16189493
0.9140727
0.6128127
0.48503658
0.9123633
0.9750299
0.9619616
0.9135227
0.09474217
0.36294958
0.23872504
0.8676577
0.42011175
0.5277631
0.7323428
0.05246949
0.9496385
0.15104853
0.50124663
0.40710545
0.28888616
0.37277895
0.11012227
0.08070603
0.3247235
0.7213556
0.3264084
0.37046975
0.6865414
0.09160022
0.13570723
0.099700384
0.6007659
0.14946242
0.3063652
0.29431093
0.8455578
0.111615494
0.47600588
0.19202317
0.46244112
0.14259595
0.23078248
0.5008298
0.3452346
0.39939705
0.258566
0.15693764
0.609811
0.98549896
0.92127484
0.04001549
0.5493658
0.13122112
0.63354045
0.4041018
0.0045214943
0.6189493
0.1821085
0.8045556
0.69687754
0.89216214
0.14242359
0.86064816
0.365129
0.79304045
0.51328707
0.35458902
0.4759789
0.76275873
0.573503
0.6913735
0.8278316
0.87538725
0.23667997
0.36137944
0.2599209
0.2178165
0.7110533
0.76809525
0.79976636
0.09891975
0.89466697
0.7100937
0.85611796
0.6371845
0.14299604
0.3488132
0.99155605
0.9637387
0.106651165
0.5079839
0.8246864
0.33480686
0.760515
0.7059967
0.5000632
0.7320065
0.1276488
0.036868352
0.031616494
0.14414272
0.006510029
0.8661413
0.27813667
0.35728619
0.81310606
0.14916697
0.75092465
0.71992487
0.51096886
0.94583684
0.39034304
0.13128023
0.8617519
0.0075383005
0.3231612
0.6233528
0.89835256
0.6157378
0.06576458
0.54255724
0.6017236
0.8417936
0.842286
0.28126276
0.64257747
0.1352197
0.53870094
0.8529742
0.5556979
0.05117958
0.07676639
0.14147098
0.39302638
0.4571876
0.54917806
0.5527177
0.75263375
0.30052063
0.30133283
0.46334314
0.9362284
0.14578287
0.15090959
0.36858636
0.5310671
0.055116244
0.7474688
0.100917555
0.8208047
0.5562063
0.8617693
0.3031256
0.8024893
0.20483236
0.31585062
0.22948736
0.93297315
0.7513609
0.56998223
0.4323036
0.3086901
0.92949826
0.7409019
0.029076241
0.0068216794
0.6404522
0.2615615
0.46487054
0.19992526
0.91648275
0.7814156
0.64184517
0.62207085
0.18356048
0.6924063
0.94998354
0.5007195
0.71296334
0.8585161
0.3094386
0.3290529
0.49347186
0.15217094
0.47279942
0.65724593
0.56059206
0.9004171
0.6271885
0.9223009
0.42546466
0.82185787
0.64066845
0.95075953
0.5358036
0.13518314
0.5300098
0.20425779
0.69447386
0.94988567
0.15025912
0.4049985
0.3892739
0.9087204
0.9823768
0.37879238
0.5792843
0.9621285
0.89570206
0.22105002
0.35936606
0.06887407
0.38937628
0.04903491
0.3079466
0.16824864
0.6456556
0.7824643
0.09039533
0.22363967
0.40460137
0.9449173
0.63592786
0.66113704
0.7907154
0.43156356
0.09938065
0.54317784
0.90206665
0.8556923
0.24629779
0.16339707
0.49901038
0.6698463
0.022128101
0.06474329
0.56611913
0.45425278
0.5072543
0.20088604
0.805717
0.82843065
0.31037343
0.041358437
0.69565856
0.20101461
0.020912502
0.50251925
0.96518695
0.8746703
0.45408842
0.7305822
0.994521
0.81234145
0.1802313
0.6947299
0.7730412
0.32269412
0.28026366
0.292169
0.6060415
0.7417768
0.39295468
0.8834958
0.42542878
0.652462
0.009822569
0.4524185
0.5301509
0.5448458
0.04550756
0.4399679
0.4761159
0.79470056
0.59822154
0.6848247
0.47480667
0.47167498
0.52330035
0.3420338
0.21913429
0.6504438
0.9227971
0.65306455
0.83811116
0.118145876
0.011078251
0.8042053
0.31772304
0.8187056
0.59435934
0.7272858
0.69479984
0.369245
0.31365672
0.9321841
0.37934414
0.8759785
0.7884723
0.3242324
0.987799
0.12337342
0.5849989
0.3921088
0.1160737
0.45021215
0.073509395
0.0017284687
0.9930779
0.9616307
0.26988405
0.59193814
0.9960519
0.0536498
0.645237
0.2299941
0.77906483
0.7140239
0.71214753
0.9215467
0.079835795
0.24395667
0.8686003
0.1138992
0.44092092
0.7885238
0.17402318
0.45082727
0.2770905
0.89098066
0.7619746
0.5923193
0.51142806
0.39881787
0.60968953
0.678659
0.2177239
0.49770147
0.5206602
0.9116807
0.15710986
0.13107486
0.16674556
0.9184782
0.45898715
0.49856254
0.24812655
0.66981155
0.21785906
0.92836946
0.14230423
0.5499699
0.8564218
0.71977174
0.8882996
0.91107565
0.9500613
0.54761946
0.78068686
0.7069495
0.63031924
0.8846488
0.94281566
0.87334394
0.0800405
0.8074952
0.89554834
0.72437793
0.67783844
0.96814007
0.4175593
0.800888
0.9006849
0.44034073
0.76520175
0.5915106
0.5764171
0.0135334795
0.7884549
0.011977796
0.71530193
0.54616433
0.84652424
0.636736
0.42467633
0.33934662
0.26311737
0.6379336
0.5929049
0.5896538
0.43488753
0.8238549
0.8357209
0.95908123
0.83929104
0.8373678
0.6152907
0.99848235
0.57530856
0.4975334
0.33665547
0.50885636
0.24574472
0.6858026
0.8117475
0.6459705
0.8212419
0.63814616
0.53564394
0.54735565
0.5986905
0.1831808
0.020642182
0.06936588
0.75660384
0.38847497
0.09431137
0.181814
0.63952655
0.893069
0.20900628
0.6085119
0.685924
0.52466744
0.799778
0.028604738
0.33179322
0.918786
0.93615526
0.8955251
0.06477303
0.42117816
0.85067433
0.022382542
0.78106624
0.53111494
0.052518632
0.3170348
0.33658013
0.98855543
0.9637176
0.27237606
0.26445326
0.16193987
0.19784875
0.81086856
0.11630941
0.85576487
0.7368723
0.8246884
0.036094032
0.9880835
0.5684167
0.112032354
0.64153785
0.096934125
0.36891758
0.90308595
0.5000702
0.51652676
0.29705057
0.75493616
0.95822585
0.7627488
0.8174918
0.035565097
0.53507125
0.26833472
0.91508174
0.6712187
0.088846095
0.21452314
0.8255027
0.6161553
0.97041136
0.14619103
0.34770387
0.6630607
0.5774906
0.6801801
0.41550982
0.29423973
0.76047367
0.5072833
0.66789305
0.00727121
0.96743405
0.016340654
0.69005877
0.13269322
0.559145
0.38372147
0.3834364
0.9062652
0.40746218
0.507008
0.045860127
0.22072788
0.42137036
0.05425924
0.52793354
0.7759123
0.049698688
0.9752294
0.47194818
0.70534694
0.90454245
0.5003177
0.52789044
0.6734437
0.52515095
0.67319494
0.857444
0.116340615
0.189935
0.8754682
0.946506
0.701842
0.7929766
0.9551496
0.8551488
0.6019254
0.13537934
0.788854
0.7516936
0.2442816
0.12478208
0.79174864
0.02995001
0.2489186
0.14175408
0.5258743
0.28185886
0.47991198
0.9217475
0.30422235
0.2588152
0.88227886
0.6701966
0.9076184
0.49203736
0.6681911
0.55625623
0.15208445
0.29463604
0.011789281
0.8865218
0.77498245
0.42557362
0.6782497
0.70303315
0.79074246
0.9642024
0.02569738
0.50865906
0.0023845995
0.30644596
0.9702077
0.5046018
0.953405
0.5030426
0.61452687
0.8481192
0.13882963
0.5492037
0.166536
0.26458138
0.056812257
0.71171266
0.6726571
0.07167411
0.92706573
0.28017542
0.3110745
0.26684627
0.030332902
0.9672344
0.3075241
0.7348354
0.30319163
0.16766764
0.8230651
0.12915526
0.18335322
0.6126236
0.47161025
0.20606811
0.24421391
0.18245241
0.667066
0.42594907
0.032933917
0.9366243
0.5513749
0.11696287
0.8047422
0.2264743
0.26468495
0.18994898
0.07419578
0.33537334
0.009707443
0.91596633
0.5213226
0.4175536
0.033940125
0.7858814
0.4448106
0.63587135
0.36966175
0.34898296
0.42845967
0.70036185
0.33714214
0.5670532
0.8842882
0.1581028
0.7270155
0.7011369
0.85715246
0.55951405
0.12880367
0.40011847
0.41045368
0.65594214
0.16269822
0.23242849
0.13414605
0.054897316
0.9489285
0.4004845
0.62768745
0.12493025
0.8963742
0.22197282
0.09185834
0.031190082
0.55485
0.8434592
0.78022313
0.51569945
0.36112115
0.17334397
0.5342275
0.8517931
0.4699274
0.056592733
0.5348233
0.68139493
0.9338783
0.7809567
0.4081379
0.9000418
0.88070875
0.95235056
0.22208731
0.48186487
0.5563849
0.31316176
0.4748429
0.6780596
0.9551267
0.5884798
0.67595285
0.009183093
0.061986316
0.7168539
0.75649035
0.29355145
0.5175934
0.84792227
0.3225177
0.11145135
0.96944875
0.05512377
0.87761724
0.42712182
0.08395283
0.8474667
0.006930509
0.06663591
0.91614985
0.6651365
0.8998478
0.29043093
0.5801821
0.9680411
0.0702549
0.66453224
0.16235547
0.97821254
0.36132059
0.014324486
0.519871
0.5322992
0.72543776
0.5615796
0.81781614
0.17478906
0.932423
0.560604
0.608091
0.6149998
0.4874191
0.26690748
0.07829274
0.25521898
0.5305614
0.16895865
0.782071
0.1368084
0.9346008
0.14206739
0.751656
0.70278865
0.7519916
0.31423473
0.3156367
0.9894864
0.5872375
0.41482818
0.022810273
0.17849278
0.22332187
0.26309815
0.6350065
0.9840456
0.15488124
0.1403304
0.6637814
0.42151207
0.77661914
0.62726825
0.63149756
0.37439054
0.14243878
0.06224534
0.6380286
0.9192502
0.85698533
0.8728882
0.53111017
0.4914038
0.97358316
0.48659813
0.84075433
0.03449807
0.9819488
0.45778832
0.11426592
0.8160876
0.7395753
0.9326531
0.22248398
0.23583776
0.7015405
0.62419516
0.9990928
0.0018720061
0.40278348
0.5152867
0.13840331
0.45206857
0.25925156
0.4881483
0.4327048
0.72726387
0.61812466
0.39533162
0.635685
0.26198277
0.1085967
0.40049365
0.43313316
0.725525
0.7347931
0.95053077
0.7303125
0.65969044
0.99405694
0.23326588
0.13711196
0.20303121
0.0745468
0.07536633
0.33684573
0.6294274
0.61514366
0.61401606
0.22908862
0.6801078
0.98301524
0.6275962
0.7780545
0.5562926
0.60878235
0.96544677
0.035118364
0.26155445
0.019612066
0.2213936
0.703729
0.5855938
0.88960636
0.51821333
0.428922
0.7707965
0.32328847
0.14161465
0.501371
0.1982398
0.06214939
0.570246
0.8633538
0.10504534
0.1956493
0.9059781
0.119177505
0.034982327
0.010125731
0.813124
0.15784457
0.3858761
0.3736516
0.44707927
0.5107019
0.31299978
0.8385923
0.54971176
0.9827303
0.7845532
0.31465402
0.7576262
0.67692333
0.39836034
0.88117963
0.7739208
0.33412236
0.5659444
0.36923134
0.19727464
0.2149365
0.32957885
0.43838212
0.73487407
0.13984406
0.7182935
0.8321537
0.68746305
0.485664
0.0317239
0.5110608
0.28864145
0.65158945
0.44993833
0.6993442
0.2742748
0.23330653
0.9501529
0.93493724
0.28087297
0.53754836
0.7547372
0.8885606
0.55473703
0.36653003
0.4206354
0.6956299
0.33683798
0.85414284
0.5209383
0.60883385
0.10414359
0.63558906
0.7445436
0.96779674
0.83027357
0.76120335
0.04755132
0.20072716
0.3816693
0.034432076
0.13395031
0.9108954
0.5403975
0.18992215
0.13875878
0.43606594
0.5759968
0.8136287
0.1455976
0.12976022
0.20801349
0.54909426
0.77717817
0.5486819
0.36178577
0.46999907
0.49102607
0.8897597
0.21492177
0.79830486
0.27696416
0.54645
0.5546206
0.57946116
0.114771545
0.17429079
0.44076288
0.011621322
0.47754392
0.917856
0.46404326
0.9278436
0.24169423
0.0751759
0.92766523
0.76880735
0.77036685
0.45113224
0.72979754
0.007738334
0.6504707
0.2894266
0.987884
0.66970843
0.9307379
0.37527186
0.19213481
0.3184914
0.24238433
0.9734441
0.18972598
0.16322428
0.07898272
0.19242966
0.36269885
0.19557333
0.2154488
0.64772916
0.88797003
0.6410368
0.71462363
0.18574858
0.85714865
0.24089769
0.9378083
0.58674777
0.6322544
0.49518263
0.21100748
0.63210374
0.48801237
0.30096775
0.9013731
0.43774077
0.056058474
0.5233568
0.17623903
0.5186049
0.51068187
0.64366645
0.6266458
0.98427576
0.5398643
0.69802225
0.09960583
0.5996138
0.6559408
0.08902243
0.21774122
0.58919346
0.56885237
0.8148375
0.47715706
0.05381075
0.069953814
0.861865
0.6878782
0.27510667
0.72702986
0.45228997
0.9773381
0.5413346
0.37346894
0.32143372
0.62063193
0.48368877
0.81134856
0.7514969
0.8815703
0.38363954
0.8766795
0.81516457
0.09457363
0.5055404
0.95520025
0.5926627
0.40559986
0.62859565
0.115828805
0.9091122
0.13986576
0.03247589
0.7293631
0.77871454
0.29062143
0.5876903
0.49485782
0.9806564
0.6570923
0.3883341
0.83033496
0.72178775
0.99211556
0.67509174
0.44735745
0.9916555
0.9572869
0.23319995
0.13028052
0.6773756
0.09540298
0.2199805
0.374883
0.28465563
0.8127979
0.95203906
0.66758484
0.9310504
0.7525614
0.40801904
0.2181471
0.12264106
0.57017523
0.075709455
0.8407821
0.25908607
0.95658314
0.88864964
0.8011645
0.14660682
0.58898765
0.21673214
0.94969285
0.5317959
0.9328286
0.11864505
0.44997787
0.8175006
0.29973638
0.39851585
0.7618686
0.84471583
0.9234379
0.75112975
0.3930968
0.37913066
0.043772023
0.34373176
0.4476233
0.5557406
0.720121
0.41500917
0.6271727
0.3124103
0.4390572
0.03373884
0.25982085
0.6423974
0.42548788
0.8784459
0.6276335
0.5288508
0.2379137
0.32284248
0.17416675
0.30619776
0.73886985
0.94084674
0.32936198
0.3926213
0.82964987
0.75576806
0.45476085
0.95721656
0.73187184
0.5351288
0.16011982
0.14146973
0.63961524
0.11718212
0.34535787
0.9447838
0.48724443
0.17480856
0.58928376
0.07861581
0.25195083
0.6036998
0.94883204
0.5093188
0.37179396
0.502208
0.5150602
0.9514417
0.34613982
0.10644242
0.29277393
0.3885269
0.60198224
0.29057616
0.29627517
0.98763454
0.5483339
0.3089608
0.42447883
0.7811714
0.5731018
0.59659445
0.9510007
0.41479784
0.3760908
0.47881714
0.020576827
0.35299137
0.62014997
0.9195492
0.70975554
0.96655595
0.620297
0.27591494
0.8248631
0.3757932
0.6242386
0.53181773
0.66847456
0.69253963
0.4677358
0.28467286
0.901005
0.29245037
0.57817334
0.6713629
0.98976094
0.81900895
0.00033506064
0.03691975
0.16337083
0.43595317
0.14799154
0.15360492
0.97769964
0.60058177
0.81174266
0.8564282
0.10760916
0.06446256
0.41388208
0.18176672
0.7390856
0.06612001
0.2950768
0.8588975
0.7292954
0.4817582
0.8073845
0.3077918
0.5336963
0.35775688
0.82318175
0.19293089
0.63971174
0.4453411
0.3304007
0.5340896
0.9347076
0.6984705
0.005271535
0.13768637
0.69346863
0.02740793
0.3757484
0.71404505
0.42094004
0.43388918
0.9042713
0.24280216
0.2453371
0.29272637
0.61949384
0.89528984
0.8577092
0.9877394
0.48578158
0.9605147
0.6219594
0.72817725
0.6040345
0.4540615
0.8144158
0.3469988
0.95789474
0.96029294
0.8481587
0.38347125
0.09781567
0.7347302
0.5648524
0.7334937
0.42871416
0.22036286
0.75228703
0.31596687
0.5002282
0.12769085
0.8937405
0.65442806
0.23537585
0.94171304
0.52399665
0.7123657
0.62614214
0.37800163
0.5931379
0.6247886
0.63335705
0.5365243
0.9547329
0.5016934
0.96224505
0.42778617
0.44563246
0.08088026
0.27843642
0.27595514
0.6154463
0.5625561
0.9524361
0.39959225
0.78506744
0.42874563
0.73372
0.20710784
0.030129893
0.8724757
0.8590183
0.05955044
0.92325234
0.6208905
0.7795755
0.8079651
0.06827288
0.08901487
0.6619621
0.65682
0.24094175
0.67651093
0.95320964
0.52383053
0.17872724
0.28105277
0.53050196
0.6424273
0.8671998
0.09021486
0.22706148
0.8455829
0.30631328
0.25357723
0.44472554
0.64524025
0.8888959
0.8982802
0.584333
0.88298965
0.68923414
0.9427593
0.04367578
0.17939983
0.29819098
0.41897258
0.94704545
0.074659854
0.4535626
0.23331863
0.24589196
0.96276003
0.19861826
0.9957272
0.5884242
0.97989625
0.2963613
0.94682634
0.9898847
0.31102118
0.39461008
0.7912066
0.35764712
0.27131313
0.7726968
0.49816695
0.22592247
0.51332986
0.86224717
0.85835034
0.19990066
0.27566856
0.5626921
0.53134173
0.109969
0.19234513
0.4834405
0.4408816
0.98028207
0.5689507
0.03481297
0.2857595
0.4824553
0.4584257
0.91376305
0.11392885
0.25463283
0.5780257
0.23815644
0.46722984
0.06852979
0.014386258
0.64861
0.98987716
0.763666
0.52102715
0.69229203
0.04111734
0.16175374
0.98706
0.01643778
0.36969563
0.8777538
0.90487623
0.33075085
0.9356378
0.6426873
0.24685976
0.31932867
0.7085022
0.5707679
0.12548423
0.60765404
0.9258211
0.12728226
0.31067547
0.15423368
0.26129228
0.61190003
0.5806918
0.5324914
0.094274595
0.48402664
0.39719802
0.99933827
0.6549911
0.6498787
0.9055652
0.9709738
0.39225742
0.94288284
0.45102763
0.3476066
0.6200077
0.5444391
0.92722386
0.23861359
0.9156009
0.11693458
0.11057206
0.09111128
0.6745196
0.3636761
0.03295102
0.28129098
0.006132112
0.45532808
0.8546605
0.34482715
0.8822391
0.728186
0.2763372
0.51931757
0.66822654
0.3097015
0.20158654
0.7714799
0.21741857
0.44867015
0.8823851
0.8869691
0.6920981
0.25341403
0.56780785
0.2980119
0.41208166
0.44459206
0.7578544
0.16853613
0.93150216
0.8338058
0.89764696
0.8824908
0.38246232
0.5594465
0.24774432
0.6488915
0.69598335
0.15094264
0.41741028
0.19017011
0.51634955
0.2616317
0.5286397
0.0422929
0.18773627
0.030432895
0.36967933
0.76179713
0.71074736
0.053685572
0.07703509
0.4567966
0.7203559
0.8142483
0.89569175
0.60391086
0.62140507
0.8655898
0.12405655
0.39003584
0.74960816
0.87865204
0.74753135
0.2850913
0.9668466
0.16281055
0.56895113
0.6340779
0.6630253
0.70497006
0.70636016
0.17596647
0.8286468
0.80459493
0.15643187
0.7900796
0.81954515
0.10728541
0.42558357
0.95835584
0.35817268
0.64279425
0.16124015
0.93774736
0.030791555
0.80952746
0.5506151
0.23535937
0.4128329
0.36342368
0.09210054
0.9846853
0.7451418
0.45324335
0.7638751
0.6269113
0.574666
0.2788776
0.98124737
0.70540667
0.51767075
0.49965137
0.89771783
0.550951
0.6346071
0.27602357
0.022750856
0.7463185
0.5609593
0.15543017
0.11103525
0.64833236
0.4809608
0.39665756
0.57407457
0.5573073
0.016531125
0.16004232
0.90648144
0.79013425
0.5293381
0.65554565
0.96067214
0.28330368
0.68430716
0.6801832
0.78501785
0.13508533
0.76534414
0.23469792
0.4207182
0.46740294
0.42866987
0.14662363
0.6822116
0.67169285
0.8736689
0.8466495
0.44782603
0.55291593
0.7505758
0.08112509
0.552178
0.9205705
0.70662886
0.7001757
0.51210403
0.72972846
0.048938762
0.4218766
0.36271504
0.5023283
0.11071974
0.7896892
0.93124044
0.6728512
0.43981847
0.997359
0.9825514
0.682126
0.95270073
0.707773
0.96903217
0.31928912
0.4988759
0.6507121
0.49754485
0.8168938
0.70509064
0.9166737
0.4710101
0.012858508
0.5372507
0.3433977
0.06055054
0.93716687
0.55244637
0.18119286
0.28922275
0.6150454
0.666151
0.77767295
0.9417448
0.42955336
0.86025614
0.16890271
0.91102827
0.021026477
0.6890157
0.75969565
0.48827758
0.71740204
0.24378327
0.3848991
0.7884429
0.6599079
0.4251061
0.9340078
0.4005067
0.88601
0.5817482
0.12141505
0.29941905
0.24307206
0.3552823
0.22111918
0.69208246
0.19826484
0.3099076
0.11641755
0.13496767
0.09886163
0.25184917
0.8106768
0.9928521
0.40655756
0.79800016
0.9456283
0.5157597
0.41400465
0.5036034
0.6479752
0.12483625
0.06820205
0.17710188
0.36056882
0.71546715
0.20266287
0.90281874
0.9728993
0.18312591
0.6391506
0.97320086
0.36761758
0.92155224
0.6547453
0.15947187
0.7154342
0.8577836
0.6220024
0.87918866
0.26995015
0.9252272
0.9184223
0.55271417
0.32749167
0.15035866
0.68937534
0.62510353
0.7024275
0.414378
0.4905475
0.13847038
0.7075618
0.6137432
0.60556376
0.20378007
0.51200175
0.20624423
0.8672022
0.5750601
0.077321835
0.5249071
0.4638102
0.78629214
0.56067616
0.7465874
0.23310272
0.21330735
0.9222646
0.78609234
0.9291324
0.38793296
0.6299788
0.019042375
0.15099919
0.076887555
0.09557692
0.06308104
0.17729273
0.5116926
0.574244
0.97835135
0.50247544
0.14679395
0.22309962
0.13891952
0.951345
0.48135877
0.18775032
0.007124901
0.089978
0.3375905
0.09053095
0.35104716
0.5249745
0.6665272
0.8445212
0.2295619
0.2416314
0.6011411
0.82707673
0.22061893
0.05004035
0.04282578
0.46390873
0.5254261
0.9650055
0.18878038
0.13390501
0.9104039
0.6196256
0.5573616
0.3636051
0.5893115
0.0030577234
0.64568007
0.43850058
0.98299736
0.60171074
0.4618666
0.12748447
0.2779117
0.62179387
0.89868635
0.34352842
0.28881386
0.09080188
0.43944588
0.86108017
0.1305024
0.720548
0.22072026
0.68834937
0.78545135
0.7073841
0.4598912
0.72626203
0.86231756
0.89086163
0.055290885
0.5994699
0.4899038
0.6927913
0.21507502
0.06103544
0.5675638
0.19639938
0.3816467
0.8316365
0.059778918
0.06362251
0.047949146
0.12241591
0.04883567
0.89675194
0.5995934
0.7864775
0.77945244
0.18074381
0.6625585
0.9031204
0.942721
0.9322304
0.39160568
0.38253376
0.2647997
0.86545813
0.7151929
0.83137006
0.8762539
0.9045037
0.841612
0.70419914
0.7498645
0.87283605
0.5431267
0.28805795
0.124153115
0.7092498
0.44330475
0.23012507
0.17305511
0.6289257
0.8357739
0.17450346
0.15033627
0.61120194
0.68468946
0.019013304
0.684406
0.95661646
0.9922437
0.56836766
0.9271787
0.44166645
0.35332084
0.8837821
0.82942104
0.3027585
0.13053022
0.40678453
0.5568689
0.58836883
0.602045
0.7347253
0.78021455
0.20879567
0.74519813
0.42481604
0.75669545
0.5897411
0.5278989
0.012272306
0.33373076
0.27209964
0.8406743
0.38849896
0.80664396
0.89708817
0.19882068
0.6786334
0.48675847
0.6352321
0.65200627
0.72278535
0.9119531
0.27011228
0.018437294
0.7168338
0.5974117
0.8245839
0.90458155
0.14928423
0.40823257
0.40868038
0.3265351
0.9622749
0.05635913
0.6427539
0.85968065
0.021697534
0.7859329
0.3646422
0.90429616
0.16078545
0.77949435
0.38108793
0.061202433
0.47912544
0.5658255
0.39238793
0.05179417
0.48542395
0.32331055
0.7755758
0.18251489
0.94701934
0.5353893
0.86233777
0.7395242
0.60398287
0.5070263
0.44607228
0.91123974
0.57658356
0.023556888
0.2526713
0.052982647
0.43421826
0.32485437
0.89129204
0.99302197
0.12693079
0.70084304
0.8380346
0.88255924
0.9785577
0.60173845
0.53766435
0.9706714
0.09650071
0.94661885
0.82570994
0.52788746
0.61535573
0.6628186
0.5034705
0.012101543
0.7182556
0.809778
0.19138567
0.89147675
0.117744856
0.2710085
0.62734646
0.37137562
0.5064005
0.6925474
0.059843127
0.41075507
0.09954037
0.32946256
0.6389882
0.26415375
0.2802845
0.27111843
0.8716857
0.47352475
0.32270882
0.7236271
0.74819374
0.96374613
0.4594064
0.50900596
0.80313045
0.4198351
0.46116918
0.5352914
0.983994
0.4609854
0.8890602
0.33137012
0.041832373
0.6708237
0.5182027
0.2075503
0.7966843
0.35787255
0.9047922
0.1329282
0.2806742
0.38475922
0.24577531
0.17546265
0.88381475
0.7755899
0.4598096
0.6145028
0.21791938
0.15984549
0.64087707
0.9957138
0.271176
0.2313794
0.4258293
0.31472552
0.024629138
0.5430402
0.9634039
0.4027333
0.20094316
0.56658804
0.52031857
0.95197725
0.11141589
0.8457139
0.011156689
0.5386501
0.7840361
0.9616556
0.12106017
0.8042363
0.7645858
0.9218531
0.8031821
0.60162765
0.8310277
0.24412161
0.33522075
0.857212
0.7660945
0.6647795
0.7013313
0.004156325
0.3494784
0.608854
0.5232518
0.5833696
0.29496032
0.93615925
0.08945954
0.037326172
0.9119484
0.17060086
0.85016364
0.910706
0.762627
0.81750476
0.8505128
0.902749
0.45836708
0.63496673
0.8522328
0.9176784
0.8632132
0.14710997
0.5858686
0.96024543
0.521788
0.7788462
0.116199344
0.5289826
0.8987859
0.35890552
0.5148423
0.11570235
0.2544623
0.0385496
0.15333346
0.3078047
0.7211302
0.09658675
0.5729359
0.8322616
0.8697734
0.23979284
0.7177397
0.99709636
0.80006796
0.8205466
0.13780166
0.14744638
0.23852511
0.45061943
0.14842254
0.119365014
0.22701064
0.47306496
0.9063666
0.13177638
0.2772852
0.53968686
0.569236
0.6273804
0.6319497
0.8028636
0.35337684
0.7363653
0.5338151
0.5382329
0.15644959
0.544547
0.33114427
0.2423478
0.27272657
0.59799427
0.57791275
0.90627813
0.73774534
0.9177898
0.5455798
0.31342116
0.43702635
0.75271255
0.17708373
0.42407948
0.9905318
0.6105998
0.85392064
0.78442913
0.0895635
0.2813021
0.6487258
0.021946764
0.41219947
0.69013864
0.17927533
0.46006218
0.58906794
0.18754849
0.3271595
0.91222787
0.037924264
0.6883413
0.2589407
0.8193315
0.78355265
0.9698314
0.75181353
0.7777765
0.2730859
0.1661117
0.3972592
0.26698497
0.9906239
0.6563852
0.79502296
0.033905383
0.8489469
0.7091298
0.7553956
0.775109
0.4199571
0.98733103
0.45560098
0.94173694
0.8467736
0.47066712
0.8476002
0.67436135
0.30428502
0.17260253
0.37510803
0.8331112
0.43303624
0.95619714
0.24993785
0.6464946
0.14480464
0.6288684
0.3378658
0.30834675
0.0051726396
0.5866718
0.68503374
0.29821944
0.09527586
0.2845224
0.83962655
0.3033392
0.8806795
0.1393369
0.59520394
0.44814473
0.16945025
