0.0038660169
0.0001207958
0.0
0.00075363927
0.0005942527
0.00023694802
0.0
0.00068390695
0.0023492519
0.0
0.0003414899
0.0007031206
0.0
0.00027917512
0.00044071884
5.5885233e-05
0.000110545196
0.0
0.000727023
0.000109720975
0.0
0.0004690718
0.00074583106
1.9708801e-05
0.0
9.876373e-05
0.0
0.0002323594
0.0005103946
0.0
0.00027137343
0.0029522758
0.00039314665
0.0
9.073882e-05
0.00025584176
0.000569053
0.0
0.00047095097
0.00023722416
0.0
4.188635e-05
0.0008441163
0.0
0.0001489676
0.000117684074
0.0008458137
0.00023404136
0.0
0.001161363
0.00090198964
0.0
0.00087280385
0.0006368216
0.0009442242
0.0
0.00048971456
0.0
0.00027181208
0.00025758566
0.0
0.00023689191
0.0043608695
0.0005532969
0.0
0.0001804207
7.082359e-05
0.00012589083
0.0
0.00082666613
0.0014036375
0.0
1.2419943e-05
0.0004983451
0.0
0.0003935001
0.0011117528
0.00033098203
0.0008775713
0.0
0.00021917395
0.0004608808
0.0
0.0006764401
7.577229e-05
0.00013629103
0.0
0.00052082725
0.0
0.000252611
0.00063487794
0.0
0.00082519604
0.004465185
0.00018527638
0.0
2.3716479e-05
0.00051291287
0.0003827475
0.0
0.0010481789
0.0014259638
0.0
0.00012519816
0.0005699266
0.0
0.0010934751
0.00022560451
0.0005083219
0.00048150122
0.0
0.00033938652
0.00058438303
0.0
0.00072069187
0.00018392119
0.0012197066
0.0
5.84909e-05
0.0
0.00040154718
0.0006023231
0.0
0.00029220432
0.003573317
0.0008653514
0.0
3.8393657e-05
0.00018986105
0.00030384026
0.0
0.00021093909
0.000653754
0.0
0.0004040217
0.000677241
0.0
0.00019075675
0.00089544244
2.8577226e-05
9.904499e-05
0.0
0.00034858473
0.0003286684
0.0
0.00023151189
9.431515e-05
0.00039759
0.0
0.0004246598
0.0
0.00045935065
0.00075081503
0.0
0.00016887474
0.0042191395
0.0008161515
0.0
0.00032893382
9.876513e-05
0.0008055419
0.0
2.9325776e-05
0.00014494301
0.0
0.00014576409
0.00041967165
0.0
0.0007021371
4.579447e-05
0.0010663122
0.00025682896
0.0
0.0003710133
6.648537e-05
0.0
0.0010080189
0.00021336717
0.00093092164
0.0
2.6267313e-05
0.0
0.00043018442
0.00045061344
0.0
0.00063323975
0.0018367942
0.00044006202
0.0
0.00076904334
1.3227458e-05
0.0004921593
0.0
0.0005313994
0.00086172996
0.0
6.5327564e-05
0.00058245286
0.0
0.00037510786
0.0007360941
0.00018483435
8.53769e-05
0.0
0.00090278033
0.0005412963
0.0
0.0007628184
0.0002607014
0.00042524608
0.0
0.0009081913
0.0
0.0004309574
0.00010157173
0.0
0.0005233814
2.3009648e-05
0.00038700737
0.0
0.0010637809
0.0006839102
0.0003248211
0.0
0.0007963618
0.0014578741
0.0
0.00022827415
0.00044375844
0.0
0.0008706604
0.0004190714
0.000356925
0.00048740674
0.0
0.0008304841
0.00011586258
0.0
0.0001422714
0.00025250902
0.0009749476
0.0
0.00019087363
0.0
0.00084734336
0.0005553202
0.0
0.0005656844
4.3437343e-05
0.0006243754
0.0
0.00060557295
0.00073232874
0.0002691541
0.0
0.00024280243
0.0019284654
0.0
0.0004166523
0.00081826
0.0
0.0006851442
0.00047252467
0.00023395722
0.00045863725
0.0
0.00066522707
0.0005908073
0.0
0.000872056
0.00016092637
0.00011669501
0.0
0.00036684424
0.0
0.00016604271
0.00056291884
0.0
0.00055770576
0.0011934487
0.0003387751
0.0
0.0008761245
0.00011272868
0.00045253523
0.0
0.0009021112
0.0012805006
0.0
0.0003428338
0.00054110587
0.0
0.0006021587
0.0008112071
0.00027033687
0.0003606882
0.0
3.9434002e-05
0.00024688337
0.0
0.00093796104
0.0007356191
0.00085053267
0.0
0.00048141647
0.0
0.00023681903
0.00017613824
0.0
0.0007771668
0.005156317
0.00032746885
0.0
0.00032208604
2.4857e-05
0.00030553155
0.0
0.00042945705
0.0012966646
0.0
0.0002639098
1.2739329e-05
0.0
8.264207e-05
0.0009960281
0.00086326525
0.00040529016
0.0
0.0008464055
0.00037318096
0.0
0.0001285969
0.0004818025
0.000726121
0.0
0.0007255431
0.0
0.00040343404
0.0004596645
0.0
0.00048316456
0.0024325443
0.00026770588
0.0
0.00030555693
0.00016222894
0.00067681633
0.0
0.00061514555
0.00046389352
0.0
0.00032587163
0.000118162716
0.0
0.00023345405
0.00070304703
0.00060198456
0.00032866653
0.0
0.00032789912
0.00036733598
0.0
0.00045001227
0.00024946104
0.00083274953
0.0
0.00070309173
0.0
0.00048851967
0.00034976145
0.0
0.00043668598
0.0037709326
0.0004901029
0.0
0.0008339267
0.00017142831
0.0006482508
0.0
0.00010609056
0.0013108877
0.0
0.00025561824
0.00038880762
0.0
4.4792614e-06
0.00076576415
0.000679872
0.00081701577
0.0
4.051536e-05
2.3491855e-05
0.0
0.0008333558
0.000716181
0.00083863176
0.0
0.0007406734
0.0
9.313109e-06
0.00022648554
0.0
2.663274e-05
0.0041580107
0.00042464118
0.0
0.00042204373
0.0005222978
0.00039901678
0.0
0.00064327475
0.0027497243
0.0
0.00016200915
0.0002744412
0.0
0.0003415756
0.0011863867
0.0010305811
0.00055333786
0.0
0.00017773779
2.0478095e-05
0.0
0.0006884793
0.00070117647
0.00015995814
0.0
0.0005033091
0.0
0.000489539
0.00038709398
0.0
0.0007522842
0.0008961526
0.00015412597
0.0
0.0012120316
0.0005027894
0.0002846783
0.0
0.00057700835
0.0011514574
0.0
0.0004776111
0.00040831463
0.0
0.00086317305
0.0006064649
0.00010983242
7.706642e-05
0.0
0.001094278
0.00042519718
0.0
0.00046338653
0.000615736
0.00023578363
0.0
0.000495702
0.0
0.0005516447
0.0006039757
0.0
0.00055511855
0.00012460473
5.72633e-05
0.0
0.00015104341
0.00023339735
0.0002669515
0.0
0.000776371
0.0019635148
0.0
0.00022597285
0.0005666297
0.0
1.9624538e-05
0.0005101324
0.0005317088
5.23309e-05
0.0
0.0011632865
0.00088354945
0.0
0.0009118151
0.00043768762
8.24047e-05
0.0
0.00022199424
0.0
0.00018730154
0.00039379392
0.0
0.0001641108
0.0014709872
0.00058388803
0.0
0.00041879388
0.00048273895
0.0004638862
0.0
0.00029620342
0.00057240156
0.0
0.00025344174
0.0001514433
0.0
0.0011729789
0.00061476254
0.00047012605
0.00047725625
0.0
0.00024575772
0.0005757399
0.0
0.00031686993
0.0003242544
0.0006858357
0.0
0.0007687826
0.0
0.00055086426
0.00036859186
0.0
0.0006252383
0.0015464197
0.0003763195
0.0
0.0009163115
0.00055784266
9.9380035e-05
0.0
0.0006171055
0.0025162827
0.0
0.00018597487
0.0006284043
0.0
0.00036895834
0.00065891445
0.0012157562
0.0005246559
0.0
3.0178903e-06
0.00081740133
0.0
0.00064698234
0.0005261898
0.00026256463
0.0
0.00013752724
0.0
0.00017143809
0.00042957626
0.0
0.00017223787
0.0038300678
0.00040753465
0.0
0.00013197208
0.00037940312
0.00067981705
0.0
0.00016733119
0.001839214
0.0
0.00041453354
9.4848365e-06
0.0
0.0001548694
0.00028352067
0.0005675447
2.046983e-05
0.0
0.0004782509
0.0007838011
0.0
0.0005427627
0.0005536005
0.00057415524
0.0
0.0005749464
0.0
0.00011023611
0.0004546279
0.0
0.00040776422
0.0011372287
0.00012340676
0.0
0.0004948005
0.0007864535
0.00059211813
0.0
0.00076319324
0.0011463682
0.0
0.00017617224
0.00061751343
0.0
0.0002247343
0.00066034077
0.0004476649
0.00033501722
0.0
0.0006978046
0.00035070907
0.0
0.0006580809
0.0004574703
0.00014656049
0.0
9.5304335e-05
0.0
5.5328244e-05
0.0006821025
0.0
0.00046753557
0.0015844279
0.00048306398
0.0
0.00036515598
0.000727145
0.00054701045
0.0
0.0009323554
0.0015690639
0.0
0.00036415597
0.0006359145
0.0
0.00082715135
5.986716e-05
9.8565884e-05
0.00030382164
0.0
0.0007420173
0.00062799826
0.0
0.00050468324
0.00045014406
0.00043286989
0.0
0.00020902883
0.0
0.0007160269
0.0004482679
0.0
0.0003060284
0.0015496183
0.00014804048
0.0
0.0010280535
0.00047089066
0.00013131043
0.0
0.00048093568
0.0018091556
0.0
0.00020503416
0.00020910846
0.0
0.00026660087
0.0008117212
0.00041643577
0.0006638374
0.0
0.00070389546
0.00021520769
0.0
0.0008351449
0.00028137676
0.00064105075
0.0
0.00012452481
0.0
0.0003579571
0.00019362895
0.0
0.00044955313
0.0017610956
0.00024242094
0.0
0.000145889
0.0010203351
0.00037907902
0.0
4.473829e-05
0.00021530478
0.0
0.0003292472
0.00015853997
0.0
0.0007062177
0.00036952598
5.0201466e-05
0.0006602276
0.0
0.00012438535
0.00031472184
0.0
0.00038411492
0.00030492898
0.0011235997
0.0
0.0004474679
0.0
0.00034821685
0.00015685335
0.0
0.0006724559
0.000119444536
0.00015616277
0.0
0.0010043196
0.0007197689
0.00021077227
0.0
0.0004564505
0.001903032
0.0
0.00020713406
0.00058019254
0.0
0.00026142143
0.0001761755
0.0004189047
0.00016051019
0.0
0.0003394126
0.000954153
0.0
0.00055689085
0.0006124545
0.00023941009
0.0
0.00053764693
0.0
0.00046391878
1.5808677e-05
0.0
0.00050703995
0.00094708684
0.00042495225
0.0
0.0002055699
4.4655462e-05
0.00020426186
0.0
0.00070618885
0.0013286774
0.0
0.00035171257
0.00045636017
0.0
0.0008246768
0.00095535256
0.00072064996
0.00044429768
0.0
0.00030222302
0.0007483326
0.0
0.0006610388
0.00049354834
0.00050087995
0.0
0.00031988183
0.0
0.00050828606
2.6680122e-05
0.0
0.0006897398
0.004287971
0.00028008735
0.0
0.0010840525
0.00014830101
0.00062751584
0.0
0.0005670916
0.0004626941
0.0
0.0001726253
0.0008821562
0.0
0.00093119964
0.0011776024
0.00043976773
0.00021575193
0.0
0.0012259614
0.00046838727
0.0
0.00092743663
0.00033204327
0.00028670207
0.0
0.00035995198
0.0
0.0003112359
0.00019742269
0.0
0.00049292017
0.0013979883
0.00055119675
0.0
0.0006350614
0.0001653484
9.6867094e-05
0.0
0.00037450157
0.0002639196
0.0
0.00017822883
6.5008644e-05
0.0
0.00088431034
0.00044462178
0.0008177973
0.00011956587
0.0
0.0008385674
0.0006950684
0.0
0.0002702528
0.00037296023
0.000605311
0.0
0.0007505473
0.0
3.684248e-05
0.0005890932
0.0
0.00067891367
0.0037483908
5.5488432e-05
0.0
0.00066654803
0.00047673844
0.0001913649
0.0
0.0006903
0.0010896238
0.0
4.5381137e-05
0.00035646372
0.0
0.00062202103
0.00022461195
0.00084916165
0.0009822557
0.0
0.0012216605
4.6407687e-05
0.0
0.0005622483
0.00011116685
0.0008803201
0.0
0.00067604147
0.0
0.000105431536
0.00027391966
0.0
0.00042789057
0.005520126
4.3155625e-05
0.0
0.0007340228
0.00031410716
0.00045809336
0.0
0.0007038908
0.0023431685
0.0
0.00035202876
0.0007212665
0.0
0.0001548074
0.0003097055
0.0010006876
0.00060559064
0.0
0.0008561519
0.00039778557
0.0
0.0010129036
0.0003390601
0.00074819056
0.0
0.00047516823
0.0
0.00048151333
0.0005884655
0.0
0.00062851794
0.0049038567
0.0002676975
0.0
0.00064559
0.000445446
0.0006541684
0.0
0.00089830905
0.0011335377
0.0
0.00018828269
0.0008801166
0.0
0.00051656226
0.0012317915
0.0007872247
0.00021387113
0.0
0.00042093545
0.00027919887
0.0
2.974557e-05
0.00023309328
0.00074971514
0.0
0.00046295486
0.0
0.00010236981
5.4953212e-05
0.0
0.00012231164
0.0015905714
0.00078689866
0.0
0.000557621
0.00077152066
0.00029989518
0.0
0.0007425151
0.00073901966
0.0
0.00032456126
0.00035933033
0.0
0.00015181093
0.0010771994
0.00022911065
6.7666e-05
0.0
0.0012602583
0.00020518666
0.0
9.8821125e-05
0.00032499805
0.0003884777
0.0
0.00013339333
0.0
0.0005888203
0.00021625683
0.0
0.00044495682
6.671506e-05
0.0004598694
0.0
0.0007006172
0.00039896276
0.0006974358
0.0
0.00064198254
0.001169527
0.0
9.5878495e-05
0.0003452301
0.0
0.00032486022
0.00076806545
0.00048427633
0.00067556463
0.0
0.0011843629
0.0005499441
0.0
0.0009395601
0.00028149434
0.00031513954
0.0
0.0004393421
0.0
0.0004742695
0.000111919595
0.0
0.0006610416
0.00063536316
0.0011932441
0.0012212782
0.006994691
4.2898984e-05
0.0008183881
0.00053571677
0.0075099454
0.004057548
0.00073386775
0.000663779
0.0039599934
0.0006703128
0.005303286
0.003571406
0.00044895004
0.0009896923
0.0038686206
0.00016160017
0.007932325
0.000355041
0.0018584704
0.0006480799
0.00029572588
0.00047744275
0.0019807892
0.00087590923
0.0016430019
0.006318362
6.9610396e-05
0.00015626266
0.0040119216
0.00036642537
0.0018068845
0.00037602574
0.0048266524
0.0024875887
0.0013162824
0.0005420898
0.0036313264
0.0004329743
0.008025651
0.0022035474
0.00168811
0.001206541
0.0012383637
0.0012722325
0.0060770866
3.0157447e-05
0.0074488036
0.00019190436
0.00058539887
0.00012745456
0.0034024236
0.0073924125
0.00091285235
0.0005637625
0.0017800247
0.001088107
0.006173108
0.0006839023
0.0030204137
0.00012642464
0.00082410354
0.00010746633
0.0037137372
0.0002053096
0.00093708513
0.0006498078
0.0057567344
0.0013406901
0.0017717222
5.2951233e-05
0.00724356
0.00028901655
0.0022022654
0.0065293997
0.00070464204
0.00054713537
0.005391269
0.00067092624
0.00519516
1.4059837e-05
0.0063167363
0.0001548928
0.00025719474
0.00090261456
0.0050167735
0.00012116788
0.003084002
0.006546167
9.2928596e-05
0.0007044291
0.0020058653
0.0003671453
0.004032726
3.0985568e-05
0.0033320757
0.0006884131
0.0012666481
0.00040027848
0.0068458025
0.00053874636
0.00014563596
0.00556093
0.0006162393
0.00048398064
0.0048333146
0.0014654936
0.003991516
0.0008490514
0.007924607
0.00024391309
0.00020633124
0.000272297
0.003204204
0.0052302564
0.0005162831
0.00051182293
0.005763356
0.001346081
0.0077159037
0.00064763427
0.0050348965
0.0005498319
0.0048437337
0.00027044897
0.005218764
0.00023921274
4.5542514e-05
8.106031e-05
0.0062947944
0.0026680494
6.134165e-05
0.00087895524
0.0006662473
0.00020297128
0.0034823567
0.0027669296
0.0012401624
0.00015310192
0.007362162
0.00013590128
0.0071074935
0.0004791529
0.0033172413
8.494475e-05
0.0010682726
0.0008433163
0.0069705225
0.0006443939
0.003103677
0.007103007
0.0003193638
0.001321537
0.0027854466
0.0007490255
0.0016315257
0.00013355492
0.0030125617
0.0015626645
0.00069632597
0.0010640128
0.001663252
0.0006311536
0.006318966
0.0076810573
0.0011394124
0.0007460085
0.0078057237
0.00013646104
3.84625e-05
0.00019557413
0.004512823
0.0010485757
0.00014892907
0.00031122382
0.004173498
0.007342701
0.0014604541
0.0011743468
0.001458078
0.00087488536
0.0031666958
0.00070210826
0.001534603
0.0010212355
0.0038307754
0.00045515894
0.0054466114
6.304612e-06
0.0007228344
0.00061537896
0.0052740816
0.0010501797
0.00054138235
0.00051285
0.00557359
6.848023e-05
0.0053163324
0.0023303104
0.00040418693
0.00048065907
0.0062806397
0.0002059085
0.004935239
0.0010249191
0.0009791859
0.00017659973
0.00018748298
0.00056465575
0.005315705
0.00039440978
0.004804754
0.005997012
0.00013493377
0.0002275299
0.00805733
0.00026675826
0.0032954349
0.000565811
0.003018786
0.0076941
0.00077533576
0.00059703947
0.003073059
0.0009895796
6.30471e-05
0.0066091823
1.0241392e-05
0.0011148583
0.0008665155
0.00023864038
0.006480008
0.00012070639
0.0027093396
0.0004427961
2.5470683e-05
7.8898025e-05
0.004149639
0.0077375676
0.00020196967
0.00023222249
0.0030012317
0.00056764437
0.00096000737
0.0001954143
0.00027651497
7.776933e-05
0.006006648
0.0006008823
0.007800154
0.00043655396
0.00025377353
2.5503954e-05
0.006517059
0.004637254
0.00088947866
0.001010953
0.00620793
0.00059760816
0.0077018226
0.0068017254
0.00046644866
0.0005412598
0.00041497627
0.00048753034
0.00049188297
0.0011723363
0.00068873086
0.0005761399
0.0015198612
0.00063372497
0.0054080267
0.0007045287
0.0005819041
0.0042260042
0.00015832887
4.0005238e-05
0.007236199
0.00033752923
0.0034844985
1.5938556e-05
0.0058325785
0.0010464058
0.0012695076
0.00094252545
0.007471461
9.9216646e-05
0.0047204737
0.008477207
9.404951e-05
0.00064186216
0.0004292255
0.001035437
0.004093189
0.00087440014
0.0050265463
0.0001265617
0.0007742117
0.00038499737
0.002790333
0.0005132427
0.0015744071
0.0010923148
0.0024669284
0.0004083626
0.0048522525
0.0005190312
0.0029248646
0.00092521467
0.003851507
0.001341531
0.0072680134
0.0003521212
0.0011973456
0.0007019047
0.0026714802
0.0033748313
0.00076364586
8.427742e-05
0.0053236834
0.00040703075
0.005253547
0.00047902967
0.0009415743
0.00051954616
0.003972072
5.90993e-05
0.00089231035
0.0011251809
0.0026226304
0.00022798797
0.0011799764
0.000630016
0.004427868
0.0003660078
0.0066947425
0.005037993
0.0011902357
0.0005242592
0.0065480145
0.0009879763
0.007037634
0.0007947358
0.00089656195
0.007479943
0.00033834265
0.0007270067
0.006189553
0.0006760298
0.0066367234
0.0045264354
0.00011757636
0.0010982333
0.0063015614
0.00039747596
0.0074255606
0.0007633702
0.001091001
0.00051602646
0.00026724723
8.963875e-05
0.004275403
0.0071518095
0.0014114786
0.001037504
0.004103984
0.00032030325
0.0015951162
0.0006346791
0.0077221147
0.0009631001
0.005884936
0.00016612824
0.0048033963
3.493103e-05
0.0005311207
9.2514776e-05
0.0030895246
0.0031531646
0.0008054287
0.00048072264
0.004243621
0.0012520798
0.002219262
0.00082217186
3.299058e-05
0.00054104044
0.0059254644
4.600972e-05
0.0058234697
0.000188389
0.0062512895
0.0006167934
0.00118285
0.00062138727
0.007025446
0.0005111999
0.00024417636
0.0029712913
0.0010632472
0.0013291985
0.0009685861
0.00071791327
0.0015915754
2.5185796e-05
0.0011330815
0.0063958033
3.7241396e-05
0.0012094378
0.007777923
0.0004946375
0.0034344143
0.004343062
0.0009818594
0.0009850329
0.0040524253
6.0769875e-05
0.0044240416
0.0003884656
0.006403042
0.00040100922
0.0006990712
9.031968e-05
0.000797152
0.0055398624
0.00015234912
0.0005741118
0.001443156
0.00025999127
0.007514124
0.0001264998
0.003360032
1.0372825e-05
0.005659288
0.00024868
0.0038505595
0.00035134237
0.00088964537
0.00039613154
0.004215406
0.0028755357
0.0005749336
0.00074184104
0.0030440406
5.8838836e-05
0.002474097
0.007775669
0.0011992959
0.00034393836
0.0032169821
0.0011843294
0.006524158
0.001327244
0.007889176
0.0005075499
0.0011058375
0.0006496846
0.0020931417
0.0005154544
0.0060620825
0.001325421
0.00064009475
0.0013238508
0.004878308
0.0013113148
0.005531832
0.00013120938
0.0006681495
0.007936469
0.00046743226
0.0006712326
0.0030457473
0.0008122728
0.0006524597
0.00046056692
0.0012806959
0.0006903424
0.0075424486
0.00050710427
0.0071659586
0.0014254386
0.008025177
0.0012930831
3.3308555e-05
0.00026503624
0.00037673043
0.0062843477
0.0017244895
0.0011152949
0.0076738074
0.0010777987
0.008206824
4.9462134e-05
0.005959264
0.0001724611
0.0046969173
0.00081657514
0.003208669
0.00036048007
0.00075890985
0.00045442925
0.006255458
0.0052312957
0.0010166718
0.00027459604
0.006572544
0.00010262207
0.001559056
0.00705869
0.00016939863
0.001241305
0.00044755917
0.0007836156
0.0006233829
0.00022914712
0.0075509134
2.7833814e-05
6.0392835e-05
5.1977986e-05
0.005229845
0.00013750204
0.0015760552
0.0054627676
0.0011646799
0.0013284907
0.0019275623
0.0010946183
0.006212657
0.00035980847
0.0019045008
0.005089296
0.0007142792
8.37713e-05
0.0019395244
0.0016265889
0.008506515
0.00066877634
0.00016199867
0.0005934378
0.0041925833
0.0005322166
0.002616018
0.00012076716
0.002662873
0.0003374031
0.00011231779
0.00032421277
0.0005465195
0.0056198966
0.00037237434
0.0013339366
0.0012645456
0.00036545796
0.0021020747
0.0006839703
0.006147448
0.0003695669
0.003232116
9.520634e-05
0.005257299
0.0008123834
0.0011087293
0.0005902923
0.0025183328
0.0042090835
0.000859824
0.00045368145
0.0062234523
0.0005632016
0.0055134576
0.003309363
0.0005301482
0.0012210922
0.0019471343
0.00046803645
0.001114051
6.908452e-05
0.00631975
0.00037750995
0.0008646711
0.00061166636
0.007977334
0.00048252946
0.0053769522
0.0020361193
0.00021384255
0.0008889567
0.0036881443
0.0009354884
0.007814626
0.00039378883
0.008027454
0.0060298773
0.000743552
0.0012128646
0.0050149425
0.00040727737
0.0027336283
0.005262752
0.0012751203
6.0158578e-05
0.0052706427
0.00072686496
0.0012998555
0.00039312895
0.003000198
0.0011300136
0.0009690033
0.00045205202
0.005213481
0.0066214707
0.0014764783
0.00049476954
0.00092978624
0.0003598265
0.004021741
0.00058149314
0.0043821624
8.9102e-05
0.0063472344
0.00055569626
0.0058796816
0.0008339107
0.0003134131
0.0010467857
0.0026018585
0.0017862724
0.00063251285
8.867134e-05
0.0064744907
7.006813e-05
0.002681746
0.0063981335
3.1398187e-05
0.00065786566
0.0048105544
0.0014217226
0.0030717643
0.0007594444
0.007099326
0.0002556634
0.00038168696
0.0013224958
0.0055415602
0.0013674715
0.0024409483
0.0030994974
0.00057876715
0.0006329231
0.0038202503
6.360095e-05
0.0074234237
0.00033342384
0.003374163
0.00092906936
0.0011043272
0.0006042756
0.004468447
0.00040480564
0.003754791
0.000344326
0.0011929967
0.000609668
0.0074334526
0.0013652139
0.0067736236
0.00050604343
0.006961813
0.00043264747
0.0006597049
8.081761e-05
0.0061672307
0.0052256654
0.0007292656
0.0007419429
0.0018798534
0.00082766917
0.0055426285
0.0005903919
0.007998862
0.00034368393
0.0011515102
4.941579e-05
0.0037512046
0.0006781446
7.4955424e-06
6.9158414e-05
0.0074497284
0.0033061085
0.0011160609
0.0012945957
0.0065271803
0.00066275673
0.0046935184
0.0035048209
0.0012344845
0.00075008464
0.0012800577
0.0006538477
0.007955461
0.0007605248
0.0026458246
0.001280997
3.414633e-05
0.0002981003
0.006074321
0.00029829468
0.00035510206
0.005830281
0.00019650802
0.0009098328
0.0058154827
0.00047698338
0.0006225686
0.00022704875
0.0046846457
0.007852245
0.0010848541
0.0008263765
0.0034114346
0.0011777696
0.0059484956
0.0065565696
0.0012775854
0.0012173322
0.002667099
0.00018928462
0.0035632618
5.4650212e-05
0.0069979825
0.0002379551
0.00015956281
0.00060472253
0.0055505214
0.0036176243
0.0007881648
0.0008593237
0.004688062
0.00025978324
0.0066962843
2.3700166e-05
0.0044622007
0.00035061853
0.0013446345
0.00020159777
0.0047517032
0.000326506
0.00059908
0.00018307741
0.0035003128
0.0036931168
0.00040991977
0.0009828361
0.0038745357
0.00033404565
0.002097794
0.0047092885
0.0006013807
0.0003711764
0.0017917549
0.0013563775
0.0081926705
0.00069824443
0.0039076237
0.00041008228
0.000918746
0.0003519212
0.002325883
1.5577221e-05
0.001966954
0.0066884635
0.00021766138
0.00080971
0.007919821
0.0006294693
0.0050685243
0.0013924143
0.006836903
0.0058162846
0.0003384703
0.0006804741
0.00019325329
0.0013506156
0.0006013468
0.004632718
0.00066233054
0.0008893991
0.0064602033
0.0005544699
0.0070841075
0.00073546474
0.00254088
0.0010542533
0.0013460421
0.00020179826
0.0059463624
0.0008666366
0.0016965643
0.0010926423
0.0055524944
1.1002376e-05
0.003978441
0.00011613907
0.005038679
0.00018714313
0.0053770123
0.0002145854
0.007365566
0.0007370919
0.00054054125
0.0007048161
0.0059534386
0.005330539
0.00087310956
0.0016449755
0.006951
0.00045475166
0.0033792404
0.0045705605
0.000694918
0.00070319243
0.0028521384
0.00025323787
0.0028757541
0.0010462867
0.0025556302
0.00039086957
0.00043795886
0.0014327457
0.005555529
9.672632e-05
0.0052304524
0.0061222585
0.0014845026
0.001142222
0.007544682
0.0012109354
0.007431754
0.00065075234
0.0005551125
0.005175897
0.00022238282
0.00042760512
0.0027723697
0.0011872291
0.0021442946
0.0007221792
0.00023931591
0.00026321877
0.0029848658
0.0002017887
0.0035112193
0.00064074714
0.00049099134
0.00076534704
0.0002811192
0.00051044393
0.0048667663
0.0022587648
0.0010531856
0.001305287
0.004485069
0.00019863003
0.0025734033
0.0005560764
0.0032875238
0.00063331204
0.0023112404
0.0011451313
0.007824097
0.00084360305
0.0005637079
0.00088423875
0.008092964
0.0067548277
0.00047764438
0.00017571158
0.005210121
0.0004554024
0.0016985777
0.006111499
0.0003405959
0.0003602472
0.0042307926
0.00031126186
0.005703486
0.0007062297
0.0012518186
0.00048523705
0.00040013492
0.0012857169
0.0053617777
0.00044956277
0.0066125463
0.005708889
0.00066256424
0.00027154153
0.00056270196
0.0003877231
0.007184345
0.000201334
0.0067079975
0.0050847554
0.0008939216
0.00047061313
0.005823874
0.00042423652
0.0027720071
0.0069161104
3.5803787e-06
0.0010996289
0.0038344255
2.8915929e-05
0.007227824
0.0008277749
0.004359393
0.00043722807
0.000966817
0.00023422347
0.003683656
0.001648698
0.0011122297
0.000325028
0.008151474
0.00011672109
0.0068469513
4.7293754e-05
0.0057152193
0.00014436623
0.0051619457
0.0014410128
0.0029840348
0.000243309
0.001196645
0.00053589843
0.0056355903
0.008159838
0.0005545663
0.00019915437
0.0020864042
0.00038350082
0.007770991
0.0023190982
0.0009446449
0.0006127524
0.0027047873
0.0013182077
0.004307904
0.00013298451
0.0033850453
0.00069158943
0.000629656
0.0006541915
0.008043575
0.00042471473
0.0014139672
0.0040278034
0.0006202634
3.9992272e-05
0.000821866
0.000577135
0.0031095939
0.00060995674
0.0037804074
0.0007749118
0.00038378895
0.00097256247
0.0054182587
0.00019137328
0.0053210747
0.006770538
0.00087556476
0.00047601876
0.0048289145
0.0007391414
0.0054236203
0.0008301204
0.0073316554
6.375516e-05
0.00061546115
0.00066093117
0.0013777907
0.00032782374
0.00014867436
0.000620791
0.0018188927
0.00011681183
0.0031651955
0.00023940741
0.004837815
0.00020463992
0.0039450964
0.00137313
0.004479335
0.0004498485
0.0008283836
0.00037924686
0.0075759245
0.0041391016
0.0005723601
7.4594864e-05
0.0018441443
1.4543213e-05
0.00680609
0.00263227
0.0012832731
0.0011139708
0.0024376174
0.0004110086
0.007525625
0.0008278829
0.0020222138
1.0735843e-05
0.00015844207
0.0014305888
0.0062905364
0.0003538911
0.005937309
0.0060786735
0.0014047389
0.00031242718
0.007932187
0.0014079921
0.005667416
0.0006413646
0.0047406713
0.0062953215
0.001415832
0.0010865116
0.006817233
5.889006e-05
0.0013599076
0.0023557574
0.0002650002
0.0012860564
0.004924384
0.00036387192
0.0060644867
0.00042695692
0.0007526163
0.00061289896
0.0005016378
0.000476698
0.0044610063
0.0050618504
0.0013520477
0.00096895115
0.0049343226
0.0004400825
0.0029063898
4.4451735e-05
0.00523765
0.00019717214
0.00384476
0.000426504
0.0052657686
0.0005553859
0.00018140906
0.0010913118
0.007550551
0.0034904415
0.000512952
0.00041551725
0.0058908924
0.00059491006
0.004453827
0.002833705
0.0009562368
0.0013872676
0.007948248
0.0012575693
0.001518857
0.00034170458
0.0033828998
0.00065732806
0.00028074894
5.4456526e-05
0.0056134723
0.00030613772
0.0018559766
0.0013251499
0.0009947963
0.00067526917
0.0018083114
0.00035368255
0.000736001
0.0004829105
0.006882036
0.0050349496
0.00041543893
0.000192067
0.0058809686
0.00070136087
0.0047307247
0.0069000823
0.0013238128
0.00024416135
0.0018769975
0.0005095292
0.004274249
0.00019631977
0.0022349996
0.00028002274
0.00045114034
0.00028825013
0.006329748
0.0026402946
0.000889122
0.0007313901
0.006813513
0.00038926164
0.007086834
0.00061760657
0.0064664115
0.00031874076
0.0065937643
0.0005476991
0.007194417
0.00092636654
0.0012235926
0.00026751022
0.004554452
0.002429594
0.0011433
0.0011966662
0.0066729435
0.00017319024
0.00089540164
0.0024135008
0.0009998305
0.00022459062
0.0064510847
0.0007635229
0.00030984942
0.0013076541
0.0015755956
0.00030165398
0.00058544986
0.00048988825
0.0030477834
0.0002517023
0.0058501656
0.0007892264
0.0014386659
0.0010159863
0.0013786664
0.0011014687
0.004249461
0.0004050043
0.0066019255
0.00626421
0.00048330822
0.00054247165
0.0036212208
0.00023154356
0.0058897687
0.002205849
3.9168837e-05
0.00055542774
0.0011569137
0.0004897572
0.007814467
3.1156465e-05
0.001971533
0.00066046754
0.0005811464
0.00044765597
0.007566635
0.0032746342
0.0013972165
0.0009664487
0.006300356
0.0005148242
0.0023730209
0.0009807209
0.006026803
0.0010510657
0.0018511865
0.0009798399
0.006309063
0.0008471843
0.00018861552
4.7680755e-05
0.00090747373
0.00850473
0.00070839585
8.446988e-05
0.0032642276
0.0004713202
0.006892372
0.003481879
0.0014002493
3.523683e-05
0.001207135
0.00049872365
0.0077761477
0.0011095512
0.0051566362
0.0011087889
0.00086467294
0.00057138316
0.0023190246
0.00019017956
0.0067062727
0.0041567087
0.0008571913
0.00093128625
6.314829e-05
0.00012938806
0.0023859306
0.0002316267
0.0037776695
0.0029246425
0.00021138464
0.00043116487
0.0026537627
0.00016123912
0.0022791852
0.0072853277
0.00057802553
0.0005589966
0.00019875311
0.0002861175
0.005442837
0.0012281309
0.005709546
0.0006116505
0.0008191322
0.00022564767
0.0015465602
0.0038412232
0.0003332352
0.0013097386
0.00075556315
0.0002549272
0.004663363
0.00056969235
0.0062250406
0.0013861879
0.0062372084
0.00019053898
0.0061073443
0.00041707465
0.0006099236
0.000715118
0.0043242103
0.0075074285
0.0014825128
0.0012448495
0.0028542103
0.00042200135
0.0023150686
0.0041087605
0.000115413655
0.00056745124
0.0071220873
0.00045136697
0.0022468457
0.00051486376
0.0053944387
0.00041972334
0.00018991454
0.0002504608
0.00630741
0.00050591346
0.0031098118
0.0044486546
0.0010135854
0.00076451804
0.0011702385
0.00032036635
0.0034774847
0.00023754798
0.0054309876
0.0007089101
0.0006421901
0.0013912423
0.00026673896
0.0017771292
0.0073223114
0.0041940836
0.00081735
0.00016285927
0.007237008
0.0010940367
0.0032407371
0.0008820263
0.0060502305
0.00019407284
0.0006283328
0.00022132922
0.0012325566
0.0034176728
0.0005628219
0.00023895092
0.00088722893
0.0009873756
0.0031511341
0.00042805332
0.00023932858
0.00056991976
0.004791547
0.0005971352
0.0032601352
0.0007158681
3.549995e-05
0.00017257904
0.0037126397
0.0020896487
0.00055824034
0.0003795633
0.0069011613
0.00024316536
0.0024070926
6.477871e-05
0.0009901025
0.0010368401
0.0068775024
0.0010586239
0.0050314786
0.0009160846
0.0048256894
9.418145e-05
0.00077640405
0.00017832848
0.0057747317
0.00041714503
0.0030918636
0.0028532995
0.00025310344
0.00048224512
0.00818436
0.00075746817
0.0027035812
0.0007632369
0.0013516183
0.0038616436
0.00016545353
0.00034769578
0.0006435794
0.00015178241
0.004179684
0.0015165951
0.0010631161
0.0010674745
0.0031329305
0.00047196905
0.0016791882
2.9565723e-05
0.0056511904
0.0008762281
0.000759213
0.00052505126
0.0013633609
0.00072581973
0.0010808345
0.0012262608
0.0017085981
0.0001143064
0.0037445084
0.00024313782
0.0077077067
0.0011869438
0.005916065
0.00043569016
0.0053088046
5.909922e-06
0.0004793373
8.2244376e-05
0.00472876
0.0026934147
0.0009955126
1.0327367e-05
0.0052435063
0.0007415702
0.0074095004
0.0068295915
5.4328564e-05
0.00027395124
0.0025310826
0.00030433954
0.005139226
0.00051108986
0.0026158737
0.0011379991
0.0008753664
0.00017460377
0.004051124
0.0005523501
0.0029895247
0.0066112946
0.0005213642
0.0008616606
0.0023585428
0.00047522224
0.0043585487
0.00024262987
0.007828441
0.0037945516
0.000786783
0.00048588938
0.0077133835
0.0011623148
0.002102422
0.006479534
5.5469543e-05
0.0010017883
0.0037497256
0.0003200556
0.0006041429
8.244743e-05
0.0012072277
0.0006440907
0.00058444974
0.00048047426
0.0023706593
0.0010263254
0.0012178821
0.00035453847
0.0012610343
0.000875965
0.0052509205
0.0006025792
0.0066111386
0.00060678774
0.00569276
0.0014144183
0.0032964756
0.00012238673
0.0010407898
0.00050757726
0.0038619363
0.005787753
0.00059430767
0.0007210686
0.0078628585
0.00019909462
0.005645239
0.0044494006
0.0010079421
0.0004824952
0.0050894297
0.0010128005
0.007032769
0.0005830461
0.006418174
5.1939303e-05
9.568228e-05
0.00043439586
0.0013736133
0.0007258916
0.0015662926
0.0007835257
0.00040569628
0.0007325162
0.0012822943
0.00096139824
0.004672937
0.00071946176
0.007713819
0.001217428
2.1054006e-05
0.00015767559
0.0007462583
0.0002451347
0.0020334641
0.00031170054
0.0009223728
0.0013416056
0.0007256616
0.00033266752
0.006321658
0.0011854223
0.0062626502
0.00029840026
0.0012865679
0.0005850389
0.002379717
0.002224009
0.00032065637
0.001433359
0.00063185976
0.00039538136
0.007042551
0.00041922322
0.0070773778
0.00035063183
0.0056698984
0.00096180884
0.003782936
0.0014412059
0.0009448775
0.0004538134
0.0025902484
0.0049782414
0.0010851175
0.0008780861
0.000725435
0.00042704458
0.008037065
0.006199343
0.0013046609
0.0006418724
0.004562057
0.0009659054
0.00025949063
0.0008910709
0.007463008
9.889982e-05
0.0013079932
0.00021593575
0.0056837774
0.00060037215
0.0055060065
0.0038395228
0.0012681998
0.0001918599
0.007166221
0.0007590968
0.0073939636
0.00012918707
0.0032680803
0.00026672913
5.0915787e-05
0.0001913883
0.00481567
0.0002677961
0.0020911493
0.00071761385
0.001832271
0.00095120165
0.0046591074
0.00029767875
0.0022339185
0.0007868116
0.0011598438
0.00013063676
0.0015324531
0.00043029926
0.0011215769
0.0017627588
0.0013330597
0.00036281868
0.0007103459
0.00015564536
0.004994245
0.00032272004
0.0014696633
0.00024509968
0.0006411067
7.946323e-05
0.0074779233
0.00021795045
0.0011163403
0.0001961318
0.0069753104
0.00073893985
5.3366297e-05
0.0004610062
0.0032348556
0.00063572114
0.0013646993
0.006756064
0.0007390036
0.00040486795
0.0068321223
0.000653625
0.0025862637
0.00025918937
0.0074063563
0.00039394433
0.00043560145
4.575847e-05
0.008094705
0.0010435821
0.007689649
0.00781195
0.000299416
3.1871517e-05
0.006220317
0.00023368467
0.0029606028
5.1129602e-05
0.0035480082
0.0037500137
1.2341405e-05
0.000374899
0.0034886566
0.00029118918
0.0003569
0.00027577323
0.0004665535
0.00029268488
0.0070364336
0.00021524432
0.006475967
0.0006186445
0.0043629357
0.00028769978
4.4437824e-05
0.00020369828
0.0077969874
0.0062875925
0.0006505932
0.00025627477
0.0018585444
0.00044237915
0.0057149692
0.0012085671
0.004353408
0.0005372679
0.0014206704
1.2368006e-05
0.007853139
0.00074798474
0.0012404905
0.0004259504
0.0043401155
0.0065628686
0.0006757858
7.8974175e-05
0.00505399
0.00012851409
0.0028768014
0.0025887203
7.0655087e-06
0.00031904623
0.0011559256
0.00015932103
0.0073608463
0.001442072
0.0015531862
0.0004731745
0.0014734003
0.0003658901
0.0010633488
0.0006674879
0.004820291
0.0035563456
0.0004782347
0.0006777663
0.004459721
0.00064595044
0.0032807486
0.0006538384
0.007986082
0.0062016826
0.00022240647
0.00018529716
0.00025705306
3.5563107e-07
0.005140416
0.005777424
0.00034555327
0.0009860145
0.0019785112
0.00033462117
0.0044794735
0.0006191288
0.0067022634
0.00044546413
0.00046705792
0.00029497768
0.00589505
0.002447946
0.00033866463
0.0002441639
0.007183447
0.00043440727
0.0044628363
0.0005531325
0.0069254367
0.0006310001
0.005724037
0.00060740195
0.0053450293
2.253973e-05
0.0012515613
0.0003885826
0.0070779063
0.0010012154
0.00020306674
0.00012756366
0.0007055138
0.0003016946
0.0049571693
0.00086057076
0.00023213238
0.00052479026
0.0037333297
0.00034961608
0.007299565
0.0006561482
0.0059194537
0.00061556656
2.0766453e-05
0.00022467226
0.0022032964
0.0012150669
0.0016185222
0.00780308
0.0001929675
0.0002855761
0.0020547104
0.0006013303
0.0014720702
4.289766e-05
0.0027535644
0.0066915806
0.00045186136
0.0012649754
0.0019293565
0.000238684
0.007527293
0.008159957
0.0013530576
0.0007776348
0.0075209835
0.0004024583
0.0014159649
0.00073992414
0.0012870829
0.000110741654
0.0011366891
0.0005725663
0.004204861
0.0053834883
0.0008671307
0.0011125247
0.00445385
0.0005656085
0.00017885513
8.763262e-05
0.0018308079
0.00056097284
0.0017480544
0.0011046507
0.004254008
0.00010709227
0.0011734581
0.00078707613
0.007974219
0.0029585764
0.0007524681
0.0007505175
0.004289013
0.00010603534
0.0013860104
0.0067057773
0.0015138073
0.0014775406
0.002595385
0.00053990074
0.0045109433
0.0007836035
0.0028396598
0.00020631042
0.00068247085
0.00079773413
0.007151564
0.00025472918
0.00233349
0.0077106403
0.0003402196
1.7727834e-05
0.0031481115
0.00018034119
0.0053388644
0.00062761124
0.004839763
0.0043636146
0.00022792722
0.001035973
0.0070634973
0.00016321382
0.005289111
0.00021037569
0.0007996198
0.00071733026
0.0028969427
0.00025680044
0.0016214865
0.00045976485
0.0056880205
0.0013657163
0.00048288953
0.0006313704
0.001423954
0.0048881
0.0010080999
0.0005112423
0.007902606
0.0008691186
0.0068077017
0.0004889304
0.005941959
0.00046518864
0.0079731075
0.0009230337
0.00745249
0.0004179263
0.0008691609
0.0003580249
0.0010642641
0.0018883335
0.000654547
0.00055093784
0.003892514
0.00028576047
0.005395369
0.0068086465
0.0011485544
0.0010571247
0.0007247364
0.0010315009
0.003016185
0.0006204144
7.354033e-05
0.0005039321
0.0006145453
9.158076e-05
0.007836057
0.0006347375
0.007571424
0.0026020887
0.00046423211
0.00034064683
0.00459804
0.00029117428
0.002383406
0.00031101683
0.0045792433
0.0073102335
0.0009142843
0.00075336406
0.0065450747
0.00012078066
0.0036008183
0.007274175
6.421286e-05
0.0012028632
0.0015966865
0.0012253769
0.00052448065
0.00034881523
0.002571568
0.00019244189
0.0009751916
0.00047004048
0.0034493408
0.0042104726
0.0011660713
0.00020425502
0.0015221825
1.7363185e-05
0.0004536754
0.00050050626
0.0009311427
0.00064339495
0.004394999
0.00045568554
0.0021600483
0.0002336186
0.0014082454
0.0004463696
0.003909795
0.007506023
0.0014145421
0.0017010858
0.007885902
6.901802e-05
0.0029262973
0.001959436
0.001251535
0.0005848297
0.0042541414
0.001057229
0.00043066576
0.00072401226
0.0012178404
0.00036301767
0.00030845776
0.00044526486
0.0030236058
0.000158857
0.0006624176
0.0026174022
0.00052461226
0.00023750705
0.002986939
0.0004994939
0.0007383346
9.886265e-05
0.0008038424
0.0048728334
0.00023037186
0.00047221943
0.0023869958
0.0014228015
0.00096270704
0.0039161355
0.00019308191
0.00038936804
0.0011492433
0.00031266775
0.004101905
0.00039085746
0.0032589824
0.00022493483
0.00017761745
0.0004451967
0.007945299
0.0079593435
7.41861e-05
0.0007807012
0.001076672
0.0005648751
0.0033246495
3.3339275e-06
0.005040645
0.00013266355
0.006486778
0.0010058807
0.0073227794
0.00020550762
0.0013259295
0.0002659922
0.006393945
0.0042229034
0.00055325974
0.0008942103
0.006592513
0.0004177902
0.005574248
0.006794782
0.0012637333
0.0003303856
0.0029137358
0.00037522917
0.0017878221
0.0005421202
0.0061928392
0.0005792156
7.495063e-05
0.0012915661
0.0058283973
0.0012359167
0.005229964
0.0011529158
0.00025410633
0.0007223366
0.0077702114
7.769407e-05
0.0040956563
0.00060077483
0.002699405
0.0062422683
0.0010193221
0.0007219943
0.006008272
0.00023980986
0.00031865263
0.00026011447
0.00012836634
4.7424764e-06
0.006983326
0.00040152596
0.0029325793
0.00061992696
0.0012026725
0.0005438434
0.0005454811
0.00037223488
0.0076258793
0.003373735
0.00024665627
0.0012442025
6.187399e-05
0.00028779125
0.0051284335
0.0012968872
0.0050539314
7.762885e-05
0.009601763
0.00029491223
0.014876052
0.014884751
0.00013785064
0.0006622616
0.002413265
0.0003395155
0.0010459853
0.00068192836
0.0009116803
7.9111356e-05
0.0025248444
0.0004046969
0.008159411
0.00026914012
0.009767545
0.00077563303
0.0053634173
0.0053255
0.00046634534
0.00045878917
0.0025762257
0.00015529571
0.00043441626
0.00054687203
0.0009836522
0.00047071464
0.001797694
0.00084588747
0.009926662
0.00054268725
0.00032812316
0.00075613696
0.0036200057
0.00032522762
0.004095653
0.0010973401
0.013297544
0.0003581522
0.00049123896
0.00019815937
0.01655789
0.00035836652
0.0005162215
5.529633e-06
0.011318895
0.004616672
0.00037156604
0.00017715752
0.016313346
0.0005104374
0.0007377174
0.00073290674
0.0032485805
0.000435655
0.016922526
0.0005120979
0.012720411
0.0005406337
0.00035464158
0.00038841483
0.008733089
7.458077e-05
0.008355242
0.011614636
0.00027473643
0.0009272371
0.011193035
0.0005827211
0.00048578935
0.001199997
0.011711598
0.0011222836
0.009482239
0.00013928209
0.009459197
0.000100101955
0.01227264
0.0011212555
0.0026591704
0.0071575996
0.00039179064
0.0004453222
0.017360285
0.00038996525
0.0006832887
0.0009911103
0.015985565
0.00010833144
0.0063506644
8.129997e-05
0.006890881
2.4029054e-05
0.00028984185
0.0001585413
0.01141071
0.0008060988
0.0016133036
0.00022670906
0.0072189583
0.0005964041
0.00068768306
0.00096103176
0.014453432
0.00020844028
0.0017638939
0.00040156022
0.01593937
0.0151064545
0.00018044142
0.00014918734
0.008879683
0.00070191454
2.7330067e-05
5.0706323e-05
0.010058145
0.0002909517
0.0090361275
0.00018889084
0.014238575
0.00040598566
0.0003119479
2.026874e-05
0.012293575
0.00020231705
0.00036958978
0.008968503
0.0009946823
0.000428656
0.008024584
0.0010707611
0.0016066356
0.0011905916
0.0032950167
0.00071596086
0.0137965325
0.00030408474
0.0049531227
0.00030109938
0.01081607
0.00036355422
0.006944237
0.015613007
0.00020850776
0.00067240186
0.0001753042
0.00022171997
0.00053285284
0.00056145305
0.0008121763
0.0002156184
0.008413851
0.00081898796
0.010676509
0.000335617
0.00047722593
0.0004860515
0.0093393745
0.0001676227
0.0038725086
0.0006703222
0.016469238
0.00041126553
0.00053425104
0.00017315801
0.0002025343
0.00082878734
0.005670428
0.00040125754
0.010503431
0.012852487
0.00034053065
0.00038052927
0.0055978578
0.00058704056
0.00024181124
0.00043603778
0.01393381
0.00047520455
0.018059094
6.141177e-05
0.010338047
0.00019214815
0.000109250774
0.00022063864
0.0012990471
1.7812881e-06
0.017723544
0.01699504
0.0002716328
0.00061007135
0.017776532
3.3812714e-05
0.0007912414
0.00028223894
0.0138777625
0.0003499141
0.012584902
0.0009489991
0.0014248292
0.0002514139
0.015501977
5.5823235e-05
0.0077918884
0.013934677
8.529099e-05
0.00046459254
0.0049452563
0.0004170118
0.00036187668
0.00029477902
0.009037905
0.00041099126
0.010881175
0.0006993981
0.0038857374
0.00023299642
0.00024736658
0.00045379563
0.0027764123
0.00013495982
0.002975901
0.0010802951
0.008123129
0.0003132755
0.00028195334
0.00042997673
0.0038808961
0.00044899867
0.0025264767
0.00044578407
0.0151357865
0.0127042765
0.00070997793
0.00080731814
0.016911041
0.00035771634
0.00089729764
0.00083290844
0.01115514
0.0005566124
0.016794842
0.0008931911
0.0014280512
0.0009522261
0.00092231855
0.00035500075
0.011978661
0.0009977267
0.007452216
0.014154212
0.0009065196
0.00045383524
0.01365653
0.000372882
0.00037814584
8.878211e-06
0.014045136
5.8700157e-06
0.012640702
0.0005627787
0.015107943
0.0006561987
0.0075792326
0.0001663177
0.0046497714
0.011273468
0.00029059034
0.0006076689
0.007761473
0.0003856765
0.00039704822
0.00047741056
0.014831873
0.0008629495
0.010981143
0.001028995
0.01026758
0.00023291726
0.00015994646
0.0002532975
0.004342772
0.00070663914
0.014487274
0.0005474603
0.014607926
0.00041667372
0.0006156535
0.00034439005
0.0106647685
8.981872e-05
0.00036482094
7.710408e-05
0.013427634
0.006864478
9.063643e-05
0.00018262415
0.011409351
0.0005612299
0.00023787426
0.00062308554
0.012238757
0.00033525098
0.014247088
3.3701363e-05
0.005871944
0.0010843892
0.0009646453
0.00043887622
0.0011446594
0.00042390838
0.015034094
0.0003994631
0.0008049365
0.00026028775
0.0009281015
0.00046465546
0.0005437407
0.0014488548
0.017618835
0.0002807003
0.0047197193
8.061109e-05
0.0034963652
0.0003973879
0.0020554026
0.00086131156
0.013022854
0.014718282
3.7197082e-05
0.0010182792
0.010144582
5.490007e-05
0.00060382625
9.134391e-05
0.0065199104
0.0009306874
0.008924794
0.0002531372
0.0052494337
0.0007780073
0.0011311054
0.0007860593
0.014589844
1.7429586e-05
0.0094557
0.00027653482
0.016331542
0.00042269845
5.6634562e-05
0.00031441124
0.015091969
0.0006349881
0.017319007
7.165014e-05
0.006144571
0.011717511
0.00028303545
0.00070096634
0.007415639
0.0001852964
0.00048476062
0.00025251042
0.011802945
1.0656906e-05
0.01768678
8.133903e-06
0.012194656
6.211974e-05
0.0002656523
0.00018792138
0.006775245
0.0009229885
0.007270675
0.0090443315
4.6837667e-05
0.000112365175
0.007439489
7.338839e-05
0.0007864209
0.0010870323
0.00090789783
0.00047788545
0.008340205
0.0008325679
0.016007911
0.00051561184
0.009421302
0.00033006264
0.00928039
0.011896602
0.00042024348
0.000119896125
0.0033897858
0.00040985458
0.00044970735
0.00034937338
0.014013411
0.0009843409
0.015261913
0.0006203215
0.0024161267
0.0003692992
0.0003571338
0.00012159892
0.0022051376
0.00093457475
0.0005300327
0.00017863605
0.0025159244
0.00045048725
0.00029112585
0.0006920388
0.016846353
0.00014924668
0.004574361
0.0009842988
0.0118915625
0.01603746
0.00044733007
0.0006744794
0.00992412
9.381678e-05
0.0003131935
6.2296167e-06
0.015666416
0.0011341218
0.007780209
0.0003671758
0.012421693
0.0009333361
0.0009937249
1.2637248e-05
0.009016038
1.4337692e-06
0.0054154187
0.017143471
0.0003031548
0.0009660907
0.008975253
0.0003880784
0.0009826609
0.00016083219
0.00978323
0.0001707481
0.004721627
2.828025e-05
0.012577321
0.00032965382
0.0012666143
0.0009330752
0.004951582
0.0055517727
0.00027500186
3.1259864e-05
0.017262315
0.0001506987
0.0006916426
0.00028570797
0.0029632042
0.00097152684
0.0022856917
8.985753e-05
0.010826199
0.0005566636
0.00021237988
0.0002882633
0.0032289037
0.00032691378
0.007527309
3.8859784e-05
0.01657576
0.00034703966
0.00013309477
0.0005175518
0.0040343646
0.00031243445
0.0033615723
3.63657e-05
0.0059266915
0.0001715495
0.00044894964
0.0006149692
0.0073896265
2.1368323e-05
0.0008956035
0.00045607053
0.011345678
0.00023658061
0.006216712
0.00043883763
0.012495577
0.00015782617
0.00026941113
0.0010438137
0.0027979827
0.00035632236
0.012390407
0.015147487
0.000274227
0.00015198448
0.0070811342
0.0002532401
0.00069726474
0.000108710956
0.0041403635
0.00015831261
0.00097153586
0.00047358125
0.007077693
0.0003076158
0.0022077495
0.0009020339
0.0039229584
0.0016256399
3.6815763e-05
0.00057177315
0.015053269
0.00038246624
0.00048618246
0.00034075347
0.003063628
0.0006251987
0.015077768
0.00023047462
0.0010002
0.000624069
0.00071371876
0.0010939811
0.013822244
0.00020009326
0.015906243
0.00045946334
0.016814029
0.00029976014
0.00071705243
0.00035065506
0.005578505
0.00055014703
0.012011124
0.00052734464
0.01042377
0.011946847
5.1724783e-06
7.168973e-05
0.012692191
0.00047649536
0.0003709014
0.0004727794
0.014981835
0.0004693512
0.0020372497
0.0009400004
0.0009828527
0.00041178148
0.00020370912
9.7961834e-05
0.015003302
3.5098751e-06
0.0011776388
0.01623478
0.00033129007
0.0005182418
0.005162565
0.00074189715
0.0013692328
9.507197e-05
0.012133064
0.00019072916
0.017312773
0.00034048408
0.00025315784
0.0005357619
0.009499986
0.0003555456
0.009924153
0.014452326
8.566608e-05
0.0009609191
0.010005146
0.00029801112
0.00061813486
0.00050227577
0.0047635143
3.8369442e-05
0.0045101927
0.00054677634
0.003015419
0.00038327556
0.00013750565
0.00096308615
0.0025354857
0.00036836974
0.0124195805
0.0007739151
0.0056077326
0.00019545387
0.0010531042
0.0008523017
0.0075824247
2.6924641e-05
0.003158831
0.000109447865
0.004649342
0.011221565
0.00048228353
0.00015944865
0.0025043176
0.00041081104
0.00044853217
0.00041081756
0.011083886
0.0009168107
0.0068433196
7.536817e-05
0.0010998766
0.00031266935
0.0008652145
0.0009921754
0.015468042
0.00031873572
0.008684842
0.017251926
0.00029583462
0.0004357521
0.00060907187
0.0013255905
0.00068128895
0.00016008201
0.014908945
0.00086591253
0.016507285
0.0002291943
0.004209003
0.00034380952
0.011030684
0.0010296248
3.3409848e-05
0.0071184533
0.00051862746
6.782553e-05
0.007988842
0.00026696315
0.00057572755
0.00044574437
0.012979451
0.0003031129
0.0069868043
0.000750351
0.0046363715
5.32486e-05
0.000377641
0.00040835404
0.012822237
0.0007568877
0.016964123
0.00085694157
0.01167582
0.00061332434
0.00024796138
0.00020066206
0.0037117589
3.6279667e-05
0.0013305696
0.0003022384
0.0111242235
0.010953571
0.0005376572
0.00018108595
0.01208387
0.0008279756
0.0006499998
0.00041937118
0.009829054
0.0008785464
0.017645245
1.8557253e-05
0.004622134
9.617402e-06
0.00022279308
0.00034607574
0.010379716
0.00053488195
0.0091576995
0.0075790077
0.0004630806
0.00032758946
0.0025266793
0.00031661987
0.00022968752
7.199927e-05
0.010158066
0.0008850971
0.0018745984
0.0001843702
0.01601142
0.00012282003
0.00062433234
4.9627333e-06
0.014369407
0.0027894033
0.00018912088
0.00038506894
0.0079790605
0.00025028177
0.00031454398
0.0008640138
0.0098107075
0.00048153847
0.0138644315
0.00032423023
0.013521383
0.00033170544
0.00040018183
0.00090770493
0.013812132
0.00016374374
0.010001281
0.00043566758
0.0034912364
0.00013528299
0.0003750353
0.00028193556
0.013090889
0.0001441125
0.012819431
0.0004078634
0.012148793
0.008582633
1.5548954e-05
0.00060286367
0.005108213
0.00041023456
0.0005127571
0.00071704667
0.00489381
0.00014931406
0.01692583
0.0009575826
0.0050112237
0.00026338093
0.0007103309
0.00091569684
0.009900431
0.00017964319
0.0074334224
0.01229307
0.00016508903
0.0010082463
0.009219163
0.00038340595
0.00011273601
0.0006880304
0.013262925
0.0011420764
0.014693643
0.0003797505
0.00084032526
9.837179e-05
0.0067448057
3.4649278e-05
0.002367324
0.01612034
0.0006378675
0.00022418526
0.002455646
0.00021369895
0.00054240215
0.00076745753
0.0025732478
0.00015184935
0.003682093
0.00026930225
0.0137355765
0.0006402256
0.00037898473
0.0005505398
0.008690743
0.00043610018
0.0037980769
0.00094233174
0.004901498
0.00034412555
0.0006360026
0.0003649136
0.002044482
0.00020566868
0.007800315
5.6957797e-06
0.008439085
0.016220216
0.00022743363
0.0010952402
0.0042773183
4.734192e-05
0.0010637868
0.0007922407
0.0137487855
0.0002840995
0.013000242
7.97421e-06
0.011608991
0.00013580313
0.0004711263
0.0006901743
0.01661095
0.00018392471
0.003395377
0.0056283385
0.00011879578
0.0011486334
0.0033576933
0.00010070554
8.395839e-05
0.000128577
0.0064609335
0.00020153969
0.0038451294
0.00061080325
0.015693583
0.00066063146
0.012753944
9.103729e-05
0.015147396
0.0042571086
0.00045963004
0.00060463336
0.01128388
0.0002427455
0.00021221857
0.000651238
0.008709559
0.00014749682
0.01592893
0.00045111752
0.0010004803
0.00025648437
0.0001771194
0.0005343609
0.009114153
0.00031553023
0.011074544
0.000513494
0.0095314635
0.0009421492
0.0001482211
0.0003779009
0.011684596
0.0001031694
0.0038570466
0.00032530446
0.010076107
0.014401506
0.00026876107
6.2234336e-05
0.0012385608
0.0005428698
0.00086913316
0.00025128713
0.012845801
0.0006582057
0.01786503
0.00052489113
0.0066589224
0.00015750833
0.00058432575
0.00055999146
0.014377527
0.00045099427
0.0155804595
0.0067981053
0.00053298846
0.00042248954
0.0016697205
0.0006824592
0.0014215457
0.0008302964
0.0074098245
0.00073599955
0.002050084
0.0009363927
0.002496182
1.5915713e-05
0.012889196
0.0008025116
0.005186745
0.010386338
0.0004980648
0.00048057496
0.0116119655
0.00039987126
0.0009792517
0.0007435096
0.017706243
0.00033084583
0.007905634
0.0010219587
0.017084781
0.00011427654
0.00012261911
0.00063827424
0.0016860608
0.00022658939
0.006690535
0.00033401186
0.014385659
0.0005873982
0.00070964114
0.0013625827
0.013758113
0.00019856948
0.0038513206
0.00011004112
0.010077027
0.0013481223
0.0007362198
0.00020479769
0.016996168
0.00074849185
0.00082976464
7.9021105e-05
0.010406737
0.00031277048
0.017357314
0.00028101256
0.016484749
5.8146587e-05
0.00045208726
0.0009455483
0.005311425
0.00023807783
0.01346489
0.014967826
0.00055790506
0.0003898387
0.0069404608
0.0005136272
6.531299e-05
0.000482067
0.00817734
0.0006507811
0.012745568
0.00042750686
0.011193112
0.0001531049
0.0077589536
3.4769742e-05
0.004637044
0.01135318
0.00042824028
0.0004305058
0.011091445
0.0006242264
0.00024516787
0.0003326733
0.003108361
0.000150037
0.013057128
0.0009694863
0.0058781384
0.00019237446
0.00078083493
0.0007121957
0.008037021
0.000986414
0.013061748
0.0003840346
0.0028418892
0.00012118928
0.00066064415
0.00016897777
0.0063119465
0.00046348845
0.008611673
0.00019502203
0.010455893
0.0013891277
0.00022905972
0.0006093824
0.016928034
0.0003141854
0.0003952111
0.00026537385
0.009102028
0.0013923552
0.006328024
5.7623372e-05
0.00517294
0.00019039534
0.0006047338
0.000142405
0.0052357307
0.0009940267
0.009690783
0.005514049
0.0004374506
0.00038283446
0.010127771
0.00087438617
0.0015363286
0.00060793944
0.0068757506
0.0004933994
0.00036723565
0.00033266703
0.010959958
0.0009476546
0.012667062
0.00047371935
0.010961797
0.0048759235
0.00040427223
0.00038727594
0.011140837
0.00026062876
0.0006717767
0.0007135415
0.008347684
0.00013950374
0.01592254
0.00030135323
0.0103186825
0.00032901205
0.000994544
0.00084369024
5.979816e-06
1.8093328e-05
0.002887064
0.00044927653
0.0026412176
9.673252e-05
0.0006232306
0.0008802302
0.0148404045
0.0008825626
0.0019205074
3.1593838e-05
0.007314063
0.0032121548
0.00036223512
6.814072e-05
0.0052662604
0.00054088887
0.00046488634
0.00023980625
0.014268025
0.0004511089
0.009757118
0.0001780814
0.014547193
9.454042e-05
0.0006022379
0.00021825038
0.0058387923
0.0005375496
0.016519226
0.012465661
5.432623e-06
6.747696e-05
0.012254875
4.0169805e-05
0.00060701673
0.0010465253
0.0076956917
0.00044714927
0.016138608
0.00012086285
0.004335575
0.00014345879
0.010947603
0.00090109307
0.015158423
0.017628267
0.0005006278
0.0009898674
0.011100162
0.00035683438
0.0005685279
0.0004278758
0.0143932365
0.0003576032
0.01709563
0.0004706176
0.014988535
0.0003951909
0.00011546313
0.0007571853
0.010080968
0.0003594691
0.007576173
0.00022709696
0.013426129
0.00019897893
0.00031886893
0.00018714741
0.016339501
0.0006744313
0.0042007715
0.00046154484
0.009259991
0.012588822
0.00030687917
0.00038955337
0.010585782
0.00039345957
0.00040373116
0.00026706606
0.016871952
0.00073529687
0.017591912
0.0002129401
0.007875176
3.7863734e-05
0.00013228692
0.00032573962
0.010891698
0.00027571418
0.016831301
0.007061542
0.00038477313
0.00050590636
0.012985079
0.00012778048
3.202801e-05
0.00058296695
0.015302118
6.1366736e-05
0.01647734
0.00030918512
0.013777257
0.00039596518
0.0012065084
8.959133e-05
0.011698952
0.011722322
0.00024830457
0.0006971386
0.01701199
0.00025676843
0.00016841444
0.00026494052
0.009375602
0.0006620269
0.015476976
4.42121e-05
0.004012596
0.0009980574
0.00031565223
0.00026130726
0.00793704
0.00031629857
0.015709216
0.00046862848
0.010316572
0.001191806
0.0010256333
0.0005941633
0.0007780182
0.00020791439
0.0052821236
0.00023132144
0.016775059
0.0013195444
0.0002554725
0.00026984222
0.0043536173
0.0006064214
0.00025095366
0.0009095166
0.010396794
0.001426015
0.005417269
0.0009180646
0.017649569
0.00014560006
0.00018749246
0.00038909423
0.006339335
0.00016313013
0.01365486
0.008802559
0.00013573002
0.00052015955
0.015384158
0.0005420549
0.00023161198
0.00031935843
0.010023505
0.00054478087
0.0019624683
0.00018125284
0.0085438825
0.00045435817
0.017495172
0.00027884974
0.0006152097
0.0050499
0.00023645721
0.000541133
0.016171074
5.5833836e-05
0.00025593076
0.0005956446
0.0042503923
0.0002289787
0.0012110485
1.6981769e-05
0.011478599
0.00048511662
0.0007675575
0.0005369091
0.012355379
2.0150677e-05
0.0028584884
0.0011646617
0.00029090498
0.00023268956
0.000998816
0.0005819509
0.005891925
0.0011044265
0.01137379
0.0001209937
0.0056431512
0.012520619
0.0002797544
0.00014802531
0.0107539175
0.0005828881
0.00014505278
0.0003185395
0.0027519492
0.00016722549
0.010900263
0.0005947575
0.0095005
4.6197092e-05
0.00045557413
0.00019465772
0.017660161
0.0007731365
0.011501064
0.016004188
0.0009771436
0.0004042788
0.016827598
0.000284323
0.00022803945
0.0004067365
0.009698363
0.00045475358
0.004217171
0.0010726284
0.0020696353
0.00013052044
0.0016124176
0.0003305914
0.006426831
0.00058230676
0.00013786647
7.23839e-06
0.008058047
0.00040011853
0.00016384533
0.00043939333
0.012869281
0.00032336917
0.00919256
0.00078856153
0.0054808958
9.458745e-05
0.000367923
0.000108464854
0.007928876
0.0010413658
0.015696919
0.0005865544
0.0045076287
0.00037074648
0.000342526
0.00025927695
0.007919738
0.00037162477
0.002978635
0.001035424
0.014797702
0.01586171
0.00084800273
0.0003841665
0.009980699
0.00015568992
0.0007385169
0.00071265176
0.0026932287
0.00026671588
0.0033876528
0.0006083483
0.0046302537
0.0006168671
4.4295564e-05
9.2004695e-05
0.0005378056
0.00037207507
0.013463355
0.012684767
5.532609e-05
3.775306e-05
0.008072441
0.0010557743
0.0013154078
0.0013127513
0.011040792
0.000640396
0.0154482545
6.1753206e-05
0.0068926774
0.00036736578
0.015527409
0.0007523776
0.005038461
0.017255392
0.00016778638
0.0005863376
0.011316442
0.00032490678
0.0006635307
0.0006656246
0.0031098698
0.0008539716
0.014359674
7.666353e-05
0.01396217
0.0008445922
0.00012664153
0.00043859053
0.017103856
0.00017553242
0.011359366
0.00016616774
0.016736057
1.9390889e-05
0.00051603
0.00080699753
0.0043028765
0.00042545155
0.006486051
4.5139575e-05
0.017401213
0.013168036
0.00022214046
0.00078721857
0.011188538
0.00036189402
0.0001777694
0.00048843684
0.012465881
0.00075871404
0.009134704
0.00044685788
0.009736355
0.00029708797
0.00013114
1.114964e-05
0.013188831
0.00057810225
0.0027739753
0.0019623423
0.00065253396
0.00049569365
0.0070791445
0.0003618095
0.00068341487
2.0286301e-05
0.0028508913
0.00044423
0.013963066
0.0005451068
0.011699522
0.0009900387
0.005056143
0.0003353871
0.012020095
0.013872719
6.620702e-05
0.0007887115
0.0041886726
0.00019691186
0.00022197855
0.00021333527
0.0025911184
0.00070303585
0.011987753
0.00090036774
0.015110226
0.00020964723
0.00026269007
0.00037360378
0.0014336256
0.00056854356
0.016429381
0.0008311216
0.012391671
0.0003217845
0.0008292121
3.1415606e-05
0.0075152228
0.00017542481
0.008918363
8.9745154e-05
0.013956402
0.01643679
0.0005377801
0.0003897305
0.017752936
0.0006418228
0.0007840145
0.001122447
0.012525885
0.0006097052
0.0056876545
0.00051021244
0.011609748
0.00058672274
0.00084131304
0.0003455488
0.016199322
0.00047406333
0.00022725033
0.009588358
0.00035389233
2.9674411e-05
0.016561477
0.00080968067
0.00029271469
0.00042389333
0.011244356
0.00068650837
0.013879194
0.00046878494
0.0075910273
0.00042159203
0.0029848237
0.0009169334
0.00037160408
0.012296921
0.0007829135
0.0005031991
0.012803535
0.000119463075
0.00036227424
0.00074297376
0.011662605
0.00043809833
0.016669314
0.00019627908
0.015657438
0.0005995268
0.00014332039
0.00030856952
0.0043381276
0.00017411541
0.0039075855
0.000713232
0.0035384493
0.00019516343
7.421005e-05
0.00019781245
0.0018074035
0.00025954715
0.014468214
0.0004866086
0.007184625
0.01410214
0.00046346523
0.0005315214
0.007388776
0.00031714313
0.000413049
6.214002e-05
0.0012052603
0.00025956566
0.006591975
0.00035613962
0.0035814398
0.00042265002
0.0004622303
0.00018872347
0.011406971
0.00047697843
0.0064964835
0.016285535
0.00032089837
0.00016434526
0.012768415
0.00054017827
0.00067332084
0.0009517288
0.004808756
0.0009535032
0.016391162
0.00027513131
0.005787403
7.3687406e-05
0.012182539
0.00062915555
0.012414107
0.007395438
0.0005055405
0.0001427019
0.0126279155
0.00030075666
0.000569968
0.00019202824
0.009048648
0.00021254737
0.01547703
0.00028182403
0.00136642
0.0005409494
0.0005474889
0.00081032235
0.010006434
0.00036588497
0.0041193566
0.0002198265
0.016459733
0.0004950397
0.0010654688
0.00024429988
0.011222121
1.9624433e-05
0.0026948943
3.7683407e-05
0.0016890212
0.0011147589
8.689333e-05
0.0005273309
0.010248581
0.0006161154
0.0005762059
0.00015126797
0.0039816727
8.748425e-05
0.016946776
0.0004960301
0.003350792
3.3354995e-06
4.2749103e-05
0.00039849104
0.0016021477
0.00017205234
0.009277273
0.011778771
0.00041390955
0.00027097863
0.004276206
0.00037856773
0.0005272168
0.00014063274
0.0008913934
4.413457e-05
0.008279418
0.00054144114
0.017222513
9.2516886e-05
0.0023663493
0.00093822717
0.011058509
0.009850334
0.0003659618
0.00028880834
5.4035638e-05
0.0006654123
0.00051761343
0.0010130387
0.010738782
0.0002263505
0.0022528868
0.00028640495
0.011097209
0.00044038985
0.00032333515
0.00027215807
0.001604749
0.0004528761
0.01536777
6.395648e-05
0.012733418
0.0003234935
0.0011120203
0.0004946366
0.012600982
0.00022538206
0.012834395
0.00088866986
0.015899282
0.0009771641
0.00060335547
0.00050487486
0.012364306
0.0001354409
6.607129e-05
0.0005348323
0.0034709822
0.00055935234
0.015204107
6.1605824e-05
0.0011354763
2.3498782e-05
0.00012303982
5.6984718e-05
0.015875833
0.00030365784
0.013899211
0.013812412
9.0024434e-05
0.00038158143
0.016053447
0.001205489
0.001318581
0.00052993745
0.0069843205
0.00031107716
0.0153172035
0.0006739497
0.014692873
0.0009030383
0.016142748
0.00041248417
0.012444504
0.013251496
0.00042778812
0.0005597259
0.005140994
6.0844468e-05
0.0007128661
0.0004568167
0.004107056
8.4810425e-05
0.0111142825
0.0009865613
0.0030882277
7.367623e-05
0.0006143181
0.0007055579
0.00033933163
0.00033541117
0.016905189
0.001021171
0.010142908
0.000574144
0.0004700627
0.0005128011
0.016154185
0.0009790268
0.005357992
6.3971616e-05
0.0071884976
0.009840752
0.00028836168
0.00061979983
0.013111809
0.0004828712
0.00022217988
0.00039419596
0.0075065373
0.0010985741
0.010779617
0.000279326
0.00021685194
0.00016354676
0.0002561058
0.00097328343
0.006884408
0.00048409123
0.015854718
0.003523109
0.00041258428
0.0002522808
0.011215177
0.0008801827
0.0010756631
0.0012776088
0.004934628
2.1586842e-05
0.01268744
0.000615431
0.01471637
0.00044331542
0.0026381288
0.00042070763
0.007293753
0.0057709045
0.00096851215
2.7619193e-05
0.011358585
0.0008852538
2.559034e-05
0.0008096176
0.0065077557
0.00044344366
0.0028416056
0.00092010095
0.006744204
3.0009774e-05
0.000451786
0.0005334541
0.0069346894
5.3351512e-05
0.008663362
0.00037936913
0.013726869
0.000112610105
0.0010066797
0.0007835375
0.015765015
0.00035990408
0.010663134
0.0004549343
0.007883687
0.016226012
0.0005048793
1.862082e-05
0.004489358
4.462627e-05
0.0004497189
0.00017509614
0.01574811
0.0014330484
0.0023198843
0.00037034042
0.014809567
0.0004327912
0.0009847425
0.00070214935
0.009518651
0.00049158407
0.0017054303
0.01677471
0.00041126646
0.00030402036
0.0109382775
0.0008475669
0.0007121272
1.6376318e-05
0.013113948
0.0009513906
0.0033872065
0.0008400837
0.0020809139
0.00027929223
0.011196301
0.00018201541
0.008949035
0.0122385835
2.9329676e-05
0.00042330567
0.0017765051
0.00016146107
0.0006421416
0.0002721616
0.0050022383
0.00013284897
0.015404217
0.0004879362
0.005759396
0.00035459176
0.0007516165
0.0009927569
0.008199006
0.0002494501
0.014192798
0.00043207407
0.008229878
0.00033147234
0.0010472585
0.00066906214
0.01625066
0.0003414905
0.000746585
0.0003287634
0.009157426
0.003667741
0.00039045606
0.0003684258
0.016146798
8.226861e-05
0.00029866584
0.00020353048
0.0043428717
0.00025473768
0.016154861
0.00041038543
0.008124846
0.0003011031
0.00020509772
0.00018502711
0.011356705
0.0005975617
0.0047926386
0.004100051
0.00025888998
0.00016311831
0.00043483346
0.0007330822
0.0014337564
0.0005642129
0.0036709912
0.000663375
0.009209262
0.0009806901
0.0019884424
0.00041446483
0.00019715936
0.000555112
0.013992758
0.016995484
0.00012184493
0.00039412093
0.013511567
0.0009492729
0.0009472837
0.00061975815
0.0148313185
0.00011971174
0.005924449
0.001011838
0.013557757
0.00032596476
0.00066131353
3.918547e-06
0.006176347
0.00062716287
0.009338475
0.0006845193
0.005220484
0.0005776009
9.5095354e-05
5.4626493e-05
0.01667198
8.302636e-05
0.015009381
0.0008171415
0.013478335
0.014556918
0.0007447433
0.00071358774
0.008144075
0.00053481985
0.0008826563
0.0004946283
0.015251988
0.00021229754
0.010707783
0.00050741434
0.009220925
0.00038193277
0.00011693372
0.00062441116
0.015906025
0.00017590282
0.009098219
0.0020446249
0.00012469431
3.966769e-05
0.0027362453
0.0001913379
0.0007692855
6.484974e-05
0.010206142
0.0009823937
0.0153925875
0.00028130878
0.0127041
0.0004886539
0.014138686
0.00096855615
0.0024387096
0.002605841
0.00024004094
0.00022097357
0.002623113
0.00013961038
0.00023697849
0.000554935
0.016041536
6.457674e-05
0.0049001235
0.00055612344
0.010159182
0.00030741282
0.0005949977
0.00075719785
0.0062454375
0.0008630939
0.009448727
0.00052146334
0.0027859223
0.0005578858
0.000406742
0.00015591271
0.0048582945
0.00029246378
0.010246208
0.00056026224
0.01302878
0.016217021
0.0003388133
0.00031776435
0.007797509
0.00047495583
0.00018923008
0.0003933373
0.017504632
0.00088783447
0.015608832
0.0006069625
0.0015909281
0.00013788078
0.0006393963
2.2617605e-05
0.0073565557
0.0003382451
0.0031681273
0.008130152
0.00028870907
0.00019328005
0.005838843
0.0005744742
2.4174638e-05
0.00043878146
0.0046126386
0.0008443721
0.01398413
0.0009993929
0.013417663
0.00038117077
0.004825934
0.00017118832
0.0070899185
0.0047184653
0.0009970441
0.00032167957
0.014049528
3.4941535e-05
0.0010021108
0.0007308014
0.013481608
0.0003798632
0.0074214204
0.0010175033
0.00813115
0.0004614871
0.0007969995
0.00044352375
0.014979708
0.00069497153
0.0054306
8.458854e-05
0.006628854
0.001221031
0.00069956476
0.0006021634
0.004452266
0.00031683163
0.0025589664
0.0006480878
0.0060299193
0.005449458
5.2061587e-06
0.00060459983
0.012225855
0.00018780024
0.000103136575
0.00026811418
0.014838788
0.00044458313
0.01610072
0.00014359527
0.010622654
0.0002196251
0.00017031375
