0.0
0.0
0.0
0.0
0.0
0.0
0.0
0.0
0.0
0.0
0.0
0.0
0.0
0.07660861
0.0
0.0
0.0
0.0
0.0
0.0
0.0
0.0
0.0
0.0
0.0
0.0
0.0
0.0
0.0
0.0
0.0
0.0
0.0
0.0
0.0
0.0
0.0
0.0
0.0
0.0
0.0
0.0
0.0
0.0
0.0
0.0
0.0
0.0
0.0
0.0
0.0
0.0
0.0
0.0
0.0
0.0
0.0
0.0
0.0
0.0
0.0
0.0
0.0
0.0
0.0
0.0
0.07660861
0.0
0.0
0.0
0.0
0.0
0.0
0.0
0.0
0.0
0.07660861
0.0
0.22650298
0.0
0.0
0.22650298
0.0
0.0
0.0
0.0
0.0
0.0
0.0
0.0
0.0
0.0
0.0
0.0
0.0
0.0
0.03847567
0.0
0.0
0.0
0.0
0.0
0.03847567
0.0
0.0
0.0
0.0
0.0
0.0
0.0
0.0
0.0
0.0
0.0
0.0
0.0
0.0
0.0
0.0
0.0
0.0
0.0
0.0
0.0
0.0
0.03847567
0.0
0.0
0.0
0.0
0.0
0.0
0.0
0.0
0.0
0.0
0.0
0.0
0.0
0.0
0.0
0.0
0.0
0.0
0.0
0.0
0.0
0.0
0.0
0.0
0.0
0.0
0.0
0.0
0.0
0.0
0.0
0.0
0.0
0.0
0.0
0.0
0.0
0.0
0.0
0.0
0.0
0.0
0.0
0.0
0.0
0.0
0.03847567
0.0
0.0
0.0
0.0
0.03847567
0.11542701
0.03847567
0.0
0.059783354
0.0
0.059783354
0.56347096
0.0
0.0
0.0
0.0
0.0
0.0
0.0119935125
0.0
0.0
0.0
0.0
0.0
0.0
0.0
0.0
0.0
0.0
0.0
0.0
0.0
0.0
0.0
0.0
0.0
0.0
0.0119935125
0.0
0.0
0.0
0.0
0.0
0.023987025
0.0
0.0
0.0
0.0
0.0
0.83840585
0.0
0.83840585
0.0
0.0
0.0
0.0
0.0
0.4904967
1.0375184
0.0
0.0
0.0
0.0
0.0
0.0
0.0
0.0
0.0
0.0
0.0
0.0
0.0
0.5470217
0.0
0.0
0.0
0.0
0.0
0.0
0.0
0.0
0.0
0.0
0.6850215
0.0
0.0
0.0
0.0
0.9507747
0.0
0.0
0.0
0.0
0.06434803
0.0
0.0
0.0
0.0
0.0
0.0
0.0
0.0
0.0
0.0
0.0
0.0
0.0
0.0
0.0
0.0
0.0
0.7882298
0.0
0.0
0.7882298
0.0
0.0
0.7882298
0.0
0.0
0.7882298
0.0
0.0
0.0
0.0
0.0
0.0
0.0
0.0
0.0
0.7882298
0.0
0.0
0.0
0.0
0.0
0.0
0.0
0.0
0.0
0.0
0.0
0.0
0.0
0.0
0.0
0.7882298
0.0
0.0
0.0
2.3646894
0.0
0.7882298
0.0
2.3646894
0.0
0.0
0.0
0.0
0.0
0.7882298
0.0
0.0
0.0
0.0
0.0
0.0
0.7882298
0.7882298
0.7882298
0.0
0.0
0.7882298
2.3646894
0.0
0.0
0.0
0.7882298
0.0
0.0
0.0
0.0
0.0
0.0
0.0
0.0
0.0
0.0
0.7882298
0.0
0.7882298
0.0
0.0
0.0
0.0
0.0
0.0
0.0
0.0
0.0
0.0
0.0
0.0
0.0
0.7882298
0.0
0.0
0.0
0.0
0.0
0.0
0.0
0.0
0.7882298
0.0
0.0
0.0
0.0
0.0
0.0
0.0
0.0
0.0
0.0
0.0
0.7882298
0.0
0.0
0.0
0.7882298
0.0
0.0
0.0
0.7882298
0.0
0.0
0.0
0.0
0.0
0.0
0.0
0.0
0.0
0.0
0.7882298
0.0
0.0
0.0
0.0
0.0
0.26589957
0.0
0.0
0.0
0.0
0.0
0.0
0.0
0.0
0.0
0.0
0.0
0.0
0.26589957
0.0
0.0
0.0
0.0
0.0
0.0
0.0
0.26589957
0.0
0.0
0.26589957
0.0
0.0
0.0
0.0
0.26589957
0.0
0.0
0.0
0.26589957
0.0
0.0
0.0
0.0
0.0
0.0
0.0
0.53179914
0.0
0.0
0.26589957
0.0
0.0
0.0
0.0
0.26589957
0.26589957
0.0
0.0
0.0
0.0
0.26589957
0.0
0.0
1.0735421
0.0
0.0
0.0
0.0
0.0
0.0
0.0
0.0
0.85034627
0.0
0.0
0.13802144
0.0
0.0
0.0
0.0
0.0
0.27604288
0.13802144
0.0
0.0
0.0
0.13802144
0.0
0.13802144
0.13802144
0.0
0.87649834
0.0
0.0
0.0
0.0
0.0
0.0
1.7529967
0.06724773
0.0
0.0
0.2017432
0.0
0.06724773
0.0
0.0
0.0
0.0
0.0
0.06724773
0.06724773
0.0
0.0
0.0
0.0
0.0
0.0
0.0
0.0
0.0
2.547734
0.0
0.5766142
0.0
0.0
1.1532284
0.0
0.0
0.0
0.0
0.0
0.0
0.43353167
0.0
0.0
0.0
0.0
0.43353167
0.0
0.0
0.0
0.0
0.0
0.43353167
0.0
0.0
0.0
0.0
0.0
0.0
0.0
0.0
0.0
0.0
0.43353167
0.0
0.0
0.0
0.0
0.0
0.0
0.0
0.0
0.43353167
0.0
0.0
0.0
0.0
0.0
0.0
0.43353167
0.0
0.0
0.0
0.43353167
0.43353167
0.86706334
0.0
0.0
0.0
0.43353167
0.0
0.43353167
0.0
0.0
0.3046369
0.72845453
0.75781155
0.0
0.0
0.0
0.0
0.982266
0.0
0.76596546
0.0
0.76596546
0.0
0.0
0.76596546
0.0
0.57806605
0.57806605
0.57806605
0.0
0.57806605
0.0
0.0
1.4728079
0.49093595
0.49093595
0.49093595
0.0
0.0
0.0
0.0
0.0
0.0
0.0
0.0
0.79269445
1.5853889
0.7286394
0.0
0.7286394
0.70600766
0.0
0.0
0.0
0.70600766
0.0
0.0
0.0
0.0
0.0
0.0
0.7909065
0.0
0.7909065
0.0
0.0
0.0
0.0
0.7909065
0.0
0.0
0.0
0.0
0.0
0.7909065
0.97706777
0.0
0.97706777
0.0
0.0
1.9541355
0.97706777
0.0
0.97706777
0.97706777
0.0
0.97706777
0.0
0.0
0.0
0.0
0.97706777
0.0
0.97706777
0.97706777
0.97706777
0.0
0.0
0.0
0.0
0.0
0.97706777
0.0
0.0
0.97706777
0.0
0.0
0.0
0.0
0.0
0.0
0.0
0.0
0.0
0.0
0.0
0.0
0.0
0.0
0.97706777
0.0
0.0
0.0
0.6611228
0.6611228
0.0
1.2457405
0.0
0.0
0.0
1.4513848
0.9411411
0.0
0.0
0.9411411
0.0
0.0
0.0
0.25179282
0.0
0.50358564
0.825215
0.83446497
1.2889583
0.0
0.18465701
0.0
0.0
0.0
0.36931401
0.1510494
0.1510494
0.0
0.0
0.0
0.0
0.0
0.1510494
0.0
0.0
0.0
0.1510494
0.0
0.1510494
0.0
0.0
0.1510494
0.1510494
0.0
0.0
0.1510494
0.3020988
0.0
0.0
0.3020988
0.0
0.0
0.3020988
0.0
0.0
0.0
0.0
0.0
0.0
0.0
0.0
0.1510494
0.0
0.0
0.1510494
0.0
0.1510494
0.40416896
0.0
0.0
0.82902837
0.0
0.0
0.0
0.0
0.82902837
1.3162634
0.0
0.0
0.55024105
0.0
0.0
1.6507232
0.0
0.0
0.0
1.1004821
0.55024105
0.0
0.55024105
0.0
0.0
0.0
0.0
0.0
0.55024105
0.0
0.0
0.0
0.0
0.55024105
0.0
0.0
0.0
0.0
0.0
0.55024105
0.0
0.0
0.55024105
0.0
0.55024105
0.0
0.0
0.0
0.0
0.0
0.0
0.0
0.0
1.2958555
0.0
0.0
0.0
0.0
0.3081527
0.0
0.0
0.0
0.0
0.0
0.7221461
0.0
0.0
0.0
0.0
0.0
0.0
0.7221461
0.0
0.0
0.0
0.0
0.68747956
0.0
0.0
0.0
0.0
0.0
0.0
0.0
0.0
1.3749591
0.5974026
0.0
0.0
0.0
0.0
1.1804365
0.0
0.0
0.0
0.0
0.0
0.0
0.0
0.8817352
0.0
0.0
0.8817352
0.47808468
0.0
0.0
0.0
0.0
0.0
0.0
0.0
0.0
0.0
1.7513291
0.6366222
0.0
0.0
0.6366222
0.6366222
0.6366222
0.0
0.0
1.7375621
1.0958223
0.22704127
0.0
0.0
0.22704127
0.0
0.0
0.41412067
0.0
0.27608046
0.0
0.0
0.0
0.0
0.43810737
0.35683793
0.0
0.0
0.0
0.0
0.0
0.35683793
0.0
1.537086
0.94254845
0.0
1.8850969
0.0
0.0
0.0
1.5572858
0.0
0.0
0.15368433
0.0
0.0
0.0
0.0
0.0
0.0
0.76842165
0.461053
0.0
0.0
0.0
0.0
0.0
0.0
0.0
0.0
0.0
0.15368433
0.0
0.0
0.15368433
0.15368433
0.0
0.15368433
0.0
0.0
0.0
0.15368433
0.0
0.15368433
0.0
0.0
0.0
0.15368433
0.0
0.0
0.0
0.0
0.15368433
0.0
0.0
0.30736867
0.15368433
0.0
0.0
0.0
0.0
0.0
0.0
0.0
0.15368433
0.0
0.15368433
0.0
0.0
0.0
0.15368433
0.0
0.0
0.15368433
1.3869889
0.0
0.0
0.8864623
0.0
0.0
1.7821751
0.8957128
1.2245687
2.766171
0.92205703
2.0555081
0.0
1.5855405
0.70456004
0.43312714
0.86625427
0.43312714
0.0
0.0
0.0
0.0
0.0
0.0
0.0
0.0
0.0
0.0
0.0
0.43312714
0.0
0.0
0.0
0.0
0.30678618
0.0
0.0
0.0
0.0
0.0
0.0
0.0
0.30678618
0.0
0.0
0.0
0.0
0.30678618
0.0
0.30678618
0.0
0.61357236
0.0
0.30678618
0.6237887
0.0
0.010216364
0.40702853
0.81405705
1.2210855
0.40702853
0.0
0.40702853
0.0
0.0
0.0
0.40702853
0.40702853
0.0
0.40702853
0.40702853
0.0
0.0
0.73443234
0.0
0.3274038
0.0
0.0
0.0
0.0
0.37247103
0.0
0.0
0.02253361
0.8411519
0.8411519
0.0
1.6823038
0.8411519
0.0
0.0
0.0
0.8411519
0.8411519
1.6823038
0.8411519
0.0
0.0
0.0
0.0
0.0
0.0
0.0
0.0
0.0
2.5234556
0.8411519
0.32222936
0.4684013
0.78486073
0.39243037
0.78486073
0.0
0.0
0.0
0.39243037
0.2032353
0.2032353
0.0
0.0
0.0
0.0
0.0
0.767555
0.0
0.767555
2.8826559
0.8614777
0.0
0.8614777
2.584433
0.0
0.8614777
0.0
0.8315446
0.0
0.8315446
0.0
0.0
0.0
0.0
0.8315446
1.9786298
0.0
0.5096503
0.0
0.0
0.97565997
0.4660097
0.0
0.4660097
0.47319242
0.0
0.0
0.94638485
0.0
0.47319242
0.0
0.0
0.0
0.0
0.0
0.0
0.0
0.0
0.0
0.0
0.5316838
0.0
0.0
0.0
0.0
0.0
0.0
0.80267036
1.6053407
0.0
0.0
0.0
0.0
0.80267036
0.0
0.60871637
1.2174327
0.0
0.0
0.0
0.0
0.0
0.0
0.60871637
0.60871637
0.0
0.0
0.0
2.4348655
0.0
0.0
0.0
0.0
0.0
0.0
0.8623189
1.7246377
0.8623189
0.8623189
2.5869565
0.0
0.0
0.0
2.5869565
1.7246377
0.0
0.0
0.0
0.0
0.0
0.8623189
0.8623189
0.8623189
0.8623189
0.0
1.7246377
0.8623189
0.0
0.0
0.0
0.0
0.0
0.8623189
0.0
2.5869565
0.0
0.8623189
0.8623189
3.4492755
0.8623189
0.0
1.7246377
0.0
0.16796583
0.45625046
0.0
0.45625046
0.0
0.0
0.0
0.9125009
0.0
0.0
0.0
0.45625046
0.0
0.0
0.0
0.0
0.0
0.45625046
0.0
0.0
0.45625046
0.0
0.0
0.074132435
0.89351964
0.74525476
2.5337324
1.0432229
0.0
0.52161145
0.0
1.0432229
1.5648344
0.0
0.0
1.5648344
0.52161145
0.0
0.52161145
0.0
2.0864458
0.52161145
0.0
0.0
0.0
0.52161145
0.0
0.0
0.0
0.0
0.52161145
0.52161145
0.0
0.52161145
0.0
0.52161145
0.0
0.0
1.0432229
0.0
0.0
0.0
0.52161145
2.6080573
0.52161145
0.0
0.52161145
0.0
0.89252114
1.9852101
0.0
1.9314235
0.9388185
2.8912559
0.78690344
2.4783132
0.0
0.0
3.4255972
1.5485523
0.0
0.0
0.107858
0.53929
0.0
0.215716
0.0
0.215716
1.0132546
0.0
0.0
0.9053967
0.0
2.3708105
0.13886665
0.069433324
0.0
0.0
0.069433324
0.0
0.13886665
0.0
0.069433324
0.0
0.0
0.069433324
0.0
0.0
0.069433324
0.0
0.2777333
0.0
0.13886665
0.0
0.0
0.069433324
0.0
0.0
0.0
0.29794216
0.5958843
2.0678592
0.0
0.0
0.0
1.168225
0.0
0.0
0.28870404
0.0
0.24113657
0.87296087
1.895473
0.21569367
0.0
0.0
0.0
0.0
0.0
0.54083306
0.0
0.0
0.0
0.0
0.0
0.74994487
0.0
0.0
0.37497243
0.0
0.0
0.0
0.0
0.37497243
0.0
0.0
0.0
0.0
0.37497243
0.0
0.0
0.9979949
0.85474145
0.92514896
0.0
0.78291035
0.0
0.0
0.0
0.78291035
0.0
0.0
0.0
2.2489939
0.0
1.3663462
0.0
0.0
1.101118
0.0
0.0
0.0
0.0
0.0
0.0
0.0
2.0261188
0.0
0.0
0.0
0.0
0.0
0.0
0.0
0.0
0.0
0.0
0.46313772
0.46313772
0.0
0.0
0.0
0.0
1.1806003
0.0
0.0
0.0
0.0
0.0
0.0
0.0
0.0
0.0
0.71746254
0.71746254
0.71746254
0.71746254
0.71746254
0.71746254
0.0
1.4855256
0.0
0.768063
0.0
0.0
0.0
0.768063
1.3779852
1.8402234
0.0
0.0
0.9201117
0.0
0.0
0.0
0.0
0.9201117
0.0
0.0
0.5861234
0.5861234
0.0
0.0
0.0
0.0
0.0
1.7583702
0.0020366383
0.0
0.0010183192
0.0
0.0
0.0
0.0010183192
0.14193915
0.0
0.55459315
0.27729657
0.0
0.0
0.27729657
0.0
0.7492511
0.87086177
0.0
0.87086177
0.87086177
0.87086177
4.354309
0.05394159
0.0
0.05394159
0.0
0.0
0.0
0.0
0.0
0.0
0.0
0.0
0.10788318
0.16182476
0.05394159
0.0
0.0
0.0
0.0
0.0
0.11109855
0.064889304
0.064889304
0.0
0.12977861
0.064889304
0.12977861
0.0
0.0
0.10051471
0.035625402
0.21375242
0.071250804
0.0
0.071250804
0.0
0.6476692
0.6120438
1.8361313
0.0
0.58449644
0.0
0.0
0.8767446
2.2023344
0.0
0.0
0.3191292
0.9967508
0.10793883
0.0
0.0
0.0
0.0
0.0
0.10793883
0.10793883
0.10793883
0.0
0.0
0.0
0.10793883
0.10793883
0.0
0.0
0.0
0.0
0.0
0.10793883
0.10793883
0.10793883
0.0
0.10793883
0.0
0.10793883
0.10793883
0.0
0.10793883
0.3238165
0.10793883
0.21587767
0.10793883
0.56691676
0.0
0.5771779
3.0980716
0.91930056
0.58205485
0.58205485
0.58205485
0.58205485
0.0
1.1641097
0.0
0.58205485
0.095730014
0.28719005
0.0
0.095730014
1.8805474
1.6890874
0.7750827
1.6428936
0.0
0.0
0.09272821
0.73767835
0.0
0.0
1.2899003
0.0
0.64495015
0.64495015
0.0
0.0
0.0
0.64495015
0.64495015
0.64495015
0.57003075
0.06464343
0.0
0.0
0.06464343
0.0
1.216001
1.5351435
0.38378587
0.38378587
0.38378587
0.41745833
0.0
0.0
0.0
0.26280898
0.0
0.0
0.0
0.26280898
0.26280898
0.0
0.13140449
0.0
0.13140449
0.0
0.13140449
0.13140449
1.394886
0.0
0.0
0.697443
0.0
1.394886
0.697443
0.697443
0.697443
0.20675851
0.0
0.41351703
0.0
0.25996682
0.0
0.88440895
0.7544255
0.0
5.2809787
0.0
0.0
0.0
1.508851
0.7544255
0.0
1.508851
0.0
1.508851
0.7544255
0.0
0.7544255
0.7544255
0.0
0.7544255
0.0
1.508851
1.2432281
0.77647585
0.0
0.0
0.77647585
0.083174184
0.0
0.78348595
0.0
0.0
0.0
0.27792335
0.27792335
0.0
0.9238442
0.0
2.422465
0.8074884
0.0
0.8074884
0.8074884
1.6149768
0.0
0.071338594
0.0
0.0
0.071338594
0.0
0.42803156
0.0
0.0
0.071338594
0.0
0.0
0.071338594
0.0
0.071338594
0.0
0.071338594
0.24780178
0.14467621
0.28935242
0.30402163
0.0
0.014669206
0.014669206
0.0
0.0
0.0
0.014669206
0.014669206
0.014669206
1.6186806
1.5049465
4.2906547
0.0
0.78485686
0.375849
0.751698
2.2109904
0.0
0.0
1.444591
0.0
0.0
0.0
0.0
0.7222955
0.0
0.0
0.0
0.0
0.36114776
0.0
2.4056528
0.0
0.0
0.73852676
0.0
0.0
0.73852676
6.8551006
0.0
0.0
1.2117571
1.9426668
0.0
1.2338661
0.0
0.26253268
0.0
0.26253268
0.0
0.787598
0.0
0.26253268
0.0
0.0
0.52506536
0.0
0.0
1.4011528
0.33057845
0.0
0.0
0.33057845
0.0
0.0
1.4300568
0.7208871
0.29684412
0.0
0.29684412
0.29684412
0.995682
0.56516814
0.79931426
1.5986285
0.22931059
0.22931059
0.0
0.0
0.1881322
4.4158707
0.88317406
0.0
0.0
1.7663481
0.0
1.7663481
1.7663481
0.88317406
0.0
0.0
0.0
0.88317406
0.88317406
0.88317406
0.0
0.0
0.88317406
0.0
2.6495223
0.88317406
0.0
1.9059615
0.0
0.0
0.13961338
0.13961338
0.27922675
0.0
0.5584535
0.0
0.0
0.0
0.13961338
0.27922675
0.0
0.27922675
0.0
0.0
0.13961338
0.0
0.13961338
0.27922675
0.13961338
2.3675156
0.0
0.374935
0.0
0.0
0.0
0.374935
0.0
0.74987
0.0
1.682169
1.682169
0.0
0.8410845
0.06695193
1.4296517
3.0488958
0.6097792
0.99437267
0.0
0.49718633
1.1032714
0.0
0.0
0.99226546
0.0
0.8673115
0.050889947
0.050889947
0.0
0.10177989
0.0
0.0
0.050889947
0.0
0.050889947
0.10177989
0.15266985
0.0
0.0
0.050889947
0.0
0.050889947
0.0
0.0
0.10177989
0.15266985
0.050889947
0.0
0.10177989
0.050889947
0.0
0.0
0.050889947
0.0
0.0
0.0
0.050889947
0.0
0.050889947
0.050889947
0.050889947
0.0
0.0
0.0
0.15266985
0.0
0.0
0.050889947
0.10177989
0.0
0.0
0.0
0.0
0.0
0.10177989
0.050889947
0.050889947
0.0
0.15266985
0.10177989
0.10177989
0.0
0.0
0.0
0.0
0.0
0.0
0.0
0.0
0.0
0.40711957
0.0
0.050889947
0.0
0.0
0.15266985
0.0
0.10177989
0.0
0.10177989
0.050889947
0.0
0.0
0.0
0.0
0.050889947
0.0
0.10177989
0.934919
1.6888976
0.0
0.8444488
0.0
0.0
0.0
0.0
0.0
0.0
0.0
1.6888976
0.8444488
2.5333464
0.0
0.8444488
0.8444488
0.0
0.0
0.8444488
0.0
0.0
0.8444488
0.8444488
0.0
0.8444488
0.0
0.0
1.6888976
2.5333464
0.8444488
2.5333464
0.0
0.0
0.8444488
0.0
0.0
0.0
0.0
0.0
0.8444488
1.1431044
0.0
0.5177576
0.2588788
0.0
2.1102035
1.8513247
3.5430384
0.0
0.0
0.0
1.5321031
0.10754414
0.10754414
0.0
0.0
0.10754414
2.176549
0.34483412
0.0
0.34483412
0.5172512
0.0
0.17241706
0.0
0.0
0.17241706
0.17241706
0.0
0.17241706
0.0
0.34483412
0.17241706
0.17241706
0.5659134
1.2582475
1.3846681
0.0
0.0
0.69233406
0.62652844
0.0
0.0
0.0
0.0
0.0
0.0
1.2530569
0.0
0.0
0.0
1.1236013
0.0
0.0
0.4615702
0.0
3.6120467
0.0
0.0
0.8145276
0.8145276
3.2581103
0.8145276
0.0
0.0
0.0
0.8145276
2.4435828
0.8145276
6.2563324
1.648697
0.8243485
0.8243485
1.5080249
0.68367636
0.68367636
0.0
1.3673527
0.0
1.3673527
1.3673527
0.0
2.7347054
0.68367636
0.68367636
2.0510292
0.0
0.0
4.041946
0.0
0.0
0.0
0.10309971
0.5298414
0.85348344
0.0
0.0
0.0
0.85348344
0.42674172
1.2802252
1.903939
0.562529
0.0
0.0
0.5009759
0.0
0.0
0.5009759
0.0
0.77585894
3.1240711
0.7827374
0.0
0.0
0.0
0.0
0.7827374
0.0
0.0
1.5654747
0.0
0.0
0.7827374
1.5654747
0.0
0.7827374
0.0
0.5741711
0.5741711
0.0
0.5741711
0.12665415
0.4161722
0.0
0.0
0.0
0.0
0.0
0.28951806
0.28951806
0.0
0.0
0.28951806
0.0
0.5790361
0.0
0.0
0.0
0.44143432
4.8204765
0.22895984
0.90571773
2.717153
0.90571773
0.0
8.15146
2.717153
0.0
0.0
0.0
0.0
0.0
0.90571773
0.90571773
0.14054523
0.0
0.14054523
0.28109047
0.0
4.0084887
0.0
1.3350278
0.0
0.0
0.0
0.0
0.0
0.0
3.153635
0.0
0.0
5.2855015
2.6427507
0.16632868
0.0
0.87133974
0.7881754
0.6196002
0.0
0.15290411
0.30580822
0.45871234
0.97556055
0.0
0.0
0.82265645
0.0
0.6344954
0.21149847
0.0
0.0
0.77994716
0.56844866
0.56844866
0.0
0.11577647
0.0
0.3548527
1.4194108
0.3548527
0.2960364
0.0
0.0
0.2960364
0.2960364
0.2960364
1.1841456
0.0
0.2960364
0.5920728
0.0
0.0
0.98392534
0.98392534
0.98392534
0.8485271
0.8485271
0.0
0.8485271
5.1411304
0.0
0.7359914
0.0
0.0
0.0
1.5756352
0.23960625
0.0
0.0
0.0
2.686708
0.886625
0.4433125
0.0
1.77325
0.4433125
0.886625
0.4433125
2.2165625
0.0
0.0
1.3299375
0.0
1.77325
1.77325
0.4433125
0.886625
0.4433125
0.94606787
0.5343533
0.0
0.26717666
0.74302673
0.53703547
3.042057
0.0
1.8212097
0.0
0.0
1.8212097
0.91060483
0.91060483
0.1867235
0.1867235
0.1867235
0.0
0.56017053
0.50196195
0.50196195
2.6322794
6.402254
1.8292154
0.9907126
0.0
5.8138247
0.2867538
0.2867538
0.0
0.0
1.9571731
0.0
0.40507898
0.0
0.0
0.14159246
0.07079623
0.78646505
0.82459116
0.5491637
2.1772342
1.320119
2.640238
0.0
1.9801786
0.0
0.0
1.320119
0.0
0.6600595
0.0
4.100792
2.2835345
1.1417673
0.0
0.0
0.0
2.7873516
1.5363175
0.16170761
0.16170761
0.16170761
0.24311279
1.4633995
0.0
1.731689
0.744123
0.744123
1.488246
0.744123
2.232369
0.0
1.488246
0.0
0.0
0.0
2.156598
0.0
0.0
0.9698948
0.0
8.009003
0.5099318
0.5099318
0.0
0.9038259
0.0
0.0
0.7877882
1.9694705
1.0088847
4.7578278
0.0
0.0
0.0
3.8353415
0.0
1.2784472
0.6392236
0.0
0.7810944
0.40248057
0.0
0.0
0.0
0.80496114
0.0
1.6099223
0.7121413
0.0
1.2504221
1.2504221
0.62521106
1.5584434
0.7792217
0.0
0.68701786
1.1450298
0.0
0.22900595
0.0
0.22900595
0.22900595
1.8320476
0.0
0.0
0.0
0.68701786
0.0
0.0
0.22900595
0.22900595
3.032452
0.0
0.8547003
2.564101
0.8547003
0.0
0.0
0.01876502
0.0062550064
0.0
2.336891
0.3092835
0.3092835
0.3092835
0.0
0.0
1.8156071
0.0
0.59852004
0.0
0.59852004
0.0
0.0
0.38555154
0.5140687
0.0
0.0
0.0
0.12851718
0.6425859
0.0
0.38555154
0.38555154
0.0
0.0
0.12851718
0.25703436
0.12851718
0.12851718
0.32567173
0.14272492
0.28544983
0.42817473
0.7507284
0.7507284
0.78877753
0.07609815
0.0
0.11414723
0.0
0.038049076
0.0
0.0
0.0
0.71569633
0.30077454
0.30077454
0.0
0.0
1.2030982
0.0
0.30077454
0.6015491
0.6015491
0.30077454
0.0
1.0776696
0.0
0.7768951
0.298638
1.194552
0.0
0.298638
0.298638
0.0
0.36309814
1.4523926
0.0
0.0
0.0
0.0
0.36309814
0.36309814
0.0
0.36309814
0.36309814
0.0
0.5274544
2.0911427
0.18303181
0.91177976
0.91177976
2.8362446
0.0
2.897287
0.9423008
2.8269024
2.31424
0.9688749
0.9688749
0.73107874
0.73107874
0.9789899
0.9789899
1.2060032
0.0
2.4120064
0.0
1.8090048
1.8090048
10.149097
2.376624
0.3059589
0.9178767
2.2594547
1.1611084
0.48849624
1.4825296
0.82003623
0.0
3.2212548
0.8004062
1.6008124
0.0
2.4012187
1.6008124
3.2016249
0.8004062
0.8004062
0.8004062
0.0
0.0
0.8004062
0.0
1.6008124
0.0
0.8004062
0.0
0.0
0.32973924
2.100758
0.7206398
1.4412796
0.7206398
0.0
3.1806293
0.0
0.8942095
1.4903492
0.12690386
0.264641
2.128129
0.22978294
0.22978294
1.0363503
0.0
0.28059772
0.0
0.28059772
0.0
0.28059772
3.0505145
0.0
0.0
10.842518
0.0
0.8297671
0.120657
0.0
0.0
0.0
0.39874613
0.0
0.0
0.0
0.0
0.0
0.0
0.0
0.0
0.0
0.0
0.0
0.0
0.27808914
0.5561783
0.0
0.0
0.0
0.27808914
0.98829913
0.0
0.42031196
0.71404344
0.0
0.24569564
0.817927
0.817927
0.817927
1.635854
0.0
0.0
0.0
0.0
0.817927
0.0
3.2849636
0.048208304
3.3939624
0.9708955
0.94140416
1.6592066
1.0669758
0.0
0.5334879
0.0
0.0
0.0
0.5334879
2.1339517
0.0
0.0
6.559893
1.6579177
1.6579177
0.0
0.82895887
0.82895887
0.9332017
1.8354207
0.90221906
0.90221906
0.90221906
1.8044381
0.83809036
0.83809036
0.0
1.6761807
1.4900675
0.71616215
0.71616215
0.0
1.0369058
2.0738115
1.0369058
1.0369058
2.5922644
0.5184529
0.7982391
0.42076054
0.0
0.0
2.4764502
0.0
0.9337776
0.14024454
0.07012227
3.9828637
0.0
0.9446224
0.9446224
0.0
0.9446224
0.0
0.4723112
0.9446224
4.0560484
0.26134303
0.0
0.0
0.0
0.0
0.0
0.26134303
0.0
0.71350783
0.68834466
0.34417233
0.0
0.7933805
0.0
5.5536633
0.0
0.7933805
1.4998982
0.0
0.3463305
0.17316525
0.0
0.0
0.0
0.0
0.17316525
0.3463305
0.0
0.17316525
2.4950323
0.0
0.053198826
0.0
2.257339
0.72711694
0.36355847
0.0
3.5861335
0.95614266
0.0
1.4277092
0.47156653
1.326771
0.7672758
0.0
0.97168165
0.8982126
0.8982126
0.8982126
3.5928504
0.0
2.6946378
1.7964252
0.8982126
0.8982126
0.0
3.5928504
0.0
1.7964252
0.0
1.7964252
0.8982126
0.0
0.8982126
3.4655986
0.8345866
0.3583092
0.3583092
1.01442
2.2997627
0.5478839
2.88229
0.5261663
1.9513052
0.9756526
1.0471869
0.0
0.1430685
0.07153425
0.07153425
0.0
0.0
0.0
0.80261624
0.0
0.80261624
5.3178363
0.88630605
0.88630605
0.0
0.88630605
0.0
1.5452031
3.9533823
0.0
0.65889704
0.65889704
3.103084
0.46749598
0.49014255
0.0
3.8883393
0.7286536
0.0
1.4573072
0.0
4.420803
4.926925
1.9076273
0.0
0.123991534
0.1389663
0.06948315
0.0
0.0
0.0
11.9786215
1.417815
7.820914
1.2097454
0.40324846
0.0
3.0883174
0.77207935
0.0
1.5441587
0.77207935
0.77207935
0.77207935
0.77207935
2.316238
0.77207935
0.77207935
0.77207935
0.0
0.0
2.316238
0.0
4.5098186
0.988254
0.0
0.0
3.1135116
1.4168383
1.4168383
0.0
0.70841914
5.103241
1.7623367
0.7643024
0.3821512
0.3821512
0.3821512
0.0
2.8250394
0.0
0.21787594
0.4357519
0.0
0.0
3.09753
0.0
1.56219
1.04146
0.0
0.0
0.52073
0.52073
1.56219
0.52073
0.0
1.56219
0.0
0.0
0.52073
1.56219
0.52073
0.52073
0.52073
1.04146
0.52073
0.0
1.04146
0.52073
1.04146
1.04146
0.0
1.56219
2.2012157
0.98518986
0.25264305
0.25264305
0.0
0.12632152
0.0
0.0
0.936392
1.6340388
0.0
0.0
0.6976468
0.6976468
2.0929403
0.6976468
4.8835278
5.5811744
0.6976468
0.2628281
1.3508039
0.45026797
0.0
0.0
9.226706
4.282982
1.544837
0.74196726
2.3482363
0.8643018
0.8643018
0.0
0.0
0.8643018
0.8935877
0.029285911
0.0
1.5772563
0.0
1.5479704
0.0
0.0
1.9314066
0.70770824
1.4154165
0.70770824
0.0
1.4154165
0.70770824
0.0
1.4154165
0.70770824
0.0
0.70770824
0.0
1.1803786
0.0
0.0
0.66463935
1.3292787
0.0
0.0
0.0
0.0
0.66463935
0.0
1.9939181
0.0
0.008109175
0.024327524
0.008109175
0.008109175
0.040545873
0.008109175
0.008109175
0.01621835
0.048655048
0.43652052
0.0
0.0
0.0
0.8038676
3.8164883
3.0126207
0.0
0.50210345
1.0042069
0.50210345
1.5063103
0.50210345
0.0
0.0
0.0
0.50210345
1.3387678
0.0
1.6078355
1.5927131
1.5927131
0.53090435
0.0
1.5927131
1.0618087
0.0
1.148042
0.0
0.0
0.014788379
0.044365138
0.073941894
0.014788379
0.0
0.014788379
0.0
0.059153516
0.014788379
0.0
0.0
0.0
3.0751338
0.0
1.137431
0.40472448
0.80944896
5.2790003
0.4721131
2.6612654
0.54047346
0.43113434
0.0
0.65477514
0.0
3.240027
0.0
0.800323
0.800323
1.600646
0.0
0.800323
2.400969
0.0
0.800323
0.0
0.0
2.400969
0.0
0.0
0.800323
0.800323
0.0
1.600646
0.5427209
0.0
0.061045397
1.222317
6.1606317
0.0
3.3987098
0.6797419
1.5238612
3.809653
0.0
0.0
1.5238612
4.5715837
1.5238612
0.0
0.7619306
0.0
4.244135
0.8380578
0.0
0.0
0.8380578
0.0
0.0
0.0
0.94351226
0.7010664
0.34068394
0.8714481
0.09504012
0.0
0.0
0.09504012
0.0
0.0
0.40186903
0.33526304
0.0
0.0
0.33526304
1.0057892
0.0
0.0
0.0
0.0
0.6705261
0.33526304
4.5589037
0.0
0.51769614
0.0
0.0
1.0353923
1.7359614
0.0
1.1513593
0.49343973
0.32895982
0.0
1.8146495
1.8514864
0.9346134
1.8692268
0.9346134
0.0
0.0
0.0
0.9346134
1.2125962
0.0
0.0
1.8188943
0.0
1.2125962
3.1384284
0.707499
0.707499
0.8155391
1.9426659
0.57068473
3.9947932
5.296464
0.7309863
0.7309863
0.0
5.8478904
0.7309863
0.0
1.2824063
0.0
0.0
0.029558474
0.029558474
1.6708199
1.1244156
1.653434
0.20045663
0.7290808
1.3126702
0.32816756
0.32816756
0.32816756
0.32816756
0.0
0.32816756
0.5630779
1.1261559
1.5826192
0.0
0.0
0.7894438
0.30328825
0.030428868
0.0
0.0
1.2602502
0.61491066
1.2298213
1.2298213
0.0
3.5379243
0.6959463
0.0
1.4184313
0.0
0.0
0.4726779
0.0
0.0
0.4726779
3.8414347
0.36105022
0.36105022
0.0
0.0
0.36105022
1.0831506
0.36105022
0.36105022
0.36105022
0.36105022
0.72210044
0.0
0.36105022
0.0
0.72777736
0.0
1.4555547
0.72777736
0.0
0.72777736
0.0
2.183332
1.4555547
0.0
0.72777736
0.72777736
0.0
1.4555547
0.0
0.0
1.4818
0.3839324
0.0
0.0
1.079734
3.807026
0.0
0.9517565
3.807026
0.9517565
2.439488
0.26798755
0.5359751
0.0
1.6657559
0.59380573
1.2364478
0.0
0.82654154
0.0
0.0
0.0
0.6161225
0.0
0.0
0.41082868
0.0
0.20541434
0.20541434
0.20541434
0.0
0.20541434
1.7553921
0.0
3.5631788
0.0
3.667477
0.0
0.0
1.0978956
0.27118844
0.0
0.27118844
0.13559422
0.27118844
0.17658593
0.17658593
0.0
0.17658593
0.17658593
0.9834943
0.80690837
0.0
0.0
1.6138167
0.0
0.0
0.5224282
0.5224282
0.0
0.5224282
0.0
0.22791606
0.45583212
0.0
0.22791606
0.45583212
0.6837482
0.22791606
0.91166425
0.22791606
1.1053859
0.0
3.2477689
3.8973227
0.6495538
0.6495538
1.2991076
0.0
0.6495538
0.52787936
0.0
0.17595978
0.17595978
0.0
0.0
0.17595978
8.462726
0.0
0.75927764
0.0
0.75927764
0.75927764
4.555666
0.75927764
0.0
0.0
3.0371106
2.277833
0.75927764
0.0
0.0
0.75927764
0.0
1.5185553
1.5407104
0.0
0.022155128
0.044310257
0.044310257
0.5605529
0.0
0.0
1.0767956
1.0767956
0.0
0.0
0.0
0.5383978
0.5383978
0.0
0.045433577
0.6556819
0.18827158
0.0
0.19232771
0.19232771
0.70709884
0.70709884
0.0
0.0
3.4897904
0.31557035
0.0
0.0
0.10519011
0.10519011
0.0
0.10519011
0.0
0.10519011
0.21038023
0.0
0.10519011
0.0
1.8656521
0.93282604
1.8656521
0.93282604
0.93282604
0.0
0.0
2.0686858
0.60910094
0.20303366
0.20303366
0.0
0.0
0.5043145
0.0
0.0
0.5043145
2.6805377
0.0
0.0
0.643015
0.12856808
0.5379086
1.0880547
0.81560147
10.423946
0.0
0.0
0.0
2.250227
0.7500757
2.250227
0.7500757
1.5001514
0.0
0.0
0.7500757
0.7500757
3.7503784
0.0
10.444861
0.2617102
0.44279957
0.18108939
0.94127893
0.57910013
0.0
0.0
0.0
0.0
2.743075
1.7928851
0.0
0.16545957
0.0
0.49637872
1.1440316
1.9571441
0.0
3.1578717
1.2331475
0.0
0.0
0.9206309
0.9206309
0.0
2.5885298
0.2674703
0.0
0.8072809
0.8072809
2.6082625
0.0
0.6349317
0.6349317
0.064783454
0.0
0.064783454
0.064783454
0.064783454
0.0
0.064783454
0.07131266
0.07131266
0.0
0.0
0.0
0.0
0.0
0.14262532
1.3753347
0.9570039
0.7189273
0.7189273
0.0
0.35946366
0.7189273
2.5162456
0.8148595
3.1647892
0.0
0.7676587
4.357086
0.0
0.0
1.5576308
0.0
0.0
0.68669933
2.2255876
0.0
0.93889064
1.8777813
0.7017867
0.0
0.1886794
0.943397
0.5660382
0.39891273
0.0
0.7255845
0.0
0.6126046
0.6126046
0.0
0.0
0.6126046
0.10922907
0.982278
9.518047
1.9608871
0.0
0.0
0.74439144
0.74439144
0.74439144
0.84944445
0.0
2.5483334
0.0
1.6988889
1.6988889
1.6161119
0.0
0.0
1.5659418
0.17360441
0.057717264
0.67459536
0.0
0.67459536
1.3491907
0.0
0.68456167
0.0
0.4427284
0.0
0.0
0.00303073
0.00303073
0.00303073
0.9849789
0.9849789
0.0
0.6764948
7.717034
0.5524342
0.0
1.3368994
4.089264
0.0
1.9812055
0.99060273
0.0
0.99060273
0.99060273
0.0
0.99060273
4.5663366
0.19892561
0.19892561
0.47319195
0.0
0.0
1.0914869
0.6813958
1.3627917
2.0441875
1.3627917
0.6813958
3.406979
0.6813958
0.6813958
1.422823
0.0
0.16066211
3.0315347
0.0
1.2708762
0.0
0.0
0.39404252
0.0
0.0
0.0
0.0
0.39404252
1.5761701
6.3046803
0.39404252
1.0348625
0.0
0.0
4.6779537
0.70489126
2.1146739
0.0
4.2293477
4.125224
2.289314
0.7631047
4.578628
1.5262094
5.341733
0.0
0.0
2.289314
5.341733
0.7631047
1.5262094
1.5262094
0.0
0.0
5.1355076
0.5643174
0.0
1.7643293
1.7643293
11.46814
0.88216466
0.88216466
1.7643293
0.0
0.88216466
3.3745441
2.4923794
0.83079314
0.0
0.27182922
0.0
0.54365844
0.27182922
0.0
0.27182922
0.27182922
0.0
0.27182922
0.54365844
0.27182922
0.27182922
0.27182922
0.27182922
0.27182922
3.2386565
1.899342
0.949671
0.0
0.7903791
0.20357536
0.0
0.0
0.40715072
0.20357536
0.40715072
0.40715072
0.0
3.9047558
0.0
0.0
0.54669994
0.54669994
0.54669994
0.54669994
1.0933999
2.7334995
1.0933999
1.0933999
3.192361
1.1971354
0.39904514
0.39904514
0.39904514
0.39904514
0.7980903
0.7980903
0.39904514
0.7980903
0.39904514
0.7980903
5.400397
0.96922964
0.45909965
0.45909965
0.9181993
0.45909965
5.996212
0.0
0.7698189
0.0
0.0
0.0
2.3094568
0.0
0.0
0.7698189
2.3094568
0.0
0.0
5.7375426
0.0
0.6976206
0.12708206
0.12708206
0.35183084
0.0
0.0
0.0
0.35183084
0.0
0.0
1.4073234
0.0
0.35183084
0.0
0.7870155
0.87880605
0.0
0.0
0.0
0.0
0.0
0.0
0.87880605
1.7576121
1.7576121
0.42765546
0.0
0.14255182
0.14255182
0.14255182
0.42765546
0.14255182
0.14255182
0.0
0.14255182
0.0
0.0
0.28510365
0.14255182
0.5702073
2.0451753
0.53917325
1.11166
0.32731396
0.6546279
2.8681703
1.8612682
0.0
2.434301
0.0
0.0
0.11089767
0.0
0.11089767
0.0
0.7084314
0.0
4.1633053
0.0
0.0
0.36857083
0.0
0.7398829
0.0
1.6667924
1.111195
0.5555975
0.0
0.0
1.111195
1.6788292
0.0139869945
0.055947978
0.12187643
0.0
0.1246891
0.1246891
2.009626
0.4714736
0.0
0.4714736
1.3099451
0.3669979
0.0
1.898849
0.13309066
3.0129013
0.09565643
0.0
0.19131286
0.19131286
0.38262573
0.0
0.0
0.0
0.5026234
2.465683
0.6862387
0.0
0.0
4.117432
0.6862387
2.058716
0.6862387
0.0
2.058716
0.6862387
0.6862387
0.0
3.248806
0.8891819
5.3748918
0.0
1.4737717
5.593026
2.6509697
0.4219292
0.5738723
2.3727021
0.0
0.59317553
4.777182
0.23672086
0.11836043
0.0
0.3339602
0.3339602
0.0
0.0
0.3623638
0.0
0.028403569
0.0
0.028403569
2.429594
1.1863934
3.5591803
0.5931967
1.1863934
5.7147474
0.87087905
0.43543953
0.43543953
0.43543953
0.0
0.43543953
1.3063185
0.0
0.0
0.43543953
0.0
0.43543953
0.43543953
6.5315933
1.3063185
1.6095526
0.8047763
2.286851
0.0
1.4820746
2.2231119
0.7410373
0.0
0.7410373
0.7410373
0.0
0.0
1.4820746
4.4462237
0.0
1.4820746
0.0
2.3274338
1.1134628
0.269298
1.615788
0.269298
0.269298
0.0
0.5293226
0.2600246
0.0
0.2600246
1.6948357
1.134905
0.39796892
0.0
2.3310943
0.39131865
0.0
0.0
0.19565932
0.58697796
0.19565932
0.3607397
0.3607397
0.3607397
0.3308465
0.22056434
0.11028217
0.11028217
0.0
1.2767674
0.5832426
1.5907832
0.33954135
0.9002127
1.8401002
2.8196623
0.0
1.8797749
0.42421502
0.84843004
0.42421502
0.51424617
0.09003116
0.0
1.3113894
0.0
0.9605415
0.0
0.0
0.58363944
0.0
0.58363944
1.1672789
1.8578148
0.21379296
0.0
0.6170423
3.941988
0.0
0.0
5.266259
0.0
5.6052647
2.512795
1.7818407
1.8884847
0.94424236
3.173305
0.9950127
0.49750635
0.49750635
0.9950127
1.9900254
0.0
1.9532303
0.5576952
1.1153904
1.6730857
1.0835998
1.084437
1.374343
0.8514295
0.33002576
0.0
0.11486853
1.6725802
0.0
0.88863635
1.7772727
0.66535175
4.657462
0.66535175
1.4412291
0.36030728
0.0
0.0
0.72061455
0.72061455
0.0
0.0
0.0
0.0
0.36030728
0.0
3.6152728
0.5734001
0.0
0.3157153
0.0
0.9623173
1.4832405
2.2248607
0.74162024
2.966481
0.74162024
0.0
1.4832405
0.74162024
0.74162024
0.0
5.1913414
0.0
0.74162024
0.0
0.0
2.2248607
2.421432
0.19657119
0.0
5.720662
0.9738737
0.9738737
0.0
1.4210932
0.0
1.8196921
0.9252529
1.7253863
0.0
0.80013335
0.99021226
1.9804245
0.99021226
0.99021226
5.9412737
0.0
0.0
0.0
0.0
2.9706368
0.99021226
0.0
1.9804245
0.99021226
2.9706368
0.0
5.9412737
12.416198
2.6742544
0.9688221
0.9688221
6.7919774
0.0
0.87940776
0.87940776
0.0
1.7588155
0.8696425
2.6089275
0.0
5.2249613
0.43382713
0.3163694
1.3982143
0.0
2.0252578
0.0
0.0
1.3546793
1.383208
0.691604
1.383208
0.691604
2.074812
0.04557003
0.7927469
0.0
4.472452
0.74049807
0.6859794
1.8315473
0.8078596
0.10767212
0.05383606
0.14188461
0.56753844
0.77691096
0.0
1.905079
1.905079
0.0
0.63502634
1.5103385
0.0800953
0.0800953
0.40047652
0.0800953
0.0
0.0800953
0.0800953
0.0800953
0.3203812
0.2402859
0.4805718
0.1601906
1.8617498
0.9308749
0.9308749
2.7926247
0.9308749
0.0
0.4795646
0.0
0.0
10.705155
0.0
2.0856507
0.20590135
0.11325085
1.849501
0.0
0.0
0.20843372
0.20843372
0.83373487
0.83373487
0.41686743
0.0
0.6253011
0.41686743
0.0
0.0
0.0
0.0
0.20843372
1.2717748
2.571622
0.0
0.0
0.8572073
0.8572073
0.0
0.8572073
0.8572073
0.4250492
6.1389923
1.2776377
0.63881886
0.28463036
0.9976827
1.9953654
0.9976827
2.9930482
0.9976827
0.9976827
0.9976827
0.0
5.9380436
1.8992596
7.6096244
0.7609624
0.0
0.7609624
2.2828872
0.7609624
0.7609624
3.0438497
0.7609624
1.7309296
6.0271025
0.0
0.0
1.3351047
3.675941
0.0
0.61265683
0.61265683
0.0
0.61265683
0.61265683
0.0
0.61265683
1.6189444
0.50835776
1.0167155
0.50835776
2.622141
0.008784641
0.0
0.0
0.6489334
0.33183312
3.1891193
0.9319693
0.9319693
0.0
1.8639386
0.9319693
0.0
0.0
6.943125
0.86307347
0.0
0.86307347
0.6713164
1.1407402
0.5703701
0.0
1.1407402
0.0
0.62691283
3.761477
0.0
0.62691283
0.0
0.62691283
3.761477
0.62691283
3.761477
0.62691283
3.761477
2.7312803
0.0
0.42090526
0.0
1.8368093
0.9104807
0.45524034
0.0
1.2300758
0.4498867
0.22494335
0.84669846
0.042900372
9.923713
0.62023205
0.0
0.62023205
0.62023205
0.0
5.939799
0.0
1.5981746
0.7990873
0.0
0.7990873
0.0
0.17277004
0.34554008
0.0
0.0
0.611377
0.21930347
2.311792
0.0
0.5882992
1.1819355
0.59720695
0.59720695
0.59720695
3.5610335
0.79808587
0.0
0.0
0.79808587
0.79808587
0.3197894
3.908093
0.7568705
0.04211206
0.0
0.5950993
3.290905
6.7823296
4.443082
0.063977726
0.78613424
0.0
0.39306712
0.78613424
0.39306712
0.39306712
1.9412284
0.9084333
1.3626499
5.259756
2.0680032
0.69311726
0.84005594
0.0
2.5693724
0.0
3.7218385
0.4652298
0.4652298
2.8203928
4.0928016
0.10611365
0.0
0.53056824
6.725034
1.7982374
2.3717754
1.6612152
0.8706234
1.4464536
0.46454698
0.8361757
0.0
0.0
0.0
0.74325746
0.74325746
0.84479725
4.2239866
4.2239866
7.4958773
0.0
2.089864
1.3388216
0.9513051
14.782003
0.5474665
1.094933
0.5474665
0.5474665
0.5474665
1.094933
1.3550843
1.7788625
1.1859083
0.59295416
1.1859083
1.1859083
0.0
0.59295416
4.7436333
0.0
0.59295416
0.59295416
0.59295416
0.0
0.0
2.9647708
2.18767
0.26598966
0.08866322
5.860517
0.0
0.0
1.5431371
2.3147056
2.3147056
0.0
2.8074932
6.107774
0.67864156
2.0359247
5.595511
4.2176414
0.61829233
0.0
0.0
0.8075757
0.37856677
0.0
0.18928339
0.5678502
0.0
0.45380965
1.4743645
0.78330874
0.78330874
0.0
0.0
0.0
0.0
0.78330874
0.78330874
3.133235
0.78330874
2.3499262
0.78330874
0.0
4.69396
1.595223
1.6626761
0.59919417
0.59919417
0.59919417
0.0
2.3967767
0.8212123
0.6897887
2.8438587
0.0
0.1781531
0.1781531
0.0
0.1781531
0.1781531
0.0
0.50590205
0.0
0.06323776
0.37942654
0.12647551
0.12647551
0.06323776
0.06323776
0.75491905
0.6916813
1.3833627
0.9750792
0.1693113
0.1800084
0.98062474
0.49031237
0.0
2.9418743
0.0
0.49031237
9.070683
6.3391514
0.0
1.9933854
0.0
0.49834636
0.8044294
0.0
0.30608308
0.30608308
0.0
0.0
0.61216617
1.2243323
0.0
0.61216617
0.30608308
0.30608308
2.7547479
2.2694054
0.9816612
4.0859933
5.395069
0.89917815
0.89917815
0.6038316
3.019158
1.2076632
0.4179455
0.78043073
1.2652119
0.9235757
0.0
0.46178785
0.46178785
0.869337
0.21733426
0.3871779
0.23839706
0.0
0.23839706
0.0
0.47679412
0.47679412
0.0
0.56121624
0.044392094
0.0
0.0
0.008878419
0.9429814
1.4011545
0.0
0.934103
0.0
0.4670515
0.8185812
0.0
0.0
0.35152972
0.0
0.9810927
1.9621854
0.0
0.9810927
0.0
10.189126
0.3787621
0.43837756
0.43837756
0.0
0.43837756
1.5740306
0.0
3.486377
1.3945508
1.4769056
0.7796303
1.1694455
2.4033198
2.0687177
0.17773528
0.04443382
0.04443382
0.13330147
0.13330147
2.1407876
0.8920543
0.1827073
0.3654146
0.1827073
1.4113841
0.4723968
0.9447936
0.4723968
0.0
0.9447936
0.108668044
2.2762053
0.42961714
0.42961714
0.99883664
1.2890913
2.4876795
0.0
0.40852517
0.55418456
0.8298281
0.0
0.8298281
0.2329336
4.358103
3.9470022
0.0
2.9602516
0.98675054
1.9735011
1.9735011
1.7827356
0.0
1.0979683
1.6469525
4.9408574
0.78686816
1.5737363
3.934341
2.3476906
1.4714162
0.1362434
0.8174604
2.2758238
0.98254716
0.98254716
0.98254716
0.0
0.0
0.98254716
0.98254716
6.4610515
0.538421
5.9226303
0.0
1.076842
3.2057967
3.1810677
5.580043
2.8887992
0.64583904
0.64583904
0.0
7.104229
0.64583904
0.0
4.357008
0.0
0.5669404
3.968583
2.2677617
0.0
0.5669404
0.5669404
0.5669404
0.0
1.1338809
3.8971
0.9955895
0.9593045
2.8779135
1.918609
0.0
4.2942867
0.0
0.64150023
0.64150023
0.0
0.8977432
1.4835956
0.0
0.0
0.6155932
0.077183254
0.0
0.94914603
0.85684574
0.42842287
4.3318267
0.0
0.0
0.1142328
0.0
0.2284656
0.0
1.0793849
0.0
1.0793849
1.0793849
0.0
1.0793849
1.1531144
0.8636604
0.8636604
1.7273208
1.9177266
1.8973193
0.63243973
1.2648795
1.8973193
0.21081325
2.8201294
0.9364706
0.9364706
2.8213105
1.8808737
3.905961
0.8102865
0.8237965
0.0
5.9219527
1.7896774
1.0947822
1.1457819
0.41464093
0.41464093
0.41464093
0.41464093
1.2439228
0.0
0.41464093
0.82928187
0.82928187
0.41464093
1.4842713
1.309979
0.46805713
4.1816454
1.3568977
0.0
0.67844886
2.0353465
0.1760757
0.41825545
0.8365109
0.41825545
1.470735
8.551553
0.16607255
0.16607255
0.0
0.8505082
0.062072676
0.6304166
0.6304166
0.6304166
3.9634812
0.72654206
0.08188928
0.16377856
0.22837628
2.3045726
0.84974515
0.84974515
0.92508256
0.92508256
0.7021474
0.7021474
1.4042948
0.7021474
0.7021474
1.4042948
2.8085897
1.3938749
0.69172746
0.69172746
0.6599313
0.93061817
0.93061817
1.1010896
0.0
0.27479887
0.057275094
0.9897221
4.504165
0.54527676
0.54527676
0.54527676
0.0
1.9052539
1.5702022
0.0
0.7851011
1.1910496
1.7670588
0.0
0.847047
0.0
2.0753498
0.4234235
1.4271307
0.71356535
4.281392
0.0
4.406232
2.868956
0.32303247
1.0396099
4.58932
0.9826377
0.389489
1.0753273
0.88058275
1.7611655
0.88058275
3.7288032
0.24184589
0.0
0.8487127
0.8487127
0.0
1.5055175
0.0
5.226666
4.579249
0.970309
6.4120636
0.52017283
0.0
3.121037
4.6458125
0.0
1.1657162
1.5542881
1.1657162
0.38857204
0.0
1.7799534
0.82899976
0.27633324
0.0
0.27633324
0.0
0.0
0.82899976
0.5526665
0.5526665
0.82899976
0.27633324
1.9378018
0.5857911
0.6834539
3.4781203
0.8987838
0.19746909
0.06979234
0.06979234
0.0
1.5454583
7.083748
1.6662582
1.6662582
0.8331291
0.8331291
1.6662582
1.6662582
0.0
1.6662582
1.106261
0.27313194
1.0925277
0.0
0.5462639
2.326215
0.689036
1.6691124
0.8731214
3.6194
0.33334535
0.33334535
0.0
0.33334535
0.0
1.8756644
0.17989415
0.3313174
0.9706767
0.21311978
0.21311978
0.21311978
1.065599
0.0
1.8107903
2.3230388
0.73880565
1.4776113
1.1082084
2.2734988
1.3362887
0.35079503
0.0
0.70159006
1.0523851
3.7446423
7.2708654
1.8524356
6.008356
1.6053537
9.931492
13.593243
10.946516
1.4334073
1.9112097
0.47780243
7.323896
2.2846599
5.498339
2.9904754
0.99682516
1.9936503
0.0
4.808429
0.49378297
0.04443098
0.029620651
0.8763232
0.8763232
0.0
0.8763232
1.7526464
0.8763232
0.8763232
2.6289697
0.0
8.1088295
0.21131736
0.05282934
1.9612269
0.532414
0.532414
0.0
0.532414
3.7268982
0.532414
4.259312
0.9124987
0.30416623
0.60833246
0.79400444
0.48983818
0.97967637
0.0
0.80543715
2.8384786
0.40556237
0.012777664
0.019166496
0.48321965
2.1216702
0.9154552
0.786437
1.3167748
0.546035
1.09207
0.2730175
0.546035
2.3771715
0.0
4.8731384
2.1950707
3.4825487
1.1608496
1.7412744
1.1608496
1.1608496
7.077819
0.41032177
0.82064354
0.82064354
0.41032177
3.3443704
1.5850537
0.0
0.0
0.0
0.0
0.52835125
0.52835125
1.9113387
1.6191216
0.0
1.3269044
0.6634522
0.6634522
0.77702236
0.77702236
0.77702236
0.77702236
0.0
2.2790735
0.10357553
3.6191497
2.6028993
1.6117241
2.4147654
1.6098436
0.0
1.6098436
2.4147654
1.6098436
3.7712436
2.2062259
0.55155647
3.9122899
0.43296614
3.788411
0.9471027
1.8942055
8.523925
0.9471027
0.35954255
1.0968087
0.0
0.91703737
2.751112
3.6681495
0.91703737
1.8340747
0.98701245
2.641882
0.5521528
4.019162
3.4670095
4.4538755
0.25741503
0.38612252
0.25741503
0.0
2.152212
0.80108833
0.80108833
0.0
1.7807703
1.5530164
0.9851882
1.7106713
0.0
0.85533565
2.5934024
1.7235379
0.859879
0.0
2.3748968
0.0
0.39581612
0.0
0.39581612
1.9790807
4.353977
1.2111659
0.4195337
1.9581687
0.76931757
0.0
7.400809
0.802009
0.802009
1.604018
0.0
1.2617816
0.91954505
0.22988626
0.45977253
0.68965876
0.0
0.22988626
0.0
0.22988626
0.22988626
0.37199497
0.6154488
0.0
0.6154488
3.6926928
3.6926928
2.7868972
6.5523577
4.1467443
0.6390272
2.5561087
0.6390272
1.935308
0.04385236
0.0
0.04385236
5.6211166
0.0
0.88878983
0.88878983
1.9665017
0.06297403
0.06297403
0.17335103
0.74522996
1.4904599
0.7642342
2.6018448
0.29348707
0.0
0.0
2.2670069
0.75566894
0.0
0.75566894
0.75566894
0.75566894
0.0
1.4168621
3.8397045
0.4392033
1.9002423
0.776236
0.85507584
1.4738395
1.940125
1.2406304
0.0
0.113738745
0.0
0.56869376
0.22747749
0.22747749
0.0
0.113738745
0.0
3.3851624
2.2920723
0.89051723
0.05720389
0.5812447
0.5240408
0.0
0.0
0.5240408
2.0961633
1.0480816
1.0480816
0.0
0.0
1.3350217
0.40549046
10.318754
2.6104617
0.0
5.413192
0.0
0.2595261
0.62885106
0.45977274
0.45977274
0.45977274
10.98976
1.7943054
1.7943054
5.4612103
7.6168184
3.687603
0.9654735
0.79595655
3.1838262
7.8480425
5.226247
0.0
0.98606867
0.49303433
1.8324192
0.0
0.21033753
0.21033753
0.84135014
0.0
1.2620252
0.21033753
0.11320057
0.025958732
0.0
0.7209093
1.5874094
2.0984144
5.641923
4.766517
4.4688005
0.0
0.39291707
5.744939
1.5845456
7.314439
0.0
4.3598347
0.0
2.8617005
0.0
3.7428684
0.0
0.0
0.0
0.9268178
2.9106278
0.9919051
1.6788988
17.51327
0.92471546
3.8005128
3.3717732
1.6083677
4.4278746
0.466726
0.466726
0.466726
0.0
5.4983554
0.28807744
1.1911838
0.0
2.3903594
0.008448869
0.008448869
0.008448869
3.3489852
0.846199
1.692398
2.5385969
0.846199
1.6554244
0.8277122
3.3108487
8.277122
1.6554244
0.8277122
4.7506723
1.3687958
0.0
3.0923212
1.6166376
0.20482826
0.0
1.3296485
5.8834114
1.0367451
0.0
4.37617
2.0372999
0.32569447
0.90213454
2.9571493
0.9003658
0.46228984
6.4611406
2.939698
0.8919964
0.82480395
0.82480395
0.82480395
0.82480395
0.0
5.186177
4.168815
1.7569695
1.922134
1.1597059
0.3865686
0.0
2.554847
4.886087
1.6286956
5.7004347
1.9633422
0.9816711
4.627123
3.6701455
0.80518234
1.6103647
0.0
0.80518234
0.31764844
0.63563406
0.31781703
0.0
0.9534511
0.0
0.63563406
0.9534511
0.550039
1.803308
1.3388641
1.3388641
3.5703044
0.44628805
0.44628805
0.8925761
2.0944042
0.0
0.56662375
5.476674
0.72500336
2.9000134
0.9752259
0.25022253
0.25022253
1.6792089
0.86955214
3.6039782
0.87421745
9.561249
0.0
0.15879852
1.1084523
0.61080587
0.036858834
0.036858834
0.036858834
0.609695
0.0
1.4263766
0.85354036
0.85354036
0.0
0.85354036
0.85354036
0.0
0.31664577
0.31664577
0.7766003
4.7685823
4.4047117
1.5686476
2.916873
0.0
0.26180112
0.04974229
1.4978755
0.40174335
0.40174335
0.8177411
0.007127186
0.007127186
0.014254372
0.007127186
0.007127186
0.0
0.014254372
0.014254372
0.014254372
0.0
0.014254372
0.014254372
0.007127186
8.636692
2.2722175
11.341519
0.39132074
0.19566037
3.4179683
0.057923038
0.0
0.0
0.057923038
2.5495415
0.31954655
0.15977328
0.0
0.0
3.622396
1.811198
0.905599
5.4335938
1.9533007
0.0
0.42630807
1.1301717
0.65474397
0.16368599
0.081842996
0.16368599
0.16368599
0.081842996
0.081842996
0.0
7.3328404
1.8875057
1.2410903
0.20662963
2.7467985
1.693446
0.846723
0.846723
0.39981887
0.39981887
0.79963773
0.0
0.39981887
2.3989131
1.9990942
1.3712575
0.18333453
0.0
4.4095597
1.6012521
1.1505386
0.6844403
0.6844403
1.3812565
4.808363
2.1929774
0.65641046
1.9692314
1.3128209
1.3128209
0.65641046
0.65641046
0.0
2.924375
0.0
6.375342
0.0
1.7176563
6.294488
3.421988
1.9768398
2.2051783
1.9044092
0.5339007
1.0678014
0.5339007
0.5339007
1.0678014
0.17535408
0.48350722
1.2335049
3.163858
1.9779353
0.0
1.7150177
2.2076716
6.7418947
0.0
5.553067
1.535852
2.2804115
5.2313604
0.0
1.3215324
1.0492258
0.09367651
0.88490814
0.37121627
0.0
0.37121627
0.5568244
0.18560813
0.18560813
2.2272975
0.0
0.5828949
1.6472642
0.0
0.5018912
1.2567383
1.0723141
0.7524491
0.0
1.3000683
5.718401
0.0
1.9185405
0.6395135
3.5436442
0.7153875
2.659999
1.9446113
1.9446113
0.97230566
0.97230566
0.97230566
6.8061395
6.0196505
1.5887058
7.0428267
0.2785282
0.83558464
1.3926411
0.5390209
0.0
0.5390209
2.0918515
0.0
1.7725558
0.9526019
3.8101583
0.0
1.3807001
8.630022
1.7914138
0.7717556
0.0
1.6923736
2.6199677
1.7466451
2.99961
1.9383439
1.9383439
0.0
4.8458595
0.96917194
1.9383439
0.0
12.599236
2.9075158
0.0
1.9383439
8.127311
0.44363764
2.25891
0.49303016
0.0
2.0928595
4.668328
0.0
4.7791643
0.0
0.0
0.9558329
1.2436384
0.6218192
0.6218192
0.6218192
0.6218192
0.34143293
0.68286586
0.0
0.0
0.0
0.131884
0.77561706
0.7996806
0.2665602
0.2665602
0.2665602
0.0
0.2665602
0.5331204
0.5846846
0.8973129
2.1438813
0.44750267
0.0
0.44750267
1.3425081
0.89500535
0.44750267
0.89500535
0.44750267
0.0
0.0
1.3425081
7.908371
0.1990109
0.3920839
0.0
14.255053
3.2182617
1.0727539
0.53637695
0.53637695
0.0
1.8047347
1.383856
0.082246125
2.509009
0.2467597
0.0
0.36986718
5.9489126
1.1662152
0.06591122
0.0
0.09886683
0.16477805
0.06591122
0.06591122
0.26364487
0.06591122
2.3997283
0.022838216
0.022838216
0.3425733
0.068514645
0.022838216
0.022838216
0.022838216
1.8837204
0.0
1.2101371
0.60506856
0.0
2.3529587
0.87394506
0.7819112
0.0
7.037201
9.987503
0.028575258
0.028575258
0.1428763
0.21661744
0.94021094
0.0
0.0
4.5254154
1.2839582
1.0323081
0.45918077
0.95918655
1.4387798
0.9144006
0.0
0.7631092
2.8771832
0.0
0.2615621
1.4694713
1.0792928
1.2979491
1.2979491
1.3715343
2.816654
1.8777694
1.8777694
1.9390208
1.0001361
1.6459221
2.7720847
0.2772794
0.2772794
0.0
9.45817
1.7985663
0.0
0.0
2.6978495
2.2845445
2.4505267
1.5572274
0.5190758
0.0
0.0
2.0763032
0.0
0.8485236
0.0
0.0
1.0030414
0.839576
1.3703332
0.0
0.5307571
2.3529592
0.76068777
2.0475712
0.37224853
0.3283855
1.6419275
0.0
0.656771
0.3283855
0.3283855
0.0
0.656771
0.3283855
0.6470871
0.6470871
0.6470871
0.0
0.12556121
0.12556121
0.46057382
0.0
1.1217629
0.7189399
0.6446518
0.0
0.6446518
1.2229414
1.7348689
0.5782896
1.9036846
1.3471823
0.3702355
0.0
0.3702355
1.0666226
0.0
0.6963871
0.6963871
0.0
1.5898477
1.5898477
0.79492384
2.3847716
0.8517082
0.113568634
0.0
0.22713727
0.0
0.0
0.056784317
0.056784317
0.17035295
0.113568634
0.056784317
0.056784317
0.056784317
0.2839216
0.0
0.056784317
0.20108227
0.08751364
0.036429293
0.07285859
0.24789803
0.9836648
0.17751071
6.5175023
7.1884875
0.0
1.5387231
0.0
4.892938
0.50407696
3.5193934
0.622788
1.4641572
1.7384927
0.0
0.6092878
1.8278635
3.0464392
0.0
0.6092878
0.30430672
0.30430672
0.30309233
0.15154617
0.0
0.07577308
0.15154617
0.07577308
0.07577308
0.0
0.4638159
0.0
0.0
0.72627497
3.2614455
0.28472576
3.932798
0.73595774
2.0768285
12.400796
0.0
0.13864094
3.1050775
1.2411418
0.0
0.0
0.0
1.2411418
5.0574293
2.8446712
0.9395788
0.0
0.0
5.977516
2.9020503
5.8041005
0.96735007
8.620522
0.44086066
1.8703222
0.54774016
1.4562372
2.1843557
1.4562372
0.9456633
0.0
0.47283164
1.7616789
0.95729226
0.14127661
0.90682936
0.71217924
1.261601
0.0
0.0
3.1540024
2.2693887
0.37823147
1.7121174
0.7714054
0.7714054
0.5399398
5.3436584
0.0
0.36133093
0.36133093
0.0
1.0839927
2.870309
3.1683595
0.6866581
0.0
0.0
1.9318852
1.117138
0.558569
0.558569
0.558569
2.234276
1.117138
0.558569
0.0
1.6757071
0.0
0.0
2.3910747
1.9109051
1.2739367
0.6369684
0.0
1.9109051
0.81554604
0.0
1.4630349
7.315174
0.79536015
0.0
0.79536015
4.107072
1.4061251
0.29254675
0.0
0.10807131
0.021614263
0.0
0.7114735
0.0
0.24038418
0.24038418
0.0
0.7740132
3.9696496
1.3830714
2.0746071
1.3830714
0.0
1.1866261
0.4950904
0.0
0.0
3.470613
1.8496796
0.0
0.0
2.7745194
4.624199
0.9248398
0.9248398
0.6068381
5.4028316
0.75421226
0.80102015
1.2717421
1.1863376
1.9188379
1.9188379
0.0
0.95941895
0.04700062
0.04700062
0.04700062
0.0
0.04700062
0.02350031
0.02350031
0.02350031
0.07050093
0.31705663
7.1714687
5.142316
0.6233834
3.021124
13.252081
0.5081361
0.91284746
2.7385423
2.9300656
0.21936847
0.21936847
0.43873695
0.10968424
0.34229577
0.019347424
0.0
0.34564322
0.34564322
1.9138278
0.3911294
0.0
2.5262446
3.0156736
0.5995423
0.19984744
6.8892183
1.9974395
0.13104641
0.08736428
0.13334426
0.045979984
1.4491336
0.06707994
0.39448294
2.4802628
10.682657
0.30294546
0.4636258
1.0215161
0.0
0.76076233
0.7294132
2.0129902
3.1913476
1.7272794
1.1515197
3.0057144
2.9642878
0.9880959
14.47595
0.7718068
1.5436136
0.9879766
0.9879766
0.15577535
0.3115507
4.087173
11.594625
0.0
1.8514879
1.2343253
3.085813
0.0
1.4484136
1.6625019
1.6625019
0.83125097
3.3250039
3.2231421
0.0
1.4587787
0.71659935
0.3109216
0.57774943
2.3109977
1.2486802
0.31217006
2.9244561
0.50609434
0.0
0.50609434
1.518283
3.7409687
2.3692315
0.78974384
0.78974384
6.3179507
2.3692315
5.528207
0.0
3.1589754
0.78974384
0.78974384
0.0
0.0
2.3692315
0.0
1.5794877
0.0
0.0
2.3692315
3.5540395
1.7604055
3.3027751
0.6621668
1.3243335
3.61672
0.48402643
1.6617888
2.356166
0.32923344
0.0
1.8734558
0.0
0.2197999
0.10576076
0.3172823
0.10576076
0.10576076
1.0204315
0.91467077
0.3044328
0.3044328
3.271277
2.3534076
0.4837443
1.8028796
0.0
3.9371316
2.4911513
0.23452252
0.23452252
0.0
3.5248265
0.0
0.9077693
1.361654
0.0
0.45388466
0.0
0.9077693
1.8155386
0.9077693
3.6302483
0.76133895
0.9804189
0.0
0.7045236
1.4090472
1.4090472
0.4663518
0.4663518
0.75011
0.10446544
0.0
0.10446544
0.10446544
1.5475686
6.2534466
0.4810344
5.5169787
1.2047498
0.0
0.0
2.6887245
0.5711977
1.1423954
0.5711977
1.1423954
0.0
0.5711977
7.459366
0.0
0.39552045
1.5820818
3.559684
2.55804
0.9175874
1.6108872
0.81505823
0.58779013
0.0
5.770233
0.0
2.8525217
2.9596658
0.0
0.377001
0.0
2.8083887
16.399464
1.3374041
1.7163163
0.0
0.12630406
0.5879903
1.5545592
0.5262643
0.0
1.0525286
0.8839704
0.0
0.4419852
0.2209926
0.7458344
0.7458344
0.7458344
0.0
0.0
0.7458344
0.10298024
0.034326747
0.0
0.034326747
0.6573244
0.21181294
0.21181294
0.0
0.4236259
0.21181294
0.0
0.7112683
4.936328
0.48446405
0.48446405
0.24223202
0.7266961
1.9844167
2.613277
1.7421846
2.118443
0.4460578
0.33519387
0.18536715
1.5678055
0.5209114
0.78136706
1.0418228
0.2604557
0.2604557
0.9878218
1.8676418
0.9338209
1.2198
1.2210909
0.183133
1.5707585
0.86814994
0.86814994
3.680601
0.5319012
2.6595058
1.0638024
1.0638024
1.0638024
4.0762477
0.41197798
0.82395595
0.0
0.43319586
0.43319586
17.647774
0.0
3.2240634
0.06964664
2.463867
3.832893
8.49144
0.94349325
0.20831282
1.249877
0.0
1.0415641
0.41662565
0.41662565
0.6249385
0.0
0.20831282
0.20831282
0.8332513
0.20831282
0.6249385
3.3483796
1.3631147
0.0009555625
0.0
0.0
0.0009555625
0.00047778126
0.001911125
0.0
0.00047778126
0.001911125
0.0023889062
0.00047778126
0.0009555625
0.00047778126
0.0009555625
0.0
0.00047778126
0.0009555625
1.1685644
1.7528467
0.5842822
2.4417963
3.6652055
0.0
1.8326027
5.153192
3.0570447
0.61140895
1.3351028
1.3725557
2.421874
2.6595187
0.8865062
2.6595187
0.8865062
1.2236737
0.0
0.33716753
0.33716753
0.0
0.0
0.0
0.06590745
0.33622068
0.54062647
0.27031323
2.7443404
0.64957696
1.2991539
2.5983078
0.64957696
1.948731
2.9817765
1.5547997
8.19956
0.52057326
0.52057326
2.8202682
0.08575897
0.21343969
0.42687938
0.42687938
0.21343969
0.21343969
4.133105
5.214777
3.2085018
0.0
0.6417003
4.532581
0.6770034
0.050266776
0.0
0.025133388
0.050266776
0.0
0.025133388
3.8407364
0.0
0.6500768
1.9854718
0.7360368
4.4162207
0.7360368
4.4162207
5.6722736
0.8660408
1.7320817
6.0782895
0.21964052
0.93679047
0.1983724
0.9612127
0.1907734
2.4187274
1.1612382
3.4525623
0.47395056
0.47395056
1.417219
1.9779942
0.36672568
3.7202954
0.22061825
0.22061825
0.110309124
0.22061825
1.2057881
0.0
1.6823983
0.84257793
0.84257793
0.84257793
1.9869244
0.66230816
1.3246163
1.6226758
2.8811028
10.0197115
1.7149091
0.85745454
2.4128687
2.093879
4.6093407
1.3037937
0.0
1.1590652
2.2779574
0.63181037
0.0
6.043442
1.1015376
5.0791807
2.4973257
1.0767071
0.48853043
0.49867597
6.7678523
2.597652
0.70613873
0.35306937
0.70613873
1.0592082
0.35306937
0.6639085
5.0437217
0.70510894
0.44330359
0.7308731
1.4617462
0.7308731
1.5563248
0.35952744
0.17976372
0.91700214
0.91700214
0.0
1.8340043
0.91700214
1.8340043
8.56646
5.34141
0.13946563
0.09297709
1.6001407
1.719156
0.0
3.7317295
0.8558922
11.887335
0.0
0.0
2.3105814
0.0
0.96555394
0.48134243
0.0
2.2261348
3.9105375
0.7821075
5.4747524
2.4585533
0.89433825
0.0
0.89433825
0.89433825
0.89433825
1.7886765
0.89433825
0.89433825
0.0
1.7886765
3.0815306
2.8818648
1.4409324
0.7204662
1.6435347
0.0
0.4052047
3.4442403
0.0
0.20260236
1.393214
0.32933643
1.6466823
0.32933643
0.65867287
0.6228738
0.0949901
0.04749505
0.72006625
0.72006625
2.1601987
1.4401325
0.72006625
1.5193737
0.79930735
0.0
2.834282
0.9447607
0.044361103
0.0
0.044361103
0.7774827
0.48187163
1.4456149
0.48187163
1.4456149
1.7740555
0.0
1.3532686
0.15261596
1.2035248
1.05661
0.528305
0.528305
0.528305
0.99636644
1.4041843
0.46806145
3.1183262
3.8190143
12.668673
2.9565272
1.9275275
5.7825828
0.9637638
1.6891005
1.406189
0.0
1.684916
1.9083701
0.0
0.21204776
0.01927707
2.9189334
0.57993126
0.57993126
3.709921
0.62522644
0.62522644
1.2504529
0.5946876
0.79277974
1.9809217
0.59427655
0.87733626
0.0
0.0
0.0
5.03841
2.1778946
1.4519298
0.7259649
0.0
19.306248
0.23733655
0.0
0.4746731
0.0
1.1708778
2.8006237
1.1066662
1.6488702
2.7027724
0.6917025
0.0
0.7279573
0.0
0.3333622
0.6667244
0.81456244
0.40728122
0.678802
0.95032287
0.678802
1.2218437
0.0
0.27152082
0.13576041
0.13576041
0.13576041
0.597468
1.6997668
1.5527031
2.9556365
11.471999
0.4466811
3.1267676
0.4466811
0.8933622
0.4466811
1.3400433
0.4466811
1.3400433
0.8933622
0.4466811
2.2334056
0.50201845
3.6430933
1.7870477
3.5740955
1.7870477
2.6805716
2.6805716
3.1207304
0.74884754
1.0449456
0.17620076
0.0
0.0
2.1696758
0.6644917
1.4228051
0.5810606
0.46954754
0.35561377
3.4992437
0.0
1.0497732
0.6998488
0.0
0.42634577
0.92164403
2.6627386
5.859537
1.0215421
4.348879
9.117081
1.7175941
1.1450628
2.2901256
0.5725314
0.5725314
5.0396786
0.5785892
1.2774942
0.24063154
0.2521475
1.2607374
0.0
7.1901617
4.7189546
3.5009363
3.6598713
0.6305455
0.6305455
0.31527275
2.2069092
1.0865072
0.3382163
0.4503268
0.9006536
0.0
0.4503268
0.9006536
2.7019608
0.0
2.2661726
11.69486
0.36358064
0.36358064
3.0248024
0.9476707
1.8447239
0.90822667
4.628223
0.35147125
0.48545417
0.12685372
0.08456915
0.042284574
0.12685372
0.0
0.21142286
0.042284574
1.0109489
0.9686644
0.4843322
0.4843322
0.9686644
1.4529966
2.421661
0.0
0.4843322
9.7645035
3.16183
9.110599
0.74658495
0.43639666
0.43639666
2.8692951
0.6655005
1.9965016
0.6655005
1.9965016
1.331001
0.6655005
0.6655005
10.393574
0.73713964
0.0
1.4742793
0.73713964
0.8230352
0.14804196
0.0
0.0
0.96503055
0.21498238
1.4935967
2.240395
1.4935967
2.9871933
0.74679834
8.175241
1.7508851
0.2327593
0.2327593
0.2327593
6.8145676
2.2915173
2.2915173
0.0
3.3420322
13.624242
1.6525223
0.971826
0.0
3.9703693
1.5881478
0.7940739
0.7940739
6.352591
2.3822217
0.12026518
3.272182
1.8763411
0.7187975
0.7187975
1.1124763
0.7407558
1.4815116
0.7407558
2.2222674
5.1852903
0.7407558
3.143568
1.6761699
1.6787728
0.41926366
5.507042
0.8424525
0.612905
0.0
0.7650127
0.6117864
5.2177043
0.9774442
0.8541132
1.0863429
0.52533144
0.26266572
0.26266572
1.3623899
0.05398493
5.524495
0.7737893
3.9238513
3.3147764
0.8286941
0.8286941
0.8286941
4.143471
2.4860823
0.8286941
10.38308
2.7463279
0.093139015
0.37255606
2.4631717
9.236895
1.2315859
3.0789647
0.61579293
1.2315859
0.61579293
0.8818881
0.7489058
0.33212033
1.3932369
0.44079947
11.68971
0.44242814
0.5979975
0.37678343
4.347393
0.21258035
0.20939603
0.0
0.76925087
0.0
2.3293839
1.2719388
0.0
2.5036216
1.0468235
0.33150315
5.8316035
0.0
0.80368173
3.214727
6.429454
8.275205
6.12123
0.92914504
2.3228626
8.104221
0.08325772
0.4162886
0.0
4.508644
2.1114182
8.925074
1.0568129
0.9569812
0.786819
0.98257947
0.49128973
1.4738692
0.49128973
0.49128973
0.49128973
0.49128973
2.8638322
0.0
3.818443
0.95461076
2.6437933
0.36154845
0.7950893
4.642775
2.2743478
0.56858695
1.0036609
14.66477
0.54171956
0.48430213
2.7617617
0.92058724
0.92058724
1.8411745
5.5235233
6.227953
1.3842539
0.0
0.482671
1.107529
2.8144639
2.4842722
0.18544643
3.8768406
1.7049499
0.8802618
1.6784434
0.79818165
0.8203111
0.8203111
1.6406223
1.3586035
0.37563288
1.1053835
1.4595013
0.0
1.4595013
0.72975063
0.72975063
2.9190025
0.21833244
0.02425916
0.09703664
0.04851832
3.2886686
2.4428763
0.81429213
1.7529849
0.39061373
0.28513753
0.0012114942
0.0
0.0
0.0012114942
0.2610367
0.6525917
0.15673819
0.56884944
0.057037197
0.17111158
8.754406
0.9410245
0.62726504
0.0
1.2545301
0.00849573
1.9071518
0.6612308
0.0
8.351424
2.313675
1.23086
0.57988805
0.57988805
0.57988805
0.7443639
0.78972155
0.13181798
1.4108759
0.57361996
0.57361996
1.7582784
0.33847386
0.16923693
0.16923693
4.4600773
2.1407752
0.42815503
1.2844651
0.5084216
0.3800751
1.7988513
0.29980853
0.29980853
0.0
0.0
0.0
1.1992341
0.09942604
0.29827812
0.0
0.0109927375
0.0109927375
0.7362132
0.7362132
2.2086396
1.1043198
1.1043198
2.2967954
2.129119
6.016004
2.5782857
1.1892102
0.39640337
0.39640337
1.1233089
6.1781993
2.5542254
1.8050007
1.4168919
1.1172606
0.62678355
3.9770198
0.28220338
0.062897645
0.020965882
0.041931763
2.5722814
0.42172495
0.42172495
0.8434499
0.0
0.8434499
1.2651749
0.6776348
0.6776348
1.5042284
0.884554
6.687046
3.9088814
3.8012602
1.0547276
0.41644454
7.8536415
6.4886713
3.776473
3.776473
0.94411826
2.9977965
0.0
0.0
0.0
0.80026674
0.80026674
1.3703688
1.8271585
0.0
2.7407377
4.1111064
3.6740117
0.46663707
0.46663707
3.7886312
2.4538136
0.37487847
0.37487847
1.34132
0.0
1.1117514
1.6107001
0.5852739
0.39120436
0.23472261
0.23472261
0.23472261
0.07824087
0.07824087
0.5476861
4.578308
0.88436526
3.5686798
0.6765279
0.6765279
3.5696318
0.9481342
3.1854463
0.5743515
0.5743515
0.5743515
1.0402015
2.080403
0.5201008
3.3600245
1.4072721
1.4072721
0.8568064
0.2059955
1.3655584
0.38178572
0.19089286
9.839975
1.6773107
0.76026887
1.1404033
2.0839443
2.1124883
0.687306
1.374612
0.0
2.749224
2.8402355
9.095206
2.7106695
0.0
1.900054
0.30603978
0.7982957
0.5223389
2.6933222
1.3461744
2.4225297
0.8075099
0.8075099
0.40375495
0.8075099
3.9393883
0.0
1.8187491
0.17250861
0.27178517
0.0
1.7796863
0.0
1.8239441
1.2983406
0.032951076
0.016475538
3.1079507
0.91440624
3.360268
0.099591024
0.13918103
0.4175431
2.898706
2.6252184
0.49234983
0.49234983
2.954099
0.98469967
1.9693993
0.0
7.7865877
0.78869224
1.5091033
3.0283196
0.7570799
5.591263
0.0
3.844574
1.922287
1.922287
0.9611435
0.9611435
4.8057175
0.0
2.8834305
1.922287
0.9611435
5.766861
4.8057175
2.8834305
3.844574
0.0
1.922287
2.8610294
2.8610294
4.768382
1.9073529
1.9073529
0.0
4.768382
0.66976464
0.6611396
6.235281
1.4739006
6.201977
0.9776756
1.6105449
4.3025155
1.3836849
1.7828462
1.2510376
0.41701254
2.0850627
0.22620179
0.22620179
13.813974
3.9829261
0.10064932
0.91687495
0.7904711
0.42808226
0.0
1.1508656
10.688793
0.9812261
1.9624522
2.9436784
4.5635605
0.7238276
0.7238276
2.1714828
1.0857414
0.0029946745
4.2569036
1.0123253
0.0
2.7137158
2.3091846
12.859604
0.9360268
0.15022013
0.22105631
0.07083618
2.3939648
0.8602534
0.8602534
3.4410136
1.2933457
0.8084428
3.8816845
0.0
2.3474
0.2920124
0.5840248
0.0
8.580118
0.0
1.1816549
0.0
3.947609
0.43303394
2.732647
0.5749032
1.1498064
1.9242556
6.290654
1.6012853
7.372632
0.2502723
0.2502723
12.401983
0.85114884
3.8431106
2.3231583
0.77438605
0.77438605
4.6463165
0.0
4.6463165
1.5487721
8.518246
2.6478004
2.6478004
1.8351603
0.81795675
0.98357487
0.0
1.1723434
0.5861717
0.0
2.9195962
0.5069601
1.0139202
0.3569126
0.7138252
9.849142
6.3288136
0.28696275
1.147851
0.28696275
0.28696275
0.28696275
0.86088824
2.3693779
0.69413835
1.3882767
0.69413835
0.69413835
0.97223073
1.9444615
4.8611536
0.9694977
1.9389954
1.628537
20.418694
3.0220912
2.2488148
4.7592716
1.1537793
1.1537793
2.2746093
0.7527116
0.6557931
1.2507907
1.7641094
1.6042156
1.4476389
4.803322
12.454288
0.41350254
1.2405076
0.6347899
0.44257468
1.2845917
1.4176713
3.6227531
0.13773538
0.38327917
0.0
3.4235673
0.9394984
6.221546
2.4796875
0.34158182
0.68316364
0.34158182
0.20582546
0.41165093
0.82330185
0.41165093
1.372162
0.25156188
0.7389858
0.79679114
0.79679114
0.9536538
0.0
0.95938575
2.5542498
2.3036244
3.071499
8.446623
0.93815976
1.5605612
2.2566438
5.400077
9.297044
13.581303
2.6381817
0.0
0.17849126
0.17849126
8.340777
1.7824808
8.642672
1.8596197
0.0
3.7192395
2.6155546
2.7746172
1.4160627
9.8857155
0.87899107
0.87899107
0.87899107
0.87899107
0.3878794
0.3878794
0.3878794
0.3315439
0.9724915
0.7931916
0.7931916
1.5863832
0.7931916
0.7931916
0.7931916
1.5863832
3.965958
1.5863832
5.5523415
5.8186274
0.0
0.0
0.45305339
11.421207
0.36040482
0.0
0.36040482
0.8831345
2.4283214
2.1902742
6.0631847
2.7802253
2.8438632
10.224457
0.7864967
2.3594902
5.580126
6.473148
0.92926794
0.44542024
0.22271012
0.0
0.0
1.905925
0.06985838
0.81471235
0.46062258
1.3818678
0.46062258
4.3028955
0.8255858
8.167526
2.1840174
0.27300218
3.976169
0.7706939
0.0
4.956851
0.32937098
3.1113286
0.46023968
4.1355057
1.4096835
0.0
0.7297045
10.827785
0.0
0.83106434
3.747642
0.0
0.8341554
0.4170777
14.058109
1.7066488
3.0079045
0.0
0.44793126
0.26113117
0.7833935
0.13056558
0.13056558
0.13056558
2.2407804
1.1979692
0.763653
1.7083658
0.62980855
0.31490427
0.7211052
6.1096964
1.5204368
0.62223643
1.3471732
0.3081012
2.2962325
3.6041455
0.0
0.9391356
1.8782712
2.6987717
4.8522034
0.07276548
0.21829644
0.07276548
0.75401145
2.4653306
0.24118574
3.6944547
0.8111049
4.3623247
3.9864168
7.3265705
8.083585
0.99144065
0.16239682
0.16239682
3.596148
1.2784827
0.0
0.39892948
0.1533395
0.74007696
2.486347
0.71207166
3.8447137
0.7173554
1.982224
1.6851397
0.89326406
0.44663203
1.5163741
0.0
1.1786226
0.41854808
6.169349
0.8301973
0.8301973
0.0
4.8863993
0.31344947
2.6948528
2.3027961
1.727097
1.9197348
1.6506841
2.898993
1.8833209
0.27092257
0.0
0.27092257
0.18371685
0.5871644
0.9520944
1.0263321
4.354887
0.0
0.7093746
1.7260811
3.1068416
0.3914987
0.26099914
0.5219983
14.730705
0.6311049
1.5362623
1.176669
0.7474203
1.843941
0.0
1.0473012
1.069624
2.5459595
0.43201607
2.4697018
1.8561661
2.0545719
0.0
2.7394292
0.0
1.0510734
0.7324322
2.501041
1.4323709
0.12982818
0.06491409
0.12982818
0.83768225
0.9692749
0.1310045
0.76988727
1.4087701
2.1117413
0.12880994
0.8103659
0.340778
0.681556
0.0
0.0
0.0
0.41155195
0.8231039
0.8231039
0.0
0.41155195
0.41155195
0.41155195
0.41155195
2.7439907
0.5054292
1.5869955
0.5289985
1.5869955
0.5289985
7.597521
0.8170011
2.4510033
8.1700115
0.78053474
0.78053474
0.0
0.78053474
8.155954
0.83823645
1.1033201
0.29043406
0.0
0.29043406
0.5808681
1.3069533
0.14521703
1.964314
1.9022694
4.064593
0.23515697
1.594116
0.797058
0.47391945
4.4450884
3.7816014
3.9013457
0.35835448
0.35835448
0.4625126
6.687598
0.0
0.46811682
0.31207788
4.357936
2.0511107
1.3674072
1.6626617
0.7381363
1.52476
0.76238
2.28714
3.3101692
1.6985261
0.8492631
0.0
2.425623
3.3945227
10.380316
4.219132
3.7018821
0.0
0.7825747
2.8229945
4.9678044
0.86395323
0.38058847
0.37041634
0.4630204
0.18520817
2.241726
0.7811843
0.055160537
0.19834104
0.39668208
0.037087794
0.2721149
0.9693083
0.5384312
3.7798996
0.91280997
0.30427
2.143995
3.0405805
0.7021636
1.702924
0.35440582
0.35440582
1.0632174
0.35440582
1.4176233
0.35440582
0.0
0.36179525
0.12746423
1.3423707
3.7822847
3.7516184
1.9129144
1.4346858
2.3507795
1.3307818
0.0
0.6336207
0.950431
0.950431
1.2672414
1.2672414
0.91316676
1.4962025
0.0
2.2157736
0.7385912
0.7385912
3.646953
0.7293906
1.4587812
1.4276302
3.2864316
1.7195846
11.939387
2.1652386
0.0
0.54130965
0.54130965
6.5244627
1.5171759
1.0114506
0.6242934
0.8229528
1.9064001
2.1204014
2.3655558
0.1321645
2.2397573
0.120831385
0.61474985
12.993404
5.1710377
0.20101672
0.9244667
0.25909874
0.25909874
0.37867114
0.059786204
0.0
0.5469693
0.2761214
0.5522428
4.7846255
0.44941813
6.2421494
1.1433953
1.5234344
0.44655538
6.7008314
2.42264
0.17862344
0.17862344
0.2952088
0.87853813
0.627246
0.627246
1.8817381
7.828142
1.7180321
1.5320117
2.2980175
0.0
1.271586
0.6403844
1.0687078
0.74851567
0.88026243
6.248536
0.4368474
0.83729887
0.800903
3.1252565
4.645136
13.182248
3.0238736
4.899797
1.9025702
0.3426917
1.3707668
0.51403755
0.17134584
0.6853834
1.4289811
5.711616
1.5414507
1.0276338
2.4320672
5.451597
1.2887082
0.82390106
0.99252546
1.0709772
0.7373567
2.3861701
4.1894503
1.4345235
0.257381
0.5368613
1.7005072
0.28602335
0.76458627
9.0
0.44208813
0.024580266
0.030725332
0.018435199
1.8149687
0.0
3.371416
1.4522688
1.5053799
0.22284363
0.6685309
0.6685309
0.22284363
0.07791405
0.39511997
3.0898285
4.456584
4.1396275
7.8729057
0.8188379
0.8188379
0.8188379
2.4565136
0.9890934
3.4821968
4.2408867
2.7762294
0.9820453
0.7927795
0.7927795
1.7257891
0.9330096
0.35848504
0.35848504
0.35848504
0.5377276
0.35848504
1.0754552
0.5377276
0.17924252
12.858442
2.3922389
1.0871242
4.602957
0.23460738
0.6650911
0.8609674
0.5900509
0.15956719
1.238001
0.28059778
1.1223911
0.28059778
0.28059778
0.28059778
3.6544583
1.330328
1.7987043
0.89935213
4.297739
0.18310131
0.18310131
0.18310131
0.34244794
2.9376357
0.0
0.3592796
0.0
0.1796398
0.41737846
0.0
1.5680175
0.33717093
1.1800983
0.16858546
0.92898834
3.3851204
0.61984944
1.832665
1.581243
0.19765538
0.39531076
0.39531076
0.9021288
1.9970576
6.061963
1.6684284
0.69122326
0.0
2.0562043
0.0
3.427442
1.1015022
0.7069315
1.5530378
3.227682
1.4780881
1.3500564
1.2833569
1.2833569
3.8525765
0.70326227
0.70326227
0.70326227
3.887741
0.5437026
0.8155539
0.8155539
1.9029591
0.0
0.2718513
1.2455446
10.866532
4.4094906
0.10869312
0.21738625
0.46613467
0.35744154
0.90447766
6.205047
1.4556627
3.7513237
0.6835513
0.67421633
0.67421633
8.090596
1.5278033
1.7071738
0.42679346
1.2803804
0.42679346
0.42679346
0.42679346
1.2803804
2.1995926
1.9755691
5.4433317
0.907222
5.9190407
0.72554654
0.72554654
3.6641173
2.973978
13.344967
0.35137764
0.40977317
0.40977317
0.08063841
0.32255363
0.16127682
1.3807623
3.655171
1.8275855
1.8275855
0.5356356
0.68147963
3.2442327
0.0
1.4541658
0.0
1.4362911
4.8567767
4.9918685
4.7703333
4.0367703
0.70335335
0.35167667
2.3975077
1.2782487
0.63912433
1.6431217
0.6382177
0.6382177
1.2930849
0.85119045
2.2073421
0.0189967
4.3535395
0.0
0.6683028
0.60353595
2.4141438
1.5874634
0.9839274
0.9839274
0.9839274
3.579218
2.3182244
0.46364486
0.9272897
0.99350023
1.9870005
1.9870005
2.9805007
5.2133203
5.116311
1.3571537
2.4629188
2.333421
0.0
1.1667105
1.1667105
4.7319956
2.070421
0.72433895
2.765746
0.0
12.114395
2.503191
9.06209
0.33393705
0.33393705
2.295986
3.4126468
8.852154
2.1108437
1.4072291
7.677594
0.5460243
2.884163
0.8447165
6.330284
1.6941867
1.3363203
0.35715958
1.4286383
0.71431917
0.32024574
1.1319004
0.0
0.81856227
1.3642704
3.1769044
0.8754718
0.0
1.2701237
3.747103
3.3721821
0.9752883
1.1075311
0.55376554
1.6612966
0.55376554
1.6055031
0.0
0.420695
0.30915406
6.1356335
9.215033
0.24124607
0.3074089
0.985973
3.4368815
8.935892
1.9743612
3.9722705
0.07064464
0.93141174
0.6026927
0.22920597
0.0
3.5730884
1.6469598
0.4277164
0.8554328
1.2040187
0.81544995
3.2617998
0.81544995
0.81544995
2.7176573
0.4434176
12.7664
2.695198
0.76845497
0.76845497
1.7725137
0.515149
0.5506331
0.6882913
0.27531654
0.27531654
3.1425948
7.317804
1.0527945
0.0
0.5263972
0.5263972
0.5263972
1.2349418
3.2795248
3.5315366
0.7813483
4.9844236
1.3895048
0.5654256
1.1308511
0.2827128
1.3758888
0.6879444
0.30602694
3.8398376
0.76516354
0.76516354
2.7157924
0.5299615
0.3828261
2.6767316
1.1707261
0.6214849
0.0
2.2527199
0.82875574
0.2762519
0.5525038
2.624429
1.1580355
7.1300116
1.259737
0.474886
0.949772
1.5317972
0.0
0.65240335
2.437718
6.5294743
9.8992
0.9453058
1.9259175
0.85372764
0.5970394
0.0
0.0133671565
0.026734313
0.41372806
0.3900058
3.7131553
0.0
0.0
0.41068146
0.41068146
0.41068146
0.0
2.688993
0.2890001
0.13881359
2.1400158
1.3341348
0.8830935
0.2534202
2.3227694
1.1952085
2.1047602
0.42095205
1.6496773
0.35550046
0.7110009
1.7249192
0.0
1.7249192
0.8624596
0.8624596
3.9910748
4.374629
0.4860699
8.039131
1.7175622
0.18104288
1.2768023
0.7511095
0.7511095
2.2533283
3.4020286
0.9510206
0.44898307
0.0
0.44898307
0.6734746
0.22449154
0.22449154
0.22449154
1.2049615
7.021984
0.1593579
1.6194526
2.4437146
2.2387385
0.653038
0.17605402
0.17605402
0.33142295
6.8985567
1.6097167
5.4289455
0.45286044
11.637585
8.805052
3.2440257
0.93377227
6.5364056
0.46688613
0.46688613
0.0
0.46688613
1.1714801
1.437539
0.057239328
3.2838466
0.66064334
1.3428582
1.3644297
0.0
1.3012242
0.053919032
0.107838064
4.824156
2.1788044
0.36313406
0.8666588
1.7333176
0.8387001
5.7032843
2.9763575
0.58676314
1.1735263
2.3804355
1.586957
0.7934785
5.084175
3.9087393
2.7919567
1.1167827
1.675174
1.675174
0.55839133
1.675174
1.0512408
1.5768611
16.307972
2.9246519
0.0
0.73116297
1.4623259
1.4623259
5.1855373
0.0
0.98200643
0.98200643
0.98200643
0.98200643
1.9640129
4.517339
2.820891
0.80834985
9.125509
0.91104716
11.67432
0.2544925
2.0901558
15.310505
1.825114
7.9614887
1.5519049
7.4722576
2.6446483
3.151264
0.69408256
0.98519355
1.4590347
8.033035
2.7543378
0.91811264
0.91811264
1.2901309
0.05385189
2.0722725
3.5852685
2.8810678
0.68092674
0.443933
0.887866
0.77984047
2.5034392
1.9698225
1.1892445
2.554728
1.9038495
10.758344
0.86487126
0.44890335
0.025586234
1.7797734
0.8898867
0.8898867
0.8898867
17.957134
0.06244531
5.5464764
5.975313
15.086135
0.08761253
2.8728042
4.324377
1.8531208
1.6874071
3.0186334
0.0
0.9790333
0.9790333
0.0
3.6731243
1.1622243
0.37412375
1.1223712
2.365703
0.49508438
1.6647718
6.29198
0.66324365
0.66324365
4.4130535
0.6817836
1.3404982
9.238681
3.2523746
2.7105181
3.7794123
0.0
1.0343953
0.26183426
2.6941519
1.9464254
2.4461682
0.0
1.6307788
2.1295133
0.52456844
0.07750214
2.054752
0.22701293
0.0
0.45402586
0.45402586
0.44338122
0.51649296
1.07482
0.0
1.07482
12.43232
0.2515467
0.5030934
0.5030934
0.5030934
0.2515467
0.2515467
0.0
0.2515467
0.5030934
0.2515467
0.0
1.1184638
14.442724
0.25081763
1.0623631
1.053511
2.1180127
0.0
0.8854729
0.011561722
1.4458709
0.0
0.22818242
0.45636484
0.45636484
5.8065767
0.47720435
0.47720435
1.3109238
0.8337195
1.667439
0.8337195
1.667439
6.338457
0.40221712
0.0
1.704712
0.8640835
0.011727527
0.90048856
2.7014656
0.90048856
0.90048856
0.90048856
0.90048856
0.34885454
5.589911
0.54255474
1.0851095
0.6818033
0.6818033
2.04541
1.58816
0.9063568
0.0
4.2886257
1.552539
0.7762695
6.7584057
1.3951243
4.4950485
0.0
1.4595757
0.4865252
0.9730504
6.023664
2.2979474
0.0
4.7431397
0.6112981
0.0
0.0
1.4386141
0.32630533
0.65261066
1.957832
0.0
1.3052213
1.6315267
0.978916
0.7118713
3.4919968
0.5648056
0.2824028
0.5648056
1.412014
1.2816858
0.0
2.997849
3.4900043
2.4599752
0.0
0.0
1.6399835
0.81999177
3.279967
1.6399835
1.5944873
0.0
0.38724777
0.77449554
1.9362388
1.5489911
1.9362388
0.77449554
0.77449554
7.527716
0.0
1.8437418
9.908272
1.6888697
0.84443486
4.2221746
11.822087
0.90894544
3.797258
0.5352107
3.9176931
2.1519165
0.7173055
0.21669373
6.8447857
2.8619645
5.18262
1.0701098
1.6051648
0.5350549
7.8520865
0.15903932
0.7951966
0.15903932
0.0
7.898692
1.5535214
0.6304487
0.92572707
1.8514541
1.3895454
10.184096
1.9643966
0.8008023
4.1407824
2.1370888
0.975754
3.2125459
1.9109218
0.43325594
1.5163958
0.21662797
1.0831399
0.21662797
2.7423363
0.79316795
3.1726718
0.79316795
1.3232212
0.06381076
2.7351198
1.4295288
6.206002
0.46554706
0.9310941
0.46554706
0.9310941
0.23277353
3.895127
5.738718
0.6271782
0.0
0.5756196
0.59084564
1.1312627
0.09122134
1.0249742
0.75927776
1.447057
1.0564312
0.9202086
4.8010144
2.3581114
2.9619515
4.66479
2.8692544
1.9594197
0.7063031
5.736421
0.9180698
8.236021
6.901991
4.72009
0.48912355
3.8628788
2.8846319
4.8077197
0.961544
0.0
0.961544
3.846176
0.961544
2.8846319
2.8846319
6.730808
0.961544
4.196808
1.3121758
0.8747839
0.43739194
0.0
0.558216
0.99708056
1.4700439
0.39265278
0.55975497
1.6792649
3.5041804
0.39254314
0.2616954
0.0
0.46284658
0.11066628
3.432437
0.6752956
0.16530639
3.3651567
3.689952
0.2519447
0.2519447
3.017179
4.455357
0.8794067
0.08437702
1.679521
0.8397605
0.8397605
4.856094
0.6693889
0.9652744
1.9846518
0.03831095
6.469098
1.621541
1.4136972
1.4136972
5.8803463
0.80516446
0.80516446
1.6071696
2.7487028
0.6479245
1.2749889
2.7066202
6.3824673
1.3248425
1.5100026
2.4225721
0.62188816
0.62188816
0.6627002
0.57769275
3.8691034
0.74237865
0.37118933
5.6011343
2.6136577
0.41664642
0.41664642
4.202985
3.5985196
3.3608358
4.7291346
5.1310344
1.8765048
2.814757
1.5141497
5.707363
2.353184
3.0840428
0.7710107
1.5420214
2.3130322
1.2315235
5.8610344
1.8050673
0.90253365
7.0948334
0.97051215
2.2574716
0.76493615
0.22529496
0.44566938
1.3370081
0.89133877
2.6740162
1.9954946
0.32955688
0.899916
0.899916
3.075777
0.26606512
0.106426045
0.053213023
10.0274105
1.478243
0.7391215
1.6858568
1.3015865
1.6251175
6.943425
8.9418545
6.7299786
2.5590973
19.312405
5.461414
5.1061363
8.243487
4.3889017
0.0
0.9211311
5.584713
2.6692653
2.2243876
0.7745101
1.0126675
1.3660699
1.284014
1.2398136
1.8597203
1.2398136
1.0866365
0.1901932
1.6658676
4.581697
4.428081
2.583396
0.05335469
2.075376
0.111906864
0.97023886
2.4628854
1.6419237
1.6419237
1.6419237
6.3350506
2.0991445
2.0991445
0.69971484
0.97707677
0.11467396
0.0
0.0
2.0516024
0.035754815
0.12588198
1.3533319
0.95786667
4.358813
2.2911143
0.55632555
2.021677
2.8040268
1.763546
0.01414617
0.65486825
1.9565812
1.7942399
7.3987584
1.0015371
0.4817206
0.4817206
1.9268824
1.9268824
2.5553155
2.1864433
0.15791687
4.0299544
6.4284453
5.209072
0.17406045
1.591883
1.3855008
0.21069276
0.21069276
2.3477488
0.9908762
0.84599835
0.84599835
0.84599835
1.0555803
0.90884346
5.4530606
4.32061
1.9439367
2.466209
1.2819806
1.6646745
0.5548915
3.329349
0.5548915
6.928768
0.81755954
4.6733484
1.9049572
0.9524786
0.9524786
8.857075
0.3783274
1.4409351
0.9871168
0.30283648
1.6420994
0.6696314
5.823823
3.0218744
2.2200804
0.81875837
5.512816
6.504217
0.32278582
0.64557165
1.6051445
0.0
1.0137298
0.16247109
0.21662812
3.3744566
1.7085705
2.9835553
3.364028
0.7162155
0.9972025
3.0038245
0.8981886
2.6706305
0.6791027
0.46757972
2.1632683
0.38026458
0.76052916
0.38026458
1.1407938
0.05659055
0.028295275
0.028295275
0.0
0.05659055
0.08488582
0.05659055
0.028295275
0.028295275
0.39012095
0.19506048
0.19506048
1.5553465
0.38883662
1.5742122
0.40770233
13.031954
2.442254
2.442254
0.0
1.6281693
4.764839
0.9876886
0.4938443
1.9753772
0.4938443
0.7645444
0.022111459
0.8742457
12.970171
4.788198
3.0861936
5.622711
2.2053773
0.55134434
1.1026887
19.061295
1.8734344
1.7786694
2.154654
3.5910902
1.0523683
1.2053747
0.29907247
1.9879172
0.8194783
0.8194783
0.69520926
0.4994436
0.4994436
0.4994436
0.4994436
0.0
0.4994436
0.9988872
1.4983308
2.4972181
1.2210207
1.2210207
1.4251444
0.7125722
1.9418453
0.83073235
5.463088
0.74104947
2.224005
0.2572001
6.6047173
3.0845485
1.2315205
0.8210137
2.052534
0.8210137
2.300787
1.4455901
1.4455901
1.4455901
1.4455901
3.103219
0.7934746
3.9053798
1.7767332
0.91011107
0.6893307
6.2625957
13.583122
2.2630234
1.1210151
2.1847563
0.0
3.8153765
3.2449572
0.020961469
0.7738953
1.2727451
6.0843573
1.1944276
0.3025076
0.3025076
13.269811
0.0074143475
7.0169973
1.9963828
0.9981914
4.418654
0.8774351
0.0
2.9254212
8.988547
6.693254
1.8367498
6.237956
0.6814522
8.52347
0.07799606
0.5038446
4.243363
0.0
2.8631356
1.9087571
0.95437855
1.9087571
4.7718925
0.54814374
1.4724345
0.9242908
0.6683938
1.4648144
0.5257178
8.355266
0.6091664
11.725193
1.8495541
0.73235047
2.1970515
0.9795734
0.4944459
1.4484239
2.1726358
1.4484239
2.7214081
1.9971962
5.712384
0.9906785
0.7771708
2.065918
0.34101433
1.542047
1.6362801
1.309024
7.204439
2.2304149
3.190444
1.4536232
0.36302668
0.55009663
0.30807886
0.30807886
2.4421701
1.216481
0.63580567
0.88991857
0.5829392
0.72688
0.8074906
1.9215789
1.3685951
0.0
1.3490119
1.7281802
4.984828
1.2770696
3.0344718
1.3043909
2.1434042
3.5400898
4.383487
0.37089568
1.0834714
0.78306144
4.6983685
2.3491843
0.78306144
1.6536617
0.99219704
0.99219704
0.67006373
0.8162349
0.34393013
2.5744357
0.6590452
0.98913604
2.2568252
0.6991375
3.4956875
1.398275
1.398275
2.0974126
0.57935166
0.57935166
0.057122994
0.80713505
3.0752177
0.7334375
1.466875
2.2003124
2.2003124
2.93375
3.6671872
2.2003124
3.5092082
0.77461207
0.0
0.76387244
3.692671
2.1172054
0.11617007
4.534969
0.95366377
0.95366377
1.3144473
3.898347
5.3169928
7.550564
2.2248826
0.24919638
1.5482033
4.9610825
1.9815308
1.5417719
0.54333293
5.168286
2.7328784
4.554797
0.9109595
1.821919
0.70911276
1.3570762
0.0
8.055574
4.189087
0.70880306
8.213986
1.6700993
4.9030366
8.11661
1.8578755
0.92893773
1.7203863
1.2239847
0.64462805
9.19026
2.8337114
5.5765514
9.27902
2.046112
11.587352
1.4945982
0.0
3.808123
3.6279957
1.8139979
5.5068426
0.13244197
0.26488394
2.0250666
1.7932994
1.933859
0.9528701
3.2969022
1.5157478
0.82016677
0.82016677
3.280667
1.8934437
0.94672185
9.467218
1.6300672
1.3465469
1.3679962
0.4452988
0.4452988
2.711335
0.661359
3.773356
0.9279634
7.3146887
0.49201715
0.66093653
1.3218731
0.6860027
4.4320345
1.1184716
13.156422
1.9522713
2.928407
2.928407
1.343785
0.36764944
1.2372489
0.7754392
0.7754392
2.399284
2.8329825
8.384662
2.8210301
1.2068117
5.0158772
0.6977732
0.5270761
0.5270761
0.5270761
3.8857489
19.818462
1.6810462
3.2041326
1.3571076
1.0295963
2.2912054
0.52773476
2.3140056
1.7404066
0.8807013
0.8807013
1.1284382
3.949534
3.489006
4.5754848
8.058463
0.9804845
3.786322
0.9242011
0.16216911
4.4663134
0.47234714
0.7085207
0.23617357
0.23617357
11.189164
0.4133388
2.2647033
0.0
6.4360876
0.9295052
1.2997677
9.307865
11.593713
0.22023822
1.7619058
0.888042
0.44756553
0.95611334
0.65601313
2.6143274
1.3023012
0.6511506
0.6511506
1.3023012
0.6511506
1.9534518
0.6511506
1.3023012
0.6506971
0.62605035
1.2521007
0.0
6.117728
4.5849414
1.8042486
5.042692
0.532071
1.0584996
0.51700354
2.5833116
0.11510254
2.758019
8.76778
3.424179
1.3440468
6.5899205
0.3937302
0.1968651
1.2083473
0.60580957
11.049486
0.8460349
0.08779511
0.82541794
1.1593271
0.96610594
0.66797495
2.0916305
1.1012535
1.2094445
1.9873698
0.5746563
0.0
0.0
0.5012096
1.9346249
6.755458
7.466949
0.5328434
0.2664217
5.14111
1.9523767
2.4213653
2.0946102
1.0060493
0.50302464
0.50302464
1.1935033
1.055046
1.055046
2.8501801
3.022705
0.29455552
1.1438767
0.57193834
8.388178
2.0690181
1.0672368
0.5336184
11.4716
0.0
2.2935112
7.3914127
3.020657
0.910094
0.6067293
1.1343693
1.0608594
1.0608594
2.121719
1.5912892
1.0608594
3.6850789
1.2026783
2.557674
0.7015954
2.1047864
6.0353427
0.2863192
2.966364
0.009426937
20.848274
1.9640486
4.2476006
3.1853666
1.651622
8.300354
7.8958597
3.5419724
3.2464201
2.6741233
1.3438127
0.33595318
0.33595318
2.6876254
1.1449234
2.2360013
0.097215794
0.097215794
0.097215794
2.2888312
10.698914
1.9972924
2.7134356
8.790552
10.417326
7.593544
18.739899
2.442606
2.4816573
1.8981322
4.3238325
2.2354028
9.634848
1.0999771
1.8646255
0.0
0.97859603
1.5679274
0.679547
4.4332566
1.3614483
1.3614483
2.5392137
0.6185848
1.8557544
1.0916605
1.0916605
0.54583025
1.7754605
23.643429
3.1250107
1.6640257
3.1333447
0.3987957
3.5927804
0.6987972
2.3143568
2.4381056
10.17487
1.4571463
1.1655123
0.6619424
5.5013304
5.3642116
0.87305313
1.7461063
6.558644
0.30295888
0.100986294
0.100986294
0.34102094
0.85156995
8.509514
2.219491
10.292015
0.8114483
2.315973
0.0
2.7545366
4.950857
0.6676627
0.0
0.6676627
0.6676627
1.2949611
0.0
0.6272984
0.6272984
0.6272984
1.5399826
1.8978462
6.8427024
8.305742
2.3909965
2.2949648
0.88589436
0.88589436
0.88589436
11.239532
0.8991556
0.29971853
0.20607895
0.25186458
0.4198978
0.4198978
0.8397956
5.548463
4.7927494
1.597583
0.0
8.786707
0.7987915
2.173341
1.6833398
1.4474062
1.4474062
0.7237031
0.7237031
2.1711092
0.81986344
0.4434294
1.1988021
1.2981169
1.825331
0.61902183
0.029432895
0.95303446
1.9046524
2.5628037
0.038457084
1.2032446
1.4811754
1.7626126
4.793893
1.0053943
0.109005064
0.109005064
0.055363223
2.0904737
0.5224772
0.46578878
1.0242642
0.6147656
3.4097385
6.506104
0.94227827
0.0
3.769113
1.4644971
0.88184434
2.088201
0.2712855
0.055882722
1.2720933
0.0
2.5441866
0.93594563
2.0219893
6.8863487
0.50376785
0.75089574
0.0
0.64267963
1.6629541
2.2717957
6.3740497
0.8201907
0.8855486
2.761429
0.6084195
0.30420974
0.6299393
2.8192885
0.4336004
2.6087942
0.07400179
0.89177847
2.8315291
0.943843
1.887686
0.72856086
1.4571217
0.0
0.72856086
5.6515465
0.1594576
7.107481
4.4805365
0.6837126
8.10809
0.4410416
26.732323
1.3193336
4.792038
1.4104778
7.725384
6.5607634
1.1486658
3.5595808
1.3112681
2.0261493
2.5223615
0.6521116
2.750042
0.928137
1.4672875
0.71886736
0.35943368
0.17971684
2.2902486
1.5373291
1.8454322
4.191578
3.9747467
0.0
1.0836916
1.6255374
8.49679
1.6443098
0.8221549
1.6497283
7.281391
0.58659023
0.58659023
0.1916567
1.3503296
1.4238758
5.876925
0.7774493
2.729757
2.448609
0.9815991
5.885431
0.22388053
0.44776106
0.44776106
1.5963347
6.240164
0.79942
1.3697056
3.9148993
1.8308878
5.791859
0.9788623
1.1826596
1.1344409
6.655218
0.96529454
0.7320415
12.462671
1.8900967
3.4024065
1.2779819
1.4062976
0.5243252
1.3147124
1.1510065
3.2634134
0.38589746
2.7135382
0.27356666
0.091188885
0.34684414
12.646156
0.62392193
2.1382544
21.307266
0.9742346
1.1403829
1.2782184
1.7719384
0.9535462
6.204694
1.8946855
3.2451482
1.3343935
0.66719675
1.3343935
1.9199721
2.8799582
12.05879
0.35701716
0.7140343
0.7140343
2.9996133
5.8584223
0.25993982
0.25993982
9.95159
3.5881684
0.4975389
0.4975389
0.8574822
3.886293
3.875826
1.985044
4.8642993
0.76846135
0.19211534
1.8423387
1.293912
1.4423918
4.728402
8.858789
0.8714081
1.50924
4.081236
1.5910486
3.8868608
0.21461283
1.0313582
4.9882607
8.760942
3.7340746
5.463607
0.51998985
3.4547894
0.3945518
7.4455957
0.23726085
0.59315217
0.23726085
0.23726085
0.3558913
0.85413814
8.570431
0.34122187
1.8819101
9.394445
2.1421528
4.4479446
1.9309447
1.4612597
0.11275147
0.056375735
1.0896165
1.7133887
1.9612752
2.4980736
0.17893283
2.2427206
1.2097181
1.3000722
0.4919678
0.56806654
1.1359268
5.1304464
0.99863756
2.3195124
0.6391581
4.989669
1.4081991
0.55802554
1.6740766
5.012309
5.030069
5.3818035
0.43683785
10.362221
0.66736025
3.336801
0.851173
2.923385
0.9045062
3.8931491
0.32958287
0.3053019
1.3714873
1.3752248
1.7471209
0.4367802
0.16122627
0.27654532
2.748189
4.0770907
5.2893715
1.3707592
0.8135084
1.3136704
12.067237
0.8891842
11.326607
1.538168
0.64530355
0.7842597
2.025712
0.11981386
0.11981386
0.11981386
0.11981386
0.66261744
2.06351
0.4150375
0.86041355
2.569211
1.3345993
0.0
5.5051637
0.0
1.7368908
2.6847363
7.2592773
4.751036
0.5788075
3.3467705
0.79379785
2.579884
0.80892676
10.671641
4.4294777
4.414213
1.0506101
7.4000406
9.840176
0.92372805
1.064008
5.903163
0.3873583
1.1620749
0.3873583
0.3873583
0.7747166
4.3236027
0.20332363
0.04006605
2.970337
1.3337282
8.89082
0.43572867
4.187286
0.18971072
1.645572
1.6544211
1.7298118
1.9707378
8.495191
0.3660726
1.5423541
1.5437927
1.2023542
8.139007
6.147285
7.121997
2.6786122
3.9449177
0.38877454
0.71114594
3.412243
13.802884
0.0
0.5514295
0.5514295
9.138755
2.6556878
3.7361407
1.256741
0.86880934
1.1667805
0.22244321
0.027690582
0.027690582
0.94727784
2.1594834
21.851368
1.8383166
2.611528
3.4652152
4.2990017
0.8766812
2.4359243
4.602332
0.28989333
10.5347595
0.39491296
3.8712173
2.3278494
0.23841716
1.6325932
0.9186503
0.0
0.13591337
0.35800225
0.6061534
0.9337302
0.97557294
0.97557294
4.2023993
0.69409823
0.69409823
1.6565926
1.7628729
1.3214025
6.6838183
0.26205996
4.6969967
4.882648
4.7952967
1.7944808
0.93706256
0.2390838
0.7172514
0.61422807
0.75028855
0.88106704
0.8640945
7.3952627
5.829558
0.8896854
0.76993585
0.76993585
2.032637
0.41091073
5.0109997
0.7275482
4.264256
0.9529029
0.12741761
2.6184921
3.9002218
1.7838042
9.664434
0.0
0.5189255
0.25946274
14.729786
0.56780547
7.0538473
0.4663092
2.5430532
2.4685245
1.526759
12.937788
3.5340743
0.72512007
2.3740976
0.25735793
2.0588634
0.51471585
0.25735793
0.51471585
1.4418881
1.7384348
1.4846839
3.7857256
0.7571451
2.3964326
0.59805757
0.09044398
3.5875363
2.1468692
1.9586971
1.305798
1.7900856
0.9104226
2.698363
1.697212
2.4104939
7.538707
0.4849092
2.6988356
1.0500704
3.4497142
1.1261034
9.54394
0.0
1.7352617
9.406303
2.6757565
0.0
1.6445899
1.8687531
0.7013834
2.8981652
2.9836776
0.7812098
1.3787665
0.47292355
1.8313622
0.51771796
0.087912284
3.4742146
2.4737926
1.7082443
9.263674
1.1070586
3.0299006
0.47197893
1.4074577
0.7093446
0.43287545
4.13786
1.2827382
1.2827382
16.737122
2.064201
0.55101764
0.19874853
2.4511528
1.5842619
4.457471
0.8036908
1.8563979
0.4980325
16.896126
5.023076
1.7637302
0.64218897
19.389093
2.025979
2.218236
0.8027512
3.6535387
1.9938883
1.0208886
0.0
4.315782
4.0807214
0.58184385
0.09125838
0.09125838
12.176327
0.64012825
0.7730938
0.43572733
3.372942
0.64542466
2.1573358
1.1964191
4.954587
0.7077981
1.3929298
0.0
5.301116
0.909009
0.45114192
1.7256749
1.5586464
0.8061709
0.44849184
0.36577302
1.7029452
11.265064
2.5346475
0.0
2.3212283
1.4203176
18.356758
1.8709683
2.1691625
0.15587986
0.3117597
0.99753696
2.7753482
2.6993222
0.5351598
1.6797628
0.0
0.8717116
0.8717116
11.696453
0.012160483
0.012160483
0.024320966
6.92725
0.8930932
1.2757508
5.5597944
0.20997705
0.6235797
4.9252834
0.28236914
0.57438
2.0087993
6.0796666
5.031948
3.2207139
2.8823838
1.9855839
1.9855839
0.52052766
0.8760227
2.273307
0.616534
1.0609851
0.8889021
8.900222
0.3483715
3.2869458
8.421715
1.6705573
0.60645276
1.7646279
2.229126
5.862786
4.3831806
4.3256845
0.16699867
4.147907
0.2589819
0.13297117
0.1610186
7.9323645
0.31546807
0.9464042
1.2872351
2.7838454
0.47200763
0.9066593
5.9935436
3.5503597
1.0200491
9.582517
0.4450459
0.8818599
8.117863
1.2969527
2.6811733
4.331193
13.517193
1.8229979
0.29525158
0.34864965
0.1503671
0.3007342
2.2982514
1.1825067
1.1249003
0.6691227
5.1826806
0.85528386
1.900584
0.950292
8.783882
0.5726737
0.8778882
1.1712282
1.6964011
5.859582
0.5244597
0.5244597
0.5244597
1.5733792
13.735424
2.1405776
1.3104777
0.12971333
0.6820188
1.3640376
1.0141526
0.60652846
1.2130569
8.401587
1.0253674
1.7540365
1.5257336
2.3800666
4.6124983
1.8528004
0.6555012
0.6872497
0.4592389
2.165533
1.332636
0.2489545
4.4136186
0.65825236
8.042781
4.2563715
0.8051164
3.761568
4.944109
2.4155722
2.4357796
0.34454444
0.34454444
6.665785
1.9800577
0.87365955
2.5582728
1.1434273
1.204092
1.2153883
3.1157918
0.3978615
0.3978615
0.795723
0.3978615
0.3978615
2.339664
1.0642892
2.839291
0.064197026
0.19259107
0.4532238
0.41642392
0.1278944
0.5374925
3.7001023
0.32628044
2.3435876
2.176354
7.809903
0.8437742
0.8437742
0.8437742
1.6875484
1.8080881
5.570264
3.5065622
4.492001
1.0173333
2.2304754
2.1376526
0.40064245
4.481221
15.9034195
2.9115362
1.1518599
8.78002
0.43825188
0.21802995
1.0626208
0.5313104
0.5313104
0.85491633
5.1219244
9.288944
2.3787022
2.9875216
5.068836
4.8078036
2.7113142
0.45492655
1.1569273
0.6724275
2.2085052
10.778915
0.24885298
0.6453226
11.99777
0.19038637
1.4811459
0.75963306
1.968321
0.018014004
0.46357992
7.567668
0.2662546
0.1562748
0.37720028
4.52427
3.329556
1.4917157
0.49723858
3.4533246
1.2696122
0.75909114
1.05632
3.0786142
1.7473731
0.98628294
8.840239
0.48631904
0.8470332
0.047319643
0.047319643
0.7846176
13.299526
1.8086793
6.2527704
5.542714
1.897176
0.7731919
2.8897598
0.34149554
6.6385193
0.73581034
3.0803337
2.7447872
11.902493
1.1112612
4.326139
3.1259956
0.16220894
1.1180179
0.0
0.56577015
0.5506715
1.1007116
0.91777045
0.9299155
8.190268
0.5391992
0.5809879
1.3851473
1.329632
8.959536
1.1479895
3.9764545
3.1234226
20.457787
0.47657046
1.2844118
1.8049977
4.1741138
6.472004
2.5436752
0.14235051
4.4640903
1.899166
1.9941032
0.7915605
0.46350753
0.37936822
1.6143452
0.5146088
0.6778833
4.596209
2.4303353
9.254129
0.9694383
1.0957291
0.44141525
1.6431553
0.52334005
11.480116
3.2971578
1.6272885
1.0359695
0.6089475
1.4646838
5.691181
3.4717631
3.4379594
1.0396649
6.5415864
1.6830862
0.03177061
0.054848336
0.10969667
0.32902142
2.10012
1.0434554
0.45641756
7.6039457
9.268835
3.4034472
0.91595423
0.7776822
4.219467
1.3821697
1.2956109
2.9560714
2.450138
0.5906156
3.316262
0.68342096
0.46730316
1.0859439
1.9599653
0.4845698
0.19810463
1.1303155
2.1266305
1.4345977
8.823458
1.2822154
0.6411077
0.6411077
1.8696703
3.8675623
1.7757341
0.15407959
2.7411473
1.0340096
0.9949541
1.3373139
7.264348
2.9345403
3.514882
2.661826
4.4838634
1.6054533
1.5225723
16.513695
4.868095
0.4927291
0.37133494
0.33890235
2.9779391
1.4736052
0.5808488
