0.03306125
0.85226876
0.33783072
0.20602822
0.57619053
0.07059963
0.39335328
0.2141943
0.37708163
0.3907195
0.01509447
0.9313887
0.59283245
0.13145402
0.24168819
0.043913886
0.5035963
0.45136857
0.06144177
0.89648
0.47250935
0.9912943
0.49191058
0.62027824
0.19765475
0.40153265
0.48471782
0.8453093
0.06322832
0.13660365
0.17067094
0.39827907
0.5372061
0.3329905
0.17515582
0.98769003
0.88428116
0.5656022
0.6452744
0.70104104
0.35441065
0.036241237
0.32106042
0.7203769
0.90009236
0.30234334
0.7589557
0.2306427
0.124621294
0.9427643
0.45944297
0.21746518
0.24700037
0.39447632
0.33795714
0.39162433
0.3645518
0.47840366
0.7417937
0.8664594
0.029492691
0.222028
0.05260539
0.59088695
0.58409077
0.5027186
0.17601131
0.08980764
0.5715619
0.39867455
0.8983661
0.9350458
0.9174526
0.9386836
0.40086302
0.9280315
0.30537927
0.3767526
0.27605322
0.0720827
0.22857891
0.6489928
0.07321571
0.19599111
0.35502595
0.28138125
0.6938815
0.7193271
0.48603064
0.19768162
0.16734886
0.8637393
0.35548666
0.43618736
0.6482485
0.082520954
0.45515046
0.22070013
0.15493365
0.9642623
0.6710693
0.32395494
0.9132203
0.19250606
0.59203416
0.56976855
0.2764929
0.10334994
0.09325591
0.6246718
0.13951062
0.30620232
0.14898331
0.07581806
0.086806886
0.2510156
0.9070709
0.33351284
0.91634107
0.023917709
0.8313123
0.5254428
0.02504062
0.82609516
0.5367084
0.19897991
0.20926513
0.7706434
0.29162607
0.6999016
0.4649686
0.07145515
0.69966733
0.8358319
0.71575093
0.343504
0.33970544
0.87712884
0.10941126
0.5459117
0.313825
0.52659076
0.5966557
0.14400093
0.36538574
0.82883716
0.9993037
0.73408276
0.26530424
0.81055635
0.8520511
0.9048206
0.5783026
0.9492299
0.9564892
0.54769224
0.7183256
0.544245
0.94158924
0.36527777
0.94125736
0.76449937
0.071457066
0.60920095
0.2465799
0.18689322
0.4093903
0.14417224
0.27234265
0.36961576
0.29077432
0.15254973
0.36536887
0.88889366
0.7376266
0.1346662
0.16146642
0.8989473
0.19438986
0.6953228
0.82146543
0.14227802
0.56898916
0.8589432
0.05278868
0.8334917
0.515983
0.66975313
0.9589963
0.49463984
0.60388243
0.8122365
0.1865618
0.57906955
0.18687432
0.29861405
0.08130392
0.10255581
0.132536
0.33329415
0.72978806
0.32670268
0.2194348
0.79304427
0.15879332
0.9577019
0.48586848
0.930956
0.15645887
0.034249086
0.28632614
0.6332469
0.17371817
0.94311893
0.4480189
0.26122853
0.85291827
0.7329032
0.8295043
0.8348651
0.68750525
0.59950656
0.93193716
0.0006925022
0.12336646
0.071061954
0.84503865
0.5230418
0.6580332
0.9242938
0.3334437
0.10168946
0.9462009
0.33237123
0.3979844
0.8072046
0.65141726
0.6440587
0.059111487
0.16534851
0.051663317
0.2819385
0.78566736
0.25724894
0.9010639
0.5466653
0.9035358
0.39709574
0.77384317
0.5930127
0.25226864
0.76940626
0.628884
0.18148129
0.108267635
0.33076593
0.37776244
0.8366288
0.3510606
0.9692282
0.14255865
0.747467
0.5898795
0.29142064
0.8882901
0.7664237
0.008216641
0.12990238
0.06654745
0.93447584
0.98674697
0.81601423
0.3611788
0.85606205
0.14086287
0.4642108
0.38296735
0.901316
0.8117905
0.91020626
0.5228516
0.1967765
0.23425896
0.9176474
0.5967997
0.3729196
0.39787516
0.2979157
0.20465158
0.6291997
0.79057133
0.22497064
0.35554752
0.16628835
0.62557316
0.73623616
0.93393564
0.1323861
0.37461895
0.3930197
0.4021788
0.2353632
0.7043913
0.32153434
0.7440856
0.721974
0.993595
0.6540437
0.8789027
0.9371324
0.41330513
0.52510947
0.053359807
0.7126097
0.6931106
0.74606144
0.2506992
0.3091026
0.2572358
0.9330804
0.22369072
0.20998672
0.1761045
0.7163853
0.33223724
0.74909514
0.95894074
0.35697502
0.9807973
0.69074804
0.98164546
0.5542529
0.10787655
0.35053605
0.37775028
0.570939
0.72538066
0.64618677
0.5883452
0.5302737
0.30646414
0.46897873
0.34052572
0.9101439
0.7440491
0.50940084
0.07028026
0.5665015
0.047549233
0.46402305
0.31265545
0.61963844
0.69848394
0.07660397
0.5742493
0.43716297
0.45884
0.32774308
0.16144425
0.5370394
0.24252367
0.55521375
0.7064845
0.84315294
0.14846396
0.6422497
0.124697305
0.020494172
0.13611186
0.73115337
0.78555214
0.61393213
0.13892789
0.7138118
0.424455
0.26345536
0.31012404
0.81588966
0.10567591
0.69965214
0.36269143
0.5648722
0.33261898
0.40026695
0.9095383
0.273034
0.75260085
0.10875312
0.9755569
0.23022836
0.24681804
0.514733
0.8688718
0.799559
0.16477787
0.21042417
0.97631484
0.596041
0.74113595
0.6133995
0.85464907
0.93575764
0.1522222
0.23341538
0.5336133
0.6098472
0.074412696
0.5482123
0.35371718
0.26310712
0.77485996
0.9608044
0.55738485
0.6083037
0.50152487
0.6703449
0.9732448
0.6990364
0.49660155
0.35504353
0.18126862
0.97973895
0.5779165
0.9916811
0.35141128
0.9816617
0.79235876
0.95406395
0.5988301
0.66683733
0.9022169
0.93039316
0.24632089
0.19200566
0.15480275
0.6217793
0.65138817
0.6522565
0.9234489
0.15010071
0.51623374
0.47946644
0.64103025
0.10621182
0.7585795
0.4902629
0.09573777
0.21532725
0.08305658
0.18371557
0.37065208
0.77697253
0.26866648
0.24320988
0.48530394
0.11660069
0.39631826
0.70213485
0.2881656
0.21798728
0.889546
0.0711242
0.88558763
0.5048563
0.009559873
0.43563828
0.15988575
0.1401406
0.80148315
0.9243192
0.9736132
0.22564137
0.5970554
0.8095413
0.3702407
0.94222885
0.32564485
0.85409516
0.8729874
0.3561132
0.051707
0.84501487
0.08239827
0.5059598
0.3173803
0.9956878
0.58487135
0.0013458064
0.99917006
0.6583065
0.8878606
0.7970126
0.4064725
0.6595651
0.696578
0.3920216
0.6963863
0.7255871
0.97749996
0.7834325
0.94623137
0.374699
0.002052945
0.8444925
0.2239396
0.5877564
0.93521523
0.8425294
0.2095233
0.20118168
0.17637613
0.6097825
0.682967
0.30528468
0.42811596
0.32700142
0.5168627
0.85232705
0.31985462
0.6940239
0.32941517
0.507725
0.9519202
0.754847
0.045134604
0.6803752
0.3220432
0.069699235
0.19942388
0.42685312
0.71537536
0.714611
0.4256619
0.20477706
0.22613823
0.7767252
0.88596237
0.55392975
0.20431812
0.45901066
0.057817254
0.33694828
0.88140625
0.54281735
0.073524736
0.9831454
0.10686653
0.95213217
0.62891394
0.63021624
0.6266389
0.43880293
0.64251965
0.30230618
0.096849
0.3903761
0.21341528
0.42742077
0.35909167
0.6820776
0.2781299
0.08040697
0.93142086
0.30390656
0.08483001
0.21763058
0.60464305
0.8960081
0.86255074
0.92316216
0.83604234
0.95273423
0.978892
0.17400417
0.6891045
0.5155931
0.79943556
0.86035436
0.7893205
0.52241284
0.86234444
0.8700796
0.97496593
0.9535595
0.71101016
0.16740906
0.46644694
0.38613763
0.11316858
0.77142054
0.21121848
0.87504774
0.29347485
0.50271446
0.65188307
0.18318056
0.9625376
0.680621
0.78269464
0.07669962
0.22822258
0.99638337
0.16693759
0.82656944
0.46872094
0.2182866
0.6092305
0.9176594
0.75824004
0.118581176
0.4810543
0.31528246
0.14931007
0.11429695
0.057502117
0.9104305
0.7103819
0.17079373
0.63660866
0.19208254
0.5587179
0.10367508
0.4463257
0.5115391
0.71192414
0.5747683
0.07982791
0.9318245
0.123261124
0.22737777
0.79529107
0.34964818
0.21628602
0.68292403
0.2993901
0.45352265
0.810867
0.16598247
0.85550916
0.6285994
0.21565817
0.35836005
0.28919932
0.03742439
0.18592772
0.01227419
0.91912764
0.5049065
0.701932
0.9604912
0.7080694
0.7255021
0.5408423
0.69528645
0.4164937
0.11529725
0.10242562
0.9204015
0.2927672
0.5947015
0.4193774
0.1701363
0.77641666
0.39317954
0.90551937
0.17353614
0.40272212
0.8187253
0.78888226
0.0136494115
0.8871844
0.49672186
0.6943998
0.1107268
0.22215375
0.7851886
0.583119
0.2738267
0.22481965
0.4794545
0.54177094
0.33232078
0.9399556
0.5353861
0.5614226
0.611442
0.0036523882
0.13403408
0.83234185
0.7294541
0.074952394
0.0062321606
0.035954427
0.52353185
0.49823102
0.4891905
0.55451244
0.19188173
0.28493014
0.16585733
0.58571863
0.7044333
0.7678553
0.36354056
0.19443938
0.97636425
0.20516855
0.6574849
0.1352916
0.69101673
0.2517975
0.94296014
0.74165565
0.7160377
0.052337494
0.5208751
0.5480977
0.6463386
0.5228321
0.029452063
0.1021319
0.5495661
0.03028403
0.008737664
0.07028253
0.18931955
0.31232783
0.9031906
0.61492413
0.25214836
0.2622991
0.67994696
0.9195161
0.6890512
0.47173545
0.754156
0.6559742
0.38172948
0.50102305
0.6526532
0.91120315
0.93664885
0.38032272
0.67634904
0.13770956
0.52512014
0.22294293
0.26593757
0.32587028
0.2589369
0.9224716
0.83491296
0.3548783
0.20075421
0.7335821
0.33824426
0.087778665
0.72425616
0.8963601
0.37706038
0.20249777
0.70541567
0.82705086
0.4683833
0.8261065
0.9959033
0.7467578
0.15073776
0.26334172
0.13769017
0.79642385
0.4752266
0.22412796
0.4314592
0.42378798
0.7265494
0.29861605
0.07696318
0.6361224
0.68142927
0.2595957
0.9644069
0.77162063
0.41375685
0.59362113
0.67198205
0.9448402
0.97404957
0.024040928
0.9500563
0.60644096
0.2565991
0.07410277
0.28271562
0.3207729
0.0012101138
0.5867103
0.5066235
0.24218774
0.51211715
0.8790883
0.14050603
0.9706626
0.24532376
0.6344706
0.24165365
0.5548435
0.8781987
0.7395583
0.3065756
0.3486008
0.9050966
0.6821488
0.2918481
0.08094161
0.21772276
0.3073579
0.8505766
0.50843126
0.33475325
0.56382674
0.17941047
0.5499638
0.18267643
0.9919524
0.0009256221
0.32982957
0.031730168
0.6425673
0.44512194
0.27116975
0.1630359
0.75931466
0.89801216
0.0398805
0.44534463
0.66026646
0.39319345
0.020335382
0.40377226
0.8190281
0.8306593
0.06950636
0.9818625
0.21700889
0.1451827
0.8355548
0.06221751
0.3432036
0.31304097
0.23687054
0.056674622
0.9588698
0.6059075
0.9977466
0.38987878
0.2588188
0.348813
0.93516666
0.5950031
0.46659082
0.4889788
0.2529989
0.8626304
0.45130587
0.60801625
0.889792
0.36653212
0.56544125
0.04964638
0.025782643
0.056591064
0.5888997
0.53622085
0.6387387
0.73426723
0.93074286
0.31257918
0.42018476
0.106522374
0.36635137
0.11959568
0.8389965
0.82448214
0.036372047
0.68913263
0.08952829
0.41797456
0.45884475
0.95084953
0.993783
0.79547524
0.4159798
0.7873913
0.8392632
0.4650307
0.9544418
0.75852525
0.6010426
0.5028795
0.6902245
0.40660352
0.74448436
0.1770343
0.37646767
0.18000118
0.9515572
0.06841815
0.47729218
0.60663813
0.262549
0.47432035
0.6166365
0.5175836
0.84908
0.22768293
0.2941443
0.34155157
0.7817293
0.072217084
0.42822662
0.982176
0.22826369
0.28174886
0.23666075
0.7810231
0.9506889
0.89211565
0.40061358
0.68850267
0.13466497
0.7654208
0.001739891
0.7188384
0.86947304
0.24014291
0.07791055
0.78888005
0.8077302
0.90060884
0.8127168
0.45345286
0.17655392
0.043524437
0.042268988
0.1605593
0.53328085
0.19410968
0.97481465
0.5311661
0.57367516
0.5565689
0.99411637
0.05377526
0.06537323
0.81390476
0.34505835
0.67063797
0.44007733
0.9710476
0.70831907
0.5649248
0.13081682
0.94358736
0.28200877
0.39457875
0.82431495
0.43870407
0.07056993
0.7442703
0.9126721
0.9504094
0.05234881
0.04002558
0.6027517
0.15412945
0.45231247
0.81687343
0.8857681
0.03966818
0.5945358
0.16156578
0.39436185
0.86120725
0.055396743
0.43205458
0.8424312
0.6920013
0.47495225
0.15685223
0.08316676
0.6674678
0.96558267
0.5009721
0.27279454
0.9180379
0.55017513
0.017095556
0.083310254
0.63319945
0.20869903
0.06407459
0.914114
0.29288512
0.8352279
0.34361947
0.8703434
0.5162749
0.6276228
0.062385656
0.5702519
0.29324198
0.96905935
0.7282348
0.9385488
0.098535106
0.03870274
0.08428477
0.6214387
0.92617023
0.17635867
0.61452514
0.87914836
0.94566995
0.7434574
0.7219682
0.98479867
0.15103734
0.10403155
0.34858745
0.6942843
0.6672587
0.94044524
0.6047121
0.39566913
0.39161298
0.21826577
0.42918923
0.1989652
0.84897584
0.60508204
0.02363625
0.29984117
0.67368877
0.40973717
0.445551
0.6640546
0.8024788
0.17568275
0.7915572
0.124760926
0.014649154
0.6155959
0.098683335
0.23048754
0.33162323
0.26087245
0.056746807
0.14769407
0.8303404
0.070766814
0.4170353
0.90080655
0.87880725
0.11342253
0.7494077
0.53719115
0.4099531
0.53578556
0.19729526
0.005764145
0.3320412
0.87731415
0.97444785
0.9451434
0.036356054
0.02474591
0.032504886
0.99774766
0.50850636
0.17593583
0.3193275
0.1584247
0.7020739
0.20196687
0.17065488
0.70957786
0.6410171
0.20423988
0.43877044
0.68312234
0.98924804
0.81370765
0.7471393
0.854687
0.5389358
0.19504768
0.84216356
0.68508214
0.85819995
0.7634375
0.49980587
0.26577002
0.9772853
0.8277008
0.60335594
0.053401068
0.515991
0.21267463
0.72002983
0.5454801
0.73330235
0.023271926
0.92104846
0.778268
0.6742174
0.6448056
0.7536302
0.679973
0.1883503
0.13555646
0.6387086
0.30254385
0.12511393
0.034665197
0.66534895
0.28393385
0.03044383
0.7531139
0.95149034
0.79178107
0.8344467
0.29656598
0.8891668
0.141154
0.45182395
0.13364872
0.23959349
0.33437896
0.4454503
0.56350434
0.13588363
0.63154495
0.3757591
0.7022796
0.24172734
0.62258536
0.8289379
0.3146519
0.62304854
0.78184026
0.2678268
0.58217096
0.113507435
0.4671236
0.46946722
0.65636027
0.9247147
0.9322288
0.08265052
0.12728354
0.2557209
0.401633
0.86446786
0.32731545
0.778374
0.9621256
0.9134839
0.2459432
0.5593395
0.29241326
0.61915857
0.11234738
0.41975704
0.39263433
0.2201433
0.73940164
0.76997286
0.44079655
0.50326365
0.44050828
0.32447204
0.6881395
0.75596905
0.5514454
0.49032226
0.16879407
0.8463999
0.55352503
0.16234308
0.9146351
0.8204995
0.21567963
0.40401617
0.39888322
0.8317393
0.96017754
0.7313305
0.89420617
0.009254926
0.67867154
0.27137956
0.24388808
0.41206083
0.3056923
0.4103283
0.40545604
0.31373534
0.067847796
0.88337773
0.36390877
0.69425577
0.5206372
0.014075484
0.004178343
0.6864435
0.09580267
0.64921874
0.16084218
0.00841053
0.5522074
0.28120697
0.90226257
0.6547073
0.99814785
0.029462496
0.81347
0.7398258
0.05823205
0.18977647
0.6607403
0.6312734
0.36139154
0.16937171
0.9011195
0.7805511
0.07227274
0.21232073
0.9356752
0.59780115
0.39184484
0.69707596
0.43177202
0.7631648
0.14294681
0.4751464
0.639331
0.96293765
0.4145417
0.21215224
0.29713514
0.68753785
0.10452288
0.04970019
0.7501626
0.87815535
0.20154989
0.3363122
0.31590745
0.4380081
0.37449917
0.53258914
0.84619355
0.6330818
0.87148637
0.39320126
0.9115276
0.45179334
0.47555634
0.42281842
0.21957077
0.0068813977
0.46527287
0.79941434
0.19932556
0.97830313
0.7011751
0.8177319
0.94930845
0.4246323
0.08318476
0.4741407
0.7835385
0.30053073
0.7145132
0.46097213
0.7116644
0.4630051
0.47207072
0.8150135
0.14585201
0.69384295
0.22656152
0.5359711
0.6951867
0.69746774
0.09891956
0.9668072
0.072332785
0.4191325
0.60381824
0.6132629
0.19542737
0.06820849
0.3282094
0.21964161
0.22696008
0.3713285
0.7310337
0.90112567
0.04518116
0.26268104
0.27197152
0.78740996
0.8416589
0.14122051
0.77236444
0.7454574
0.03722943
0.7607616
0.77055854
0.9831405
0.7064298
0.17816238
0.15760487
0.9738276
0.0619803
0.10397303
0.47232476
0.54121804
0.94385874
0.009582554
0.6523062
0.31871065
0.50634795
0.36951852
0.20972623
0.056198556
0.24977598
0.24532926
0.26045588
0.2558431
0.36699992
0.01708709
0.3223398
0.4900434
0.96475565
0.9675858
0.079388015
0.31314027
0.7828816
0.65995485
0.33350423
0.7050721
0.64012647
0.76692647
0.41977462
0.0032038086
0.895482
0.117658354
0.9677044
0.45043394
0.7480855
0.6475658
0.6267976
0.47883803
0.7880917
0.39820942
0.5320188
0.605618
0.39740288
0.61506397
0.4311698
0.9020578
0.65470695
0.06692668
0.80706596
0.76276773
0.6794346
0.5698587
0.17912576
0.30308324
0.54914063
0.2951948
0.08935417
0.5013387
0.12272996
0.45342442
0.1295777
0.9114515
0.9610517
0.92712027
0.21580674
0.77941954
0.4122922
0.21564779
0.654719
0.45339692
0.5444093
0.7975826
0.7209541
0.3531995
0.48067194
0.71413225
0.8161381
0.042044982
0.31900382
0.76189005
0.2971929
0.43123287
0.08003793
0.40421394
0.13139243
0.38056448
0.25030136
0.35776886
0.6457692
0.68172204
0.62604153
0.93225265
0.674301
0.2893363
0.6141556
0.34923825
0.9814558
0.06385182
0.5000042
0.07795965
0.48562562
0.8014803
0.69019794
0.2560912
0.78876925
0.57289016
0.82434994
0.7849847
0.051679213
0.11579491
0.879083
0.50255454
0.45358926
0.6745123
0.7460074
0.30198526
0.7929317
0.9487014
0.25487292
0.07791853
0.10374483
0.36099467
0.7330574
0.55355084
0.51512575
0.35358763
0.08357095
0.47612813
0.97886765
0.1793023
0.10692219
0.134402
0.69521064
0.21009481
0.93401814
0.968326
0.7306111
0.86682093
0.7937811
0.59963876
0.7366858
0.6589134
0.9118511
0.09586151
0.16953146
0.53024054
0.008948429
0.5464899
0.9813205
0.76058906
0.5572391
0.17298473
0.70569533
0.74660033
0.6580431
0.30591273
0.53002584
0.61839044
0.027401403
0.9331813
0.12670617
0.88789314
0.5712194
0.44456086
0.08268322
0.14312111
0.21157092
0.5928556
0.9779177
0.1154372
0.8314398
0.7229983
0.7213349
0.8367474
0.5432717
0.7008959
0.3938275
0.98038006
0.7803935
0.6738216
0.51780474
0.45963818
0.29540688
0.59620947
0.4835998
0.17826411
0.23766465
0.2768295
0.8140059
0.12178297
0.7779492
0.14547695
0.40297988
0.8836432
0.33223298
0.69314605
0.10302738
0.2969449
0.21097277
0.32060158
0.5562042
0.26014423
0.66757697
0.31671345
0.7273097
0.41585642
0.117117785
0.63957083
0.26054525
0.8710112
0.19306695
0.44609672
0.11314205
0.6912721
0.9429518
0.34090835
0.7189353
0.30118224
0.99017537
0.98454225
0.8716599
0.8461884
0.44041634
0.17194225
0.060829945
0.06970105
0.68766
0.97807926
0.8739419
0.40660062
0.99003845
0.49534306
0.5591761
0.58105993
0.39199638
0.4598937
0.6038087
0.72277194
0.22471601
0.68699396
0.17909557
0.46698302
0.7224866
0.51782435
0.06935543
0.38223353
0.83538306
0.21506964
0.5447173
0.9621725
0.53847134
0.5840923
0.09180839
0.6431194
0.9679105
0.99822813
0.68319213
0.72548074
0.34310493
0.423393
0.80620277
0.7192511
0.1878985
0.83813834
0.45159328
0.8976489
0.3824555
0.9285128
0.6641626
0.147459
0.80039304
0.9338755
0.7778424
0.15762278
0.21106175
0.08857118
0.7193368
0.93959475
0.27901757
0.9015237
0.5342467
0.8454645
0.6173879
0.25211212
0.6625782
0.29355526
0.26126903
0.442716
0.66048586
0.33761117
0.57890683
0.6897422
0.35975158
0.34587994
0.4138257
0.7341407
0.6582629
0.3894511
0.82594806
0.33070832
0.5534133
0.84372073
0.5567283
0.90928745
0.2379465
0.027026972
0.040789988
0.7868409
0.37485796
0.9517104
0.24873312
0.23326373
0.95667976
0.97422564
0.29403603
0.754602
0.40975347
0.81219757
0.5491376
0.6518506
0.9225487
0.48797336
0.3704549
0.96661496
0.412332
0.08290257
0.12810737
0.6743974
0.015521077
0.0073485705
0.0062147435
0.09857152
0.20986708
0.3193121
0.3946186
0.2012014
0.3516103
0.50459474
0.1381409
0.7047298
0.20525403
0.87063235
0.6225909
0.31436178
0.2311001
0.82501584
0.84535277
0.35994568
0.7950483
0.3005804
0.11264728
0.649185
0.06882952
0.10258449
0.55862755
0.9964702
0.24167223
0.4196136
0.71892893
0.40037483
0.7959588
0.7215633
0.053908087
0.11393708
0.30407143
0.43059412
0.6267175
0.94410384
0.14161505
0.5545837
0.55031925
0.6109497
0.55239236
0.53827834
0.5407533
0.6379433
0.50241315
0.07861694
0.79339343
0.39196488
0.69932425
0.6550926
0.36621797
0.6621708
0.19683066
0.112324566
0.6315833
0.5704454
0.13999523
0.75779134
0.22203499
0.27829796
0.7682146
0.053459045
0.3032181
0.15235965
0.20965268
0.20556612
0.8506951
0.9137449
0.16796897
0.8418993
0.1859849
0.54390275
0.28910345
0.88730186
0.32861012
0.20904075
0.21929778
0.035120536
0.5510445
0.6445376
0.36688408
0.13512762
0.3523585
0.28278285
0.46699113
0.8060539
0.5985953
0.59343535
0.7633764
0.2565892
0.027720753
0.89871114
0.6823929
0.47687164
0.083965175
0.87370056
0.6997701
0.08714388
0.90109885
0.31123662
0.052812673
0.2774211
0.17266865
0.25041106
0.20785385
0.9835908
0.5354487
0.12831654
0.2671724
0.3646591
0.8169004
0.69517094
0.48566917
0.29829255
0.9413251
0.9098909
0.0326997
0.5482911
0.7652826
0.7563459
0.82586837
0.17159945
0.8840923
0.9938933
0.17609952
0.9962872
0.7532213
0.9890037
0.9483869
0.20236586
0.47599217
0.71218437
0.92000955
0.30286428
0.07327966
0.326368
0.6813095
0.4883957
0.9739675
0.9200961
0.51507217
0.12940623
0.5593471
0.8333437
0.5219662
0.1259539
0.9172494
0.8480392
0.3870086
0.5727486
0.7054986
0.81578845
0.32462636
0.77157897
0.5110598
0.94208443
0.92947215
0.94982135
0.7678921
0.73856705
0.018058702
0.60224265
0.7648302
0.83124244
0.5073154
0.10282888
0.87025946
0.75552416
0.21858434
0.8082158
0.09038063
0.36036342
0.5577897
0.8480047
0.36824062
0.62527823
0.031554777
0.5002715
0.22426358
0.32960427
0.90910864
0.12071049
0.40826595
0.8583339
0.2279461
0.095099315
0.26225898
0.24083765
0.46337488
0.09131318
0.48308223
0.4131396
0.44386837
0.2904267
0.41417843
0.48297203
0.7114477
0.31080493
0.8793301
0.6647703
0.37625194
0.05050615
0.8507413
0.17338726
0.8038012
0.90145695
0.6591783
0.52907914
0.81177324
0.46953106
0.1552146
0.5157036
0.016810263
0.3267816
0.6304386
0.6573087
0.42978716
0.2579589
0.3965454
0.92020214
0.9717152
0.14209221
0.48668185
0.82906526
0.54866797
0.8555675
0.8176574
0.1322616
0.36075637
0.5500279
0.41613832
0.41437778
0.64839166
0.36792946
0.43061313
0.5695989
0.3462095
0.9109602
0.48868564
0.03609466
0.58424
0.84185714
0.96793294
0.6655912
0.78520525
0.99266315
0.37582344
0.7628777
0.79925287
0.7497651
0.21514726
0.20161456
0.35364348
0.46837863
0.722557
0.57197726
0.8059506
0.0054287147
0.8701034
0.38547274
0.35860085
0.31471506
0.16827686
0.39858645
0.91584426
0.8268563
0.12527227
0.6413594
0.461932
0.20860995
0.17747338
0.23861769
0.88707525
0.009305685
0.91177344
0.13534403
0.59822494
0.015576537
0.73316336
0.47401112
0.21791953
0.3651532
0.5390149
0.98601687
0.5422419
0.76401675
0.34413925
0.60223573
0.65868366
0.41777533
0.66941214
0.3717933
0.4191622
0.39717725
0.14984657
0.41499224
0.6437982
0.34148613
0.37955806
0.31184566
0.3809827
0.7498232
0.8246413
0.6912126
0.692973
0.16841269
0.9493876
0.5169389
0.0015029892
0.7655945
0.19405778
0.10874595
0.57192594
0.68811375
0.3575083
0.859346
0.9404031
0.13206075
0.8624327
0.8454102
0.34759423
0.9386571
0.046529263
0.77815586
0.52780575
0.44966426
0.5669165
0.1960309
0.03175133
0.69150394
0.01378468
0.3391566
0.3609057
0.81126314
0.34720823
0.5997026
0.92444986
0.22136295
0.02187456
0.46055073
0.7248976
0.22262351
0.93459445
0.80958825
0.023534006
0.44444633
0.339206
0.5166543
0.9288025
0.113371775
0.93007994
0.18774827
0.82479924
0.48999614
0.23121645
0.60800034
0.036520995
0.8545239
0.7982218
0.3548645
0.06545511
0.4095677
0.044350997
0.5949991
0.67158306
0.97561175
0.16530347
0.5102392
0.4400026
0.78854036
0.9573369
0.34309047
0.39916646
0.15992345
0.15228683
0.27050942
0.42235765
0.3037994
0.015515473
0.7884952
0.5013453
0.03086763
0.48648968
0.793088
0.8307434
0.6473898
0.08356402
0.18433455
0.65065277
0.50697976
0.7658165
0.9625491
0.45132503
0.7821459
0.61471325
0.16999169
0.504731
0.08557946
0.39528218
0.8757924
0.68757194
0.89602804
0.9209506
0.8309215
0.34289557
0.5148416
0.2932859
0.71918476
0.40966305
0.9815857
0.9444052
0.56298876
0.66925514
0.115456715
0.6777653
0.50632244
0.58906275
0.6851964
0.16255412
0.31915817
0.49514905
0.23648933
0.43202612
0.09159193
0.49028924
0.96198195
0.9444066
0.26369104
0.15371706
0.9063489
0.23253152
0.453736
0.84226274
0.33495784
0.74533296
0.7753192
0.734194
0.7266902
0.42724147
0.2524394
0.63204
0.36897406
0.31405106
0.80067253
0.40028912
0.5973906
0.042246502
0.73998845
0.112694
0.6219704
0.030868614
0.2921802
0.6440522
0.049416356
0.37863198
0.02504973
0.5747803
0.6538927
0.18636186
0.43855214
0.08126624
0.2259559
0.7860335
0.16435583
0.49218437
0.20120053
0.29006255
0.11653967
0.72966677
0.46829098
0.40062955
0.14771903
0.6021099
0.2926235
0.9750594
0.7915957
0.22133718
0.5380004
0.7537985
0.5194776
0.36373776
0.36024827
0.9859465
0.57414436
0.126744
0.12011156
0.70499325
0.0406128
0.8154105
0.90365326
0.8031895
0.71971154
0.9274977
0.4290746
0.46372372
0.72917044
0.071262956
0.7280516
0.62929296
0.9267825
0.8002524
0.49841672
0.48345384
0.5893128
0.38206172
0.03474714
0.8966919
0.83529526
0.26625052
0.41272768
0.50201386
0.006060848
0.42342776
0.036309216
0.74645394
0.98268163
0.9033869
0.3908843
0.7172924
0.10560738
0.41029808
0.5815964
0.33292472
0.6378664
0.2540431
0.56428474
0.99125016
0.5629916
0.3412044
0.4076634
0.6845395
0.516383
0.28567564
0.9486194
0.44920957
0.07377858
0.25456986
0.8456581
0.3501611
0.8520319
0.69139504
0.5116825
0.16599523
0.5986392
0.34822342
0.92947155
0.66249764
0.15572454
0.1347614
0.5798928
0.90201414
0.010710593
0.7808717
0.10061667
0.053651407
0.15383409
0.53141326
0.46806723
0.33691755
0.37011153
0.39606747
0.36670306
0.6948284
0.31537515
0.09941925
0.2584895
0.5412852
0.12636974
0.6933388
0.77525663
0.42410368
0.85183144
0.5290152
0.9451006
0.7744245
0.27551508
0.87023705
0.78690356
0.1752317
0.8334915
0.46954095
0.8703835
0.09192184
0.14115217
0.5887515
0.2694969
0.27954108
0.8417197
0.97530776
0.926269
0.8573652
0.58191085
0.3851604
0.025473608
0.5053841
0.56298333
0.26027927
0.6709308
0.087186255
0.9517872
0.5253376
0.8581931
0.9284245
0.752802
0.21405739
0.01607762
0.6210437
0.10674173
0.41885728
0.028310671
0.833671
0.5576946
0.058576025
0.8700118
0.9836181
0.8213276
0.533007
0.06628918
0.3072152
0.89757353
0.07239791
0.29133207
0.5257152
0.3176081
0.42081502
0.45032582
0.9577376
0.048699908
0.1784889
0.6500431
0.0075674243
0.1061236
0.040437825
0.87156606
0.7692481
0.45690373
0.687152
0.84181666
0.32592267
0.036569785
0.43672046
0.86036485
0.4590129
0.17320333
0.35067862
0.24066846
0.25652525
0.30545548
0.7119845
0.9378677
0.6338661
0.4055318
0.7300895
0.701821
0.7126135
0.166141
0.49491578
0.005383534
0.8435534
0.42374855
0.30225438
0.32791007
0.1754336
0.8350954
0.93875843
0.32384667
0.73366743
0.0884179
0.016145444
0.15720752
0.9752782
0.5783348
0.9984373
0.1934011
0.6815103
0.36523947
0.78269845
0.96668875
0.16510342
0.17042248
0.15261029
0.87263435
0.9512557
0.30742812
0.8456575
0.60729116
0.5342718
0.3237259
0.84358424
0.45659646
0.5387732
0.89890945
0.62501436
0.15895754
0.7933725
0.008765943
0.33878675
0.2618105
0.6465439
0.4950762
0.454513
0.23046657
0.5141682
0.27245507
0.51595485
0.7901678
0.5715408
0.20110032
0.93162864
0.004714219
0.89789164
0.21822198
0.9533066
0.21088275
0.44196245
0.39312044
0.44630247
0.7564383
0.7446271
0.9648161
0.24926838
0.7569727
0.72901434
0.21812102
0.95538443
0.04882665
0.4433183
0.44119737
0.9101815
0.011051175
0.22702177
0.36510646
0.14097874
0.42183506
0.2449754
0.5420786
0.72269535
0.655175
0.5401877
0.63794315
0.779584
0.90002394
0.9886768
0.08154655
0.61846393
0.782326
0.6757601
0.3616898
0.99028903
0.1415909
0.884711
0.1662056
0.31987056
0.63978493
0.82265246
0.5817065
0.20090212
0.842979
0.3891287
0.12497887
0.3690279
0.013768559
0.3532322
0.93352395
0.007626244
0.33963975
0.8547379
0.99170256
0.35199916
0.021256734
0.60177505
0.42568648
0.66879904
0.95303047
0.7103401
0.58929354
0.54450333
0.5316392
0.6499414
0.9447685
0.7129663
0.0434024
0.7615728
0.34781387
0.46934012
0.4173853
0.63924795
0.37338114
0.53869694
0.41680437
0.93838227
0.3731358
0.8613264
0.28032747
0.05232519
0.17337169
0.279651
0.16776279
0.18364038
0.34840137
0.8334806
0.22811624
0.13298063
0.19741017
0.3738879
0.6389201
0.103594445
0.20256996
0.312611
0.23224255
0.79359573
0.7919747
0.89255184
0.4616292
0.2658068
0.89561194
0.120072894
0.5357816
0.16438574
0.20131855
0.4940807
0.7771023
0.8592447
0.16766179
0.28009108
0.90732473
0.30820024
0.8392325
0.46228546
0.90819615
0.5557068
0.68807614
0.13251056
0.95402026
0.11953671
0.91399
0.97565544
0.7722659
0.9241295
0.34530234
0.40814367
0.34992397
0.3142998
0.29789364
0.27943802
0.9949472
0.15054145
0.5865321
0.48951152
0.3604927
0.0390886
0.8345655
0.23129177
0.5750284
0.8120467
0.5794065
0.095210694
0.30327302
0.5101755
0.2371922
0.5342305
0.31688604
0.79834104
0.21755417
0.71215034
0.34029737
0.70296556
0.14831752
0.24169363
0.20555326
0.58015937
0.63654715
0.9239451
0.8973655
0.28669813
0.06318923
0.9242545
0.88460255
0.35798973
0.86590654
0.24058227
0.008032984
0.75356025
0.2454279
0.88867944
0.8669451
0.06573076
0.21000548
0.23890732
0.06467069
0.8777092
0.4174007
0.9017251
0.09257888
0.4873544
0.65468895
0.9653639
0.15403102
0.08965775
0.42755038
0.119934104
0.92345226
0.5768475
0.47570035
0.29711005
0.28857526
0.26620317
0.39726144
0.4899209
0.38191906
0.42275414
0.63560516
0.27473885
0.65760744
0.79742414
0.78085524
0.53242695
0.9455072
0.28090498
0.8551574
0.4202614
0.9641423
0.7813584
0.3261944
0.44177306
0.7622547
0.024841541
0.49734133
0.360097
0.73691684
0.13809302
0.18722151
0.9283023
0.43772462
0.9103372
0.3301117
0.8685082
0.023210667
0.9002648
0.23801847
0.8233216
0.41938365
0.4080922
0.9503425
0.6617323
0.7066149
0.17344289
0.08170355
0.020417886
0.8239856
0.39372796
0.5415861
0.46380988
0.12064144
0.41507646
0.5582753
0.3599717
0.9443592
0.08324569
0.008907582
0.29075164
0.593387
0.22493744
0.797691
0.5646741
0.2584712
0.55770105
0.67057073
0.6277035
0.4345683
0.63099086
0.50340384
0.6379722
0.029117752
0.26256785
0.82267046
0.30109465
0.48720947
0.81590503
0.41534498
0.22830255
0.9835141
0.05836572
0.118006766
0.5799963
0.19769685
0.12450761
0.17250042
0.74532825
0.9576572
0.002145632
0.79976106
0.815314
0.6950959
0.064410545
0.5783852
0.6431052
0.6270089
0.15710072
0.53008026
0.85156626
0.825145
0.41311458
0.7384852
0.29669592
0.9807086
0.46141598
0.1506345
0.45295703
0.111534774
0.9028481
0.9020391
0.8709433
0.7500632
0.59392005
0.43799517
0.49347046
0.4362009
0.53271115
0.6653054
0.6654212
0.03952771
0.35724238
0.30055422
0.2024701
0.2923515
0.22995429
0.82939756
0.932278
0.48772725
0.97338533
0.03436969
0.58302796
0.9541922
0.8352564
0.60899323
0.7835731
0.33516654
0.307868
0.34969786
0.21665339
0.50041646
0.7169163
0.71477365
0.47886273
0.31834665
0.05406126
0.31218264
0.63878864
0.8310183
0.87633616
0.8646151
0.8655165
0.6572169
0.31790307
0.5086905
0.6979814
0.7623831
0.9275299
0.3352953
0.9445019
0.41867608
0.08700808
0.53836083
0.79156065
0.60779566
0.817836
0.45787573
0.51140386
0.48780128
0.94005305
0.4876897
0.12550268
0.53747344
0.44205543
0.11675781
0.026137326
0.7944199
0.22402757
0.79198
0.68749154
0.64471096
0.41782314
0.58518875
0.08655173
0.91999954
0.58934844
0.84995204
0.7632696
0.0920658
0.9805057
0.49528202
0.30591586
0.62946963
0.2997526
0.7459396
0.38963926
0.9687782
0.9245037
0.27122062
0.46896806
0.052423526
0.7740643
0.79531217
0.08347634
0.0059520435
0.0682399
0.61378676
0.2735906
0.9067574
0.5837104
0.32785776
0.9790529
0.05283763
0.0007548265
0.5432347
0.8817227
0.09097395
0.08433774
0.41378975
0.7392041
0.41677865
0.7841685
0.88925266
0.14892352
0.0951292
0.3424716
0.19214155
0.031252235
0.5047935
0.4947363
0.93270075
0.58025825
0.17897142
0.9176533
0.15089159
0.65057963
0.10114984
0.11214355
0.8557352
0.42394924
0.8340025
0.055492513
0.9344363
0.725373
0.16389257
0.091886535
0.036925588
0.5292163
0.21056761
0.21007411
0.92113465
0.5800392
0.9395082
0.059371118
0.8167188
0.81146157
0.31301606
0.95945483
0.14428882
0.22003774
0.31825885
0.55251664
0.45017916
0.2541662
0.63741124
0.14637408
0.5661615
0.9737078
0.042064264
0.42285898
0.1559185
0.16630824
0.052654702
0.364996
0.8594807
0.06174478
0.9173194
0.47980437
0.53569645
0.80365187
0.22284514
0.54168457
0.72509134
0.5078858
0.12883008
0.55301493
0.16259812
0.67962116
0.13090916
0.7306227
0.5667009
0.09748686
0.34506994
0.84390897
0.11049531
0.97132033
0.48667273
0.51756847
0.08871692
0.3590642
0.5502776
0.8625144
0.22426604
0.6697342
0.04014655
0.92973083
0.024457654
0.61772025
0.27846277
0.7584058
0.12992328
0.023464173
0.77120626
0.8664018
0.37145677
0.6525818
0.12570827
0.43488625
0.2778315
0.004972608
0.5168864
0.52310234
0.9818599
0.9270147
0.44421026
0.43658864
0.15500446
0.71613795
0.5135986
0.34013626
0.053792387
0.22924219
0.7777709
0.085466586
0.68711454
0.99772155
0.7651005
0.42028224
0.5403619
0.3596881
0.18025583
0.4177201
0.46948543
0.77337366
0.5894894
0.86845046
0.103627905
0.052330855
0.374037
0.67476666
0.5861699
0.3992158
0.65805227
0.42991942
0.16576374
0.13197415
0.22818981
0.55750644
0.030184483
0.66251945
0.23264872
0.94569075
0.39190525
0.9014925
0.7644713
0.56404865
0.533305
0.6426792
0.71290797
0.53766185
0.4248748
0.99303555
0.36489394
0.23028985
0.32318205
0.09570114
0.37352884
0.11879058
0.17784397
0.0113614835
0.61743885
0.53089136
0.48136437
0.91985184
0.12975995
0.6418945
0.15794852
0.20839657
0.9074116
0.3089451
0.38323602
0.82019156
0.73175496
0.9553734
0.11872215
0.58360714
0.9519435
0.94986403
0.4048668
0.0937279
0.8448749
0.6745952
0.45188344
0.5599588
0.013665058
0.3562957
0.47005507
0.18581977
0.36303973
0.71263963
0.8021309
0.42263207
0.057707507
0.6743556
0.3254839
0.5172989
0.5120529
0.1866351
0.23378578
0.15948196
0.14108889
0.41863018
0.98562205
0.82337445
0.9491828
0.10251641
0.9047753
0.22708504
0.9580924
0.2343939
0.6643303
0.5098546
0.64426106
0.88643485
0.94575983
0.49250412
0.17101169
0.017417977
0.27051407
0.4093012
0.09197308
0.5862104
0.79386246
0.28559703
0.26580164
0.9759997
0.69323957
0.92216194
0.18419918
0.4317117
0.96105236
0.59148157
0.34380963
0.92452836
0.742512
0.82870036
0.49841535
0.6907973
0.838798
0.12778744
0.49283236
0.9137517
0.6324656
0.021489704
0.115475014
0.4639217
0.12163169
0.89167935
0.15627158
0.6569955
0.12693477
0.24416076
0.18165898
0.21044017
0.802772
0.1178308
0.37657043
0.17401469
0.23969778
0.29870427
0.20984307
0.5987104
0.5757768
0.71777606
0.9360932
0.0908933
0.097985364
0.7087814
0.084999956
0.97107035
0.92630535
0.8336368
0.018477485
0.17451741
0.5156668
0.2100416
0.45771143
0.39415568
0.7658522
0.22410025
0.50042576
0.4433713
0.37238893
0.3398914
0.908144
0.03329616
0.8620585
0.75885624
0.25344962
0.5407935
0.1872594
0.51860434
0.75437725
0.7432105
0.4916228
0.37287787
0.31077853
0.7614114
0.28157738
0.2738481
0.7963323
0.064790316
0.8741465
0.14157829
0.20184687
0.42570743
0.867212
0.8110761
0.7344051
0.9508919
0.1242949
0.7270119
0.22138092
0.04101532
0.42858553
0.90738875
0.68948483
0.3483354
0.5138512
0.5527148
0.9391748
0.6975608
0.7209025
0.025100624
0.7899909
0.338911
0.16043429
0.59792656
0.9581267
0.94145995
0.20634837
0.98432696
0.27041188
0.8721559
0.6494141
0.14552912
0.10171542
0.5468351
0.3099882
0.5607243
0.38519788
0.37361
0.68440974
0.30736575
0.6805589
0.30993468
0.37493932
0.56143856
0.33950588
0.04139037
0.74161357
0.48765108
0.51432323
0.17786145
0.90339077
0.9096889
0.80604213
0.40247947
0.7432838
0.035979208
0.090299435
0.6445384
0.39259842
0.55629766
0.3907746
0.6058221
0.070133254
0.41083488
0.2963463
0.5473343
0.049902458
0.06749763
0.878981
0.44399258
0.64927244
0.033809103
0.53625345
0.88369733
0.13767757
0.3587488
0.88623315
0.5392056
0.4476544
0.388853
0.22755857
0.92137176
0.2122242
0.91404694
0.8469699
0.9782554
0.71868056
0.82983816
0.91645557
0.086662136
0.60624456
0.37223068
0.88574123
0.05254964
0.9754377
0.5411434
0.41016915
0.39085588
0.4731087
0.8219995
0.878628
0.5607672
0.32447183
0.7363924
0.63482225
0.79551536
0.14042765
0.49146676
0.05345968
0.11584248
0.38876593
0.94753236
0.17897803
0.070351385
0.767719
0.37338412
0.3392523
0.90126
0.40635097
0.7633203
0.4421776
0.0893846
0.8132954
0.25661755
0.6065585
0.2026202
0.6445694
0.26146182
0.58482575
0.23132797
0.88681066
0.3483325
0.032650344
0.4726357
0.5870842
0.6815468
0.54748315
0.30750817
0.8834014
0.8849403
0.9440622
0.7237082
0.961083
0.9243622
0.48770812
0.6757468
0.045199767
0.3223102
0.10031017
0.7218623
0.85651076
0.9170666
0.61799777
0.754975
0.7585044
0.57978374
0.78637415
0.32973272
0.97941345
0.271568
0.5624286
0.033288762
0.35600966
0.56120944
0.3825991
0.6434897
0.21384141
0.68112314
0.63994265
0.45945874
0.47371542
0.9457335
0.07277065
0.6347622
0.4530867
0.86373824
0.07173383
0.35963565
0.99049044
0.3559807
0.3412043
0.40105647
0.56310624
0.041490193
0.50867754
0.44069433
0.028731301
0.010782335
0.16692321
0.5316607
0.12363189
0.67431784
0.17119859
0.04513798
0.47177473
0.6728513
0.52606165
0.73873353
0.015184294
0.98221695
0.42480588
0.7447851
0.9469725
0.64747787
0.82857114
0.74329597
0.30966118
0.5530005
0.68531275
0.5865187
0.46455508
0.050737213
0.114521965
0.95924777
0.46802822
0.0433215
0.24073821
0.042665537
0.105521455
0.79559755
0.7501695
0.99200225
0.9589882
0.8399477
0.6407392
0.18524113
0.58498377
0.69030213
0.84526384
0.34431455
0.65730524
0.26823324
0.6027939
0.9115792
0.2125027
0.44373673
0.8695839
0.30152726
0.061788905
0.117956415
0.46360743
0.4384608
0.3910293
0.22020982
0.73110443
0.173064
0.33185756
0.5822289
0.89922786
0.25313118
0.49652925
0.118324034
0.4271985
0.9589379
0.68167347
0.54560465
0.6509502
0.34618014
0.93222
0.87507117
0.8183967
0.7072716
0.5494157
0.28775594
0.39102665
0.4766245
0.92725587
0.9321995
0.43838093
0.7152393
0.223342
0.7114657
0.7861493
0.7160277
0.8784213
0.18159221
0.5905651
0.2913088
0.7260516
0.91476345
0.7674499
0.028763065
0.394213
0.13007756
0.42769188
0.33226848
0.4727676
0.011858955
0.69184774
0.52441895
0.47473308
0.45485225
0.41833186
0.6658462
0.71576935
0.64674544
0.69420666
0.31725648
0.1199478
0.93480426
0.79955196
0.8865789
0.11023769
0.39554018
0.44421142
0.4352213
0.6529033
0.6829783
0.7725722
0.5038176
0.5441241
0.08408845
0.3540927
0.36284333
0.81310856
0.10963032
0.26481187
0.62372667
0.4625705
0.14701936
0.31003165
0.75873196
0.21848245
0.4206136
0.38336784
0.7887426
0.34331378
0.8690504
0.7721311
0.6618993
0.78389454
0.5154569
0.8530267
0.76928395
0.833754
0.41573662
0.39971614
0.99350005
0.2607939
0.6309609
0.7377587
0.010994382
0.26933062
0.98190266
0.39822668
0.011645106
0.11564254
0.12650605
0.604619
0.91734695
0.3032293
0.6160592
0.9956878
0.5551565
0.08399734
0.95102465
0.864263
0.19853413
0.9396588
0.20460273
0.9882375
0.11192546
0.55696493
0.3017332
0.8629121
0.199795
0.8644
0.48708463
0.004464205
0.106683806
0.4257651
0.24997498
0.32477304
0.532713
0.88590133
0.9081321
0.23174025
0.7034623
0.79850554
0.7762796
0.37106442
0.2960816
0.33303434
0.75113344
0.7270184
0.3886436
0.36821815
0.90032196
0.097554825
0.33250296
0.22565329
0.38751855
0.38067338
0.6656569
0.5785489
0.44893447
0.20297019
0.25376707
0.41716486
0.42165673
0.3275193
0.9276852
0.15980402
0.9997187
0.119270176
0.92272455
0.42979667
0.4343027
0.16040151
0.18330692
0.9960904
0.60363877
0.0058158394
0.33817744
0.25416666
0.55870163
0.30868527
0.08291186
0.73844767
0.42518243
0.6735019
0.00064663845
0.47136587
0.8227472
0.9835166
0.71265787
0.73017377
0.22533545
0.893015
0.8886765
0.14299119
0.08426538
0.015064439
0.39026767
0.93830913
0.9784827
0.38013634
0.80406094
0.69631726
0.2277119
0.6863465
0.40009928
0.5395061
0.51117367
0.81717294
0.3503029
0.979716
0.19741069
0.020821387
0.77838546
0.9264643
0.9505073
0.8523076
0.86445457
0.7174028
0.645719
0.76891166
0.8727714
0.84115887
0.35211536
0.30479193
0.96614563
0.533163
0.21751672
0.26666576
0.8720154
0.7472173
0.97125334
0.92190313
0.263299
0.17158987
0.51794577
0.31698832
0.4190759
0.27215487
0.091305286
0.86121416
0.218888
0.36776444
0.8734977
0.09833694
0.9081693
0.9716778
0.18383645
0.13063142
0.71788985
0.21231844
0.22386314
0.9429254
0.8205563
0.46191183
0.12988813
0.77696854
0.6221432
0.49171934
0.09862928
0.9837949
0.68197304
0.29330194
0.96855736
0.4519219
0.67784303
0.1067669
0.5304555
0.5526544
0.12217891
0.62611866
0.50762737
0.72695327
0.34947175
0.287708
0.6934693
0.3245086
0.20633937
0.1539692
0.8377512
0.8154035
0.45025006
0.87107307
0.865244
0.54839313
0.22145458
0.74371654
0.51277864
0.41527942
0.13218212
0.8543602
0.66991526
0.9390544
0.53116703
0.010458823
0.97193086
0.8355715
0.3779108
0.7776239
0.48932177
0.12838261
0.42491975
0.70443475
0.2747339
0.5028742
0.77115756
0.9257619
0.86613315
0.12301088
0.84312785
0.71923906
0.33583933
0.38195226
0.33883053
0.2614762
0.3770463
0.26518667
0.89393306
0.40446112
0.9550381
0.6099156
0.6464437
0.9700751
0.7910905
0.18973187
0.11019256
0.50765747
0.6267409
0.45099288
0.46348432
0.16953817
0.90826046
0.44304568
0.3104965
0.47725692
0.2375624
0.52111125
0.004638585
0.82101625
0.34546718
0.65128267
0.064953715
0.85530424
0.3852658
0.024980446
0.16640568
0.7793898
0.34450576
0.6972038
0.40528375
0.5285842
0.9250583
0.38147658
0.4548987
0.4634434
0.52515644
0.278576
0.95644236
0.7881881
0.8275953
0.011861936
0.35199776
0.79347295
0.53502744
0.28923663
0.9877321
0.30889738
0.96337825
0.295641
0.7079576
0.39144778
0.5994257
0.23296458
0.75628376
0.6233676
0.52639776
0.54574585
0.23629367
0.17350022
0.27699044
0.47723892
0.73253053
0.31633765
0.9206113
0.7161056
0.068751626
0.224351
0.56505495
0.08648201
0.6293116
0.4335267
0.30463398
0.941738
0.9894016
0.64993024
0.72606754
0.56557167
0.84811705
0.11894759
0.03927396
0.5652485
0.85253865
0.058724448
0.25396407
0.2230503
0.07764549
0.7419351
0.27148163
0.3545
0.8480567
0.46212333
0.33166695
0.61191803
0.80843806
0.03211293
0.3969375
0.46947846
0.17944814
0.7234414
0.53663135
0.3680369
0.8206657
0.15408355
0.37566438
0.082701646
0.84566134
0.41188955
0.80067414
0.41496608
0.87910485
0.2920918
0.124767065
0.35190317
0.9908304
0.6451598
0.96996045
0.5583502
0.007868208
0.97330767
0.5092333
0.5282927
0.95567966
0.68479204
0.12151377
0.2574018
0.9181816
0.14118648
0.6363186
0.32274744
0.2548692
0.04492142
0.81519985
0.6438083
0.97650987
0.315004
0.15689088
0.6797887
0.9847306
0.32357126
0.9180934
0.7973676
0.90485394
0.16027488
0.09026705
0.16038655
0.25911638
0.79374444
0.9865656
0.6294042
0.7894928
0.37016094
0.741293
0.8541784
0.3758372
0.7605941
0.75365156
0.47781122
0.2035891
0.7915536
0.75176203
0.96639746
0.45625755
0.7485156
0.288818
0.6529849
0.36962464
0.57631093
0.69669425
0.8896487
0.6052713
0.10592716
0.044202693
0.3693779
0.57642955
0.7246742
0.6781843
0.96381795
0.8891427
0.07930597
0.5301127
0.7671011
0.050986458
0.90764433
0.063818276
0.69731486
0.46169886
0.7843155
0.17184879
0.33270192
0.63543624
0.6567767
0.14193776
0.7423844
0.8729091
0.87659764
0.42437378
0.7096484
0.070139885
0.80255514
0.9343528
0.9872584
0.6864337
0.061118647
0.39652026
0.5986795
0.09940008
0.954622
0.77213436
0.789315
0.90769476
0.97260404
0.16628858
0.839819
0.9374653
0.10833956
0.53509724
0.06838594
0.18380246
0.28493455
0.64958507
0.3954595
0.76208067
0.84504426
0.38581043
0.47228605
0.90119576
0.8167902
0.14040852
0.8107445
0.17428868
0.73986423
0.43727198
0.59690523
0.9521766
0.12301469
0.09145073
0.79750246
0.761367
0.3505144
0.8809897
0.13326678
0.9134367
0.5964619
0.13347194
0.58798736
0.15367302
0.12906498
0.86540073
0.35413206
0.1072447
0.5995627
0.95580715
0.28522903
0.039937157
0.23075065
0.8154522
0.9379986
0.9820451
0.24759898
0.58493036
0.17433101
0.7905894
0.6958469
0.6360749
0.8745005
0.8850124
0.52608424
0.21277578
0.62270975
0.2745027
0.56120825
0.13914095
0.5170889
0.4763876
0.8687883
0.3514831
0.7467378
0.41876453
0.5200991
0.7286703
0.4615057
0.9318756
0.68199664
0.92104465
0.73858273
0.991287
0.906997
0.09370081
0.7244059
0.9130659
0.45405793
0.9572698
0.037439045
0.14926992
0.6404345
0.92173433
0.41326642
0.9206533
0.87336975
0.3106876
0.103353344
0.3270727
0.57708293
0.72781026
0.9162764
0.030424083
0.55032283
0.84002095
0.0018222801
0.7104681
0.53665596
0.86971
0.55228555
0.55875546
0.40421644
0.07393092
0.51380485
0.9751036
0.23222895
0.5134128
0.9805335
0.120686576
0.9932815
0.17623624
0.7711562
0.5291564
0.89426905
0.50789386
0.4985194
0.06776779
0.10232589
0.50335395
0.3314161
0.10712388
0.6841472
0.027641919
0.10992479
0.40547022
0.027249377
0.5534923
0.38147756
0.97713715
0.94648266
0.31858748
0.38349816
0.9575806
0.9897378
0.8143129
0.36666182
0.300144
0.64583343
0.70214397
0.47093183
0.48733926
0.6844456
0.9858027
0.4617443
0.11007683
0.07589852
0.39162078
0.22514865
0.47859114
0.6043684
0.9668547
0.8921464
0.45556203
0.9658757
0.7438288
0.25240383
0.14062367
0.39021274
0.641778
0.622383
0.30142978
0.8898908
0.08501919
0.90138537
0.8388109
0.04855157
0.94091165
0.67296875
0.15621346
0.61264306
0.4572516
0.37827456
0.8306822
0.9187607
0.34103703
0.8320948
0.15166996
0.74057555
0.116273925
0.27595124
0.8204167
0.54596776
0.8204516
0.22131252
0.72257423
0.7966741
0.6636633
0.07023542
0.033356488
0.42196566
0.8273882
0.106844455
0.08661154
0.2663338
0.6327457
0.7712773
0.9725929
0.16405873
0.18510088
0.01980069
0.37026805
0.31816033
0.3985997
0.34264493
0.79199994
0.2301795
0.052143432
0.61373144
0.8679659
0.29379326
0.3305922
0.31855243
0.56276727
0.41427106
0.7818283
0.9144103
0.4074433
0.33658004
0.007119757
0.956434
0.4843388
0.5722181
0.94843525
0.082709745
0.657375
0.61281323
0.5037905
0.5274856
0.84211755
0.40518266
0.6390311
0.8789759
0.9231528
0.56084013
0.6725005
0.058139812
0.46017525
0.26044732
0.89215004
0.9636195
0.7723216
0.7754142
0.17194052
0.37864426
0.43727177
0.48542488
0.33398956
0.99633425
0.35137618
0.9667888
0.9300801
0.7880449
0.3777139
0.6030488
0.90113354
0.34013718
0.5053492
0.6191581
0.3409646
0.71458465
0.8688292
0.030907704
0.5231248
0.5712143
0.17161836
0.9266259
0.99924666
0.99352026
0.5014967
0.7139543
0.48337445
0.23878957
0.5798058
0.6260569
0.87378913
0.640401
0.44848993
0.9626676
0.25243038
0.52450943
0.12573467
0.28844854
0.9610567
0.78065735
0.73921764
0.7157105
0.84639573
0.41463426
0.78607905
0.71033907
0.5172768
0.25750482
0.1714046
0.672351
0.15081751
0.20715304
0.6554184
0.41221887
0.008955787
0.1556555
0.50034136
0.5467659
0.24359769
0.6466444
0.5796497
0.83247274
0.71257794
0.96217746
0.06414193
0.5189967
0.35317686
0.515961
0.01916895
0.5174524
0.38543916
0.8931717
0.8186564
0.80092424
0.17957139
0.73272556
0.38253218
0.93036324
0.12233031
0.5383423
0.45279887
0.2675267
0.12160415
0.29100576
0.5424977
0.93949056
0.60049546
0.9872581
0.18531266
0.20816138
0.21560897
0.055445254
0.5244422
0.3251375
0.46508855
0.045266196
0.80909926
0.4943449
0.7852475
0.61253655
0.0051408242
0.70665103
0.57173204
0.04843929
0.8582209
0.6086047
0.25844082
0.01892526
0.9122822
0.9269784
0.9137289
0.36315674
0.4846804
0.44446632
0.20284669
0.39019975
0.2630392
0.021264205
0.07853993
0.08699443
0.98217076
0.18763521
0.4717147
0.6654527
0.2654505
0.7731233
0.5066794
0.33352405
0.5123377
0.19301604
0.62016165
0.44740137
0.6907686
0.5593887
0.38711745
0.8239738
0.6406666
0.28456965
0.9455119
0.5847575
0.60151786
0.9748396
0.3670511
0.008041293
0.5399541
0.2370165
0.82761776
0.47643813
0.29089054
0.777342
0.7036076
0.060275733
0.692213
0.25734013
0.2688976
0.7312517
0.31728896
0.034477472
0.23443471
0.7407538
0.35573536
0.89705706
0.72215813
0.5711122
0.14553604
0.079433024
0.2935162
0.06384058
0.23979613
0.2983565
0.86214995
0.44763
0.96324843
0.13462898
0.45152187
0.6744944
0.42934963
0.113041006
0.26341406
0.6416037
0.9446147
0.65586126
0.20291138
0.86678576
0.5023242
0.25647122
0.043888245
0.097367495
0.010154984
0.19954161
0.8020679
0.11302371
0.101434454
0.8940921
0.3782165
0.15667902
0.8295534
0.030955324
0.03288488
0.16060212
0.4850545
0.80440176
0.32356295
0.31528455
0.92982966
0.7690614
0.6401491
0.09302357
0.5732284
0.38278916
0.8011326
0.53205574
0.49813345
0.716922
0.8582012
0.23158921
0.07691922
0.34165016
0.74195206
0.85642046
0.38593572
0.1829737
0.06851019
0.61121345
0.6735716
0.15726826
0.07608939
0.43578407
0.033781108
0.85549843
0.42166278
0.16009022
0.26723957
0.4275628
0.31837466
0.0330426
0.64896417
0.5141018
0.902351
0.46960783
0.5689667
0.8073345
0.57673335
0.016547041
0.98562884
0.5986313
0.6472976
0.4676292
0.4349077
0.120775945
0.32944152
0.16739032
0.11480765
0.2421431
0.52278274
0.11695272
0.6836009
0.98087955
0.13521002
0.8038273
0.77324677
0.68006593
0.7359848
0.8917099
0.7180619
0.45190072
0.21763043
0.7357949
0.99453026
0.5109104
0.5007396
0.39949185
0.68643534
0.3930745
0.49338335
0.16383637
0.55558807
0.18781452
0.2734866
0.4728188
0.0289916
0.17393856
0.14292984
0.16757259
0.45143571
0.54621166
0.94489497
0.2890743
0.51431334
0.035430975
0.9303287
0.5229471
0.8180358
0.88939303
0.30487147
0.011455704
0.6645543
0.09097297
0.72761583
0.5890583
0.3004913
0.6357041
0.38257465
0.5857026
0.56391424
0.3707477
0.95025337
0.5854435
0.6460097
0.6753564
0.011541037
0.32206511
0.78084624
0.9492032
0.4708739
0.350913
0.053184193
0.8790071
0.7593346
0.32417774
0.63557214
0.21373177
0.64304155
0.5626249
0.7980887
0.557215
0.29179242
0.8825474
0.9045822
0.95834345
0.44875756
0.12809929
0.08193436
0.8574785
0.83615106
0.92065156
0.33926478
0.5115372
0.8597088
0.8640912
0.54024434
0.49808922
0.61830026
0.9905362
0.91175336
0.45350906
0.34907493
0.8531615
0.939379
0.2324792
0.9800885
0.24994653
0.8208429
0.22062466
0.8494123
0.5577909
0.6061844
0.8366192
0.39745393
0.34352368
0.6913778
0.08845321
0.046424154
0.29040474
0.087582745
0.44475585
0.056121062
0.2807335
0.36818647
0.4703797
0.40398228
0.55786353
0.073776804
0.60018045
0.91480285
0.7329568
0.032992795
0.5871524
0.44771415
0.23024039
0.6338566
0.39593813
0.72019905
0.77856195
0.97798866
0.3119316
0.35283428
0.80551773
0.55398923
0.6444567
0.92659163
0.12871468
0.9724055
0.483644
0.11622082
0.49011403
0.6843574
0.14546576
0.63263273
0.6929258
0.8571141
0.0638796
0.13557072
0.16176955
0.9741165
0.62227637
0.3900512
0.6727353
0.0010737854
0.9216686
0.2712523
0.6543392
