0.76271635
-0.7696916
-0.7696916
-0.7696916
-0.7696916
0.68813246
0.6820277
-0.688265
-0.688265
-0.688265
0.29156637
1.8673542
-0.8072748
-1.7508204e-05
7.2306584e-06
3.7500853e-05
-3.50861e-05
-7.610075e-06
4.3259147e-06
-1.7856136e-06
2.6754437e-06
-1.51820395e-05
-2.5174334e-06
2.517435e-06
5.4322704e-06
1.1254879e-05
-6.518306e-06
2.981728e-05
-2.164323e-05
-1.8342886e-05
7.275958e-12
7.743423e-05
-2.9033827e-05
-4.1309217e-05
2.1103593e-05
-5.2731275e-06
9.314245e-05
-0.00011645082
2.171175e-05
-1.4699177e-05
1.9090934e-05
-2.2941416e-05
4.573565e-06
2.8332124e-05
-3.248251e-05
5.1291718e-06
2.6920561e-05
-3.257053e-05
2.0424766e-05
1.6889588e-05
-3.681045e-05
8.37489e-06
6.232416e-05
-5.283491e-05
2.860187e-05
4.4091266e-05
-8.782007e-05
1.5842546e-05
-1.7246513e-05
5.5212e-05
0.00010142612
-0.00015839718
7.882322e-06
1.3199518e-05
-8.508304e-06
3.2567106e-05
-3.9516948e-05
-8.379533e-06
-3.4170903e-06
3.4170916e-06
5.463943e-06
0.00012259807
-0.00010957554
2.5971964e-05
9.1378184e-05
-8.3705265e-05
7.4146206e-05
9.377622e-05
-0.000114309616
-0.000101849066
0.00012084193
-9.9023186e-05
9.367635e-06
-1.792956e-06
0.00017550013
-0.00021524244
4.5939698e-05
-3.753915e-05
5.592473e-05
-5.823438e-05
-4.709203e-07
0.13077353
0.016747305
-2.4367124e-05
-4.604566e-05
7.3430397e-06
9.636362e-05
-7.77284e-05
4.6523666e-05
-7.071825e-05
7.858603e-05
2.4804249e-05
-5.1716357e-05
-1.7792076e-05
2.345311e-05
-1.4817808e-05
-6.2677645e-06
0.24357386
0.16333821
1.3588315e-06
0.00013913341
-6.4005726e-05
-2.4567873e-05
-4.562197e-05
-8.925007e-06
-2.2983254e-06
4.431295e-05
0.00014951629
-0.00020017789
2.1851896e-05
0.000102839054
-0.00011564991
5.2393996e-05
-5.6099194e-05
-6.4401816e-06
1.1116038e-05
7.7713285e-06
1.0583961e-05
-2.1488167e-05
5.985451e-06
5.560531e-06
-5.730531e-06
-1.076919e-06
-1.075469e-05
1.3622564e-05
1.1136888e-05
8.626727e-05
-7.737393e-05
-1.5874302e-05
-1.2570991e-05
1.1374763e-06
-4.7159297e-06
3.7431754e-08
0.00027141155
-0.00019690015
-6.046501e-05
-1.1650072e-05
6.993219e-05
2.3811379e-05
-8.820698e-05
0.00027410046
-0.00015305477
-9.6219665e-05
-2.3031926e-06
2.1653304e-06
1.6381835e-05
3.921403e-06
-3.1521744e-05
-5.9023292e-05
2.1409873e-05
2.5770174e-05
5.0172937e-05
-3.3592154e-05
-2.768878e-05
1.9621782e-05
2.5574638e-05
-2.5530567e-06
-2.3122324e-05
1.4630481e-05
-1.87738e-05
-1.3843016e-05
9.634601e-06
9.653529e-06
3.6151785e-05
-6.15193e-06
-1.5140626e-05
1.16556985e-05
5.004369e-06
-4.7052377e-05
5.6275592e-05
-5.147743e-06
-5.2487285e-05
5.2816475e-05
-1.9960453e-05
-2.1189813e-05
3.7612783e-05
-3.665144e-05
3.7709247e-05
-3.288688e-05
3.9107174e-05
-5.212752e-05
2.5582387e-06
7.427107e-06
-9.222904e-06
2.4704885e-05
-3.3578137e-05
1.8516203e-05
-7.6136084e-06
9.1206875e-06
2.110278e-05
-2.7578932e-05
3.5875637e-05
-1.6515369e-05
-1.9269892e-05
4.856169e-06
2.9580106e-05
1.0655518e-05
-1.4373222e-06
-2.2908922e-05
-2.1648002e-05
8.747836e-06
-2.3163528e-05
1.3435705e-05
3.0716215e-05
4.187231e-06
9.387735e-06
-1.2683741e-05
-2.592665e-05
3.8704733e-05
-5.0937004e-05
3.3673103e-05
-1.3500115e-05
2.2160168e-05
3.1875788e-06
8.660643e-07
-4.0774383e-05
-3.651676e-06
2.2463115e-05
1.2464234e-05
-7.450736e-06
-1.3051594e-05
-9.612905e-06
1.0479058e-05
4.0823674e-05
-5.1971958e-05
8.188322e-07
-5.331373e-06
-7.0567658e-06
5.744303e-05
-2.1458905e-05
-9.747888e-06
2.5471165e-05
-1.4891296e-05
-2.26281e-05
3.0352376e-05
7.4479453e-06
-3.2834123e-05
-4.834934e-06
2.9250987e-05
-3.4890647e-05
4.138856e-06
3.7373477e-05
-8.086013e-06
1.9474908e-05
-5.919017e-05
1.1467405e-05
3.5785964e-05
-3.8420414e-05
3.3156804e-05
1.8934657e-05
-1.9859184e-05
1.6197097e-05
-3.6920002e-05
9.074362e-06
-1.9350495e-05
3.7155628e-06
2.8830078e-07
-5.3180224e-06
4.5839366e-05
-3.297813e-05
-1.03945085e-05
4.3683167e-06
9.04426e-06
7.705917e-06
1.3524045e-05
-3.598888e-05
1.1235534e-05
3.590477e-05
-8.7626795e-06
-4.0201878e-05
1.3800156e-06
-1.2578308e-05
2.9562802e-06
2.4565916e-05
1.2642742e-05
-3.5179648e-05
3.1324125e-05
-3.1036296e-05
2.7527003e-06
5.1027233e-05
-3.8208727e-05
-2.546673e-06
-1.0399293e-05
2.7913231e-05
7.5690987e-06
-6.2926283e-06
-9.27601e-06
2.299549e-05
-8.778345e-06
-4.5454264e-05
4.8102243e-05
-1.4381015e-05
1.7372397e-05
-3.49612e-05
8.307429e-06
-2.4633764e-06
-1.5585512e-05
8.095293e-06
4.5719127e-05
-1.3601503e-05
-1.4446961e-05
-2.431138e-05
-4.9052524e-06
3.6718808e-05
-2.4593592e-05
3.297658e-05
-1.8917057e-05
1.5343402e-06
-2.515272e-05
3.4037515e-05
1.8389583e-05
-5.5352906e-05
3.4552377e-05
-3.221264e-05
2.0237005e-05
-6.1522733e-06
-1.36771e-05
2.4551755e-05
1.0689519e-05
-3.8220784e-05
1.5434973e-05
1.4842377e-05
2.4581432e-05
-2.5458152e-05
-2.0013946e-05
8.345641e-06
4.1717016e-05
-5.226556e-05
2.803613e-05
1.0526371e-06
-1.8951241e-05
2.6608848e-05
-2.7679594e-05
5.4196826e-06
-7.485072e-06
-4.894164e-06
2.2820379e-05
-1.6142962e-05
2.119179e-05
-2.4977753e-05
-7.702088e-06
2.3514207e-05
1.3067091e-05
-2.0126328e-05
-1.7629476e-05
3.20243e-05
-1.1062124e-05
2.025079e-05
-1.2552995e-05
2.2100836e-05
-1.0070184e-05
-9.085577e-06
-2.37223e-06
1.5611047e-05
-4.6984365e-05
4.9443654e-05
-2.5392399e-05
2.3131968e-05
-3.0369738e-05
3.379839e-06
2.709856e-05
-2.3997818e-05
2.8144123e-05
-4.233193e-05
-5.3352774e-06
2.9365874e-05
-9.971058e-06
-2.471174e-05
6.0827857e-05
8.800664e-07
-5.655561e-05
4.4810287e-05
-1.2736578e-05
8.3576215e-06
6.2237646e-06
-2.4145258e-05
-3.5871328e-06
-1.3643329e-06
2.9724524e-05
-3.313997e-05
1.9396852e-05
-2.1563688e-05
2.188313e-05
8.439879e-06
2.0041836e-05
-5.676358e-05
4.8824913e-05
-4.3648917e-05
3.552607e-05
-4.9546936e-05
4.5448644e-05
9.860275e-07
-1.294432e-06
-3.7403788e-05
3.4776158e-06
1.3421553e-05
-1.1417296e-05
-2.9961134e-06
1.0854223e-05
3.584204e-05
-5.3459327e-05
4.0541574e-05
-4.4868862e-05
2.0981888e-06
6.263226e-05
-7.2244443e-06
6.443636e-06
-4.7889782e-05
4.608461e-05
-3.127979e-05
2.5912192e-05
-3.7448233e-05
1.2702563e-07
2.8441164e-06
2.8567232e-05
-5.1701805e-05
6.243039e-05
-3.6261354e-05
2.0587659e-05
-4.296489e-05
5.7092082e-05
-3.1115265e-05
-1.7510745e-05
2.024357e-05
-5.7421844e-06
-1.9077082e-05
5.1653253e-05
-1.1969682e-06
0.41944256
0.29474187
3.479559e-05
-1.8723297e-06
-5.3386182e-05
1.4041758e-05
2.7625867e-05
-3.556995e-05
-8.416763e-06
-8.246503e-06
0.69210297
3.093425e-05
-9.659335e-06
2.0804571e-05
-2.3039393e-05
-6.6058706e-06
3.928634e-05
-4.1181185e-05
1.1072712e-05
1.9750158e-05
-1.4480578e-05
5.478165e-06
3.1245247e-05
-5.1587765e-05
-8.6723085e-06
9.29993e-06
2.0432204e-05
3.054034e-05
-7.867435e-06
-5.431725e-05
1.045489e-05
1.523996e-05
1.2782048e-05
-1.2068353e-05
-2.3051321e-05
4.7358386e-05
-9.767974e-06
-1.5001486e-05
8.948948e-07
1.02067925e-05
-3.5527255e-06
-1.6859114e-05
1.4302266e-05
-2.2777482e-05
1.9272939e-05
1.758175e-05
-2.3098291e-05
1.7770079e-06
7.169204e-06
-1.46657e-05
2.2536009e-05
-2.7158481e-05
3.1446427e-05
-5.0743793e-06
-9.190962e-06
-1.2498473e-05
7.846414e-06
3.4021137e-05
-3.006435e-05
-7.96703e-06
3.2233984e-05
-5.2989362e-05
1.0691843e-05
1.0910665e-06
3.7164486e-05
-1.4455322e-06
-7.930902e-06
1.4448516e-05
3.0228493e-06
-5.1930558e-05
4.3164146e-05
-2.7091384e-05
3.9480503e-05
1.697188e-06
-4.7642072e-05
2.2573664e-05
-3.0509795e-05
3.97194e-05
1.35127475e-05
-1.7731131e-06
-1.7679635e-05
-3.532804e-05
5.470335e-05
-3.872112e-05
-9.990986e-06
4.853482e-05
-2.2420707e-05
1.0486471e-05
2.1469028e-05
-2.1310865e-05
-3.0404663e-05
-8.845901e-06
-7.3106307e-06
4.1484295e-06
-2.638828e-06
4.884814e-05
-1.1738428e-05
2.0074942e-05
-2.165784e-05
-2.87327e-05
2.0125608e-05
-1.284743e-05
1.7722334e-05
-1.3657063e-05
5.674716e-06
-1.218275e-06
-1.3582527e-05
2.8287748e-06
1.6909647e-05
-1.9622288e-05
2.067403e-05
-2.1051768e-05
3.5453748e-05
1.051252e-05
-5.4387103e-05
4.4191616e-05
1.22401225e-05
-2.02505e-05
9.740177e-06
-4.5490924e-05
5.0211393e-06
1.5671172e-05
1.8062667e-05
5.6537006e-06
-2.0723272e-05
-7.985412e-06
1.579969e-05
-2.3180928e-05
4.4488897e-05
-4.0661173e-05
1.4345647e-05
1.616715e-06
-6.5786953e-06
2.636696e-05
-1.798622e-05
-1.5116855e-05
1.1152033e-05
-5.7960956e-06
3.7779624e-05
-5.6295496e-05
2.3123379e-05
1.5632228e-05
-3.9339506e-05
2.9465049e-05
3.0902032e-05
-1.9307921e-05
7.592155e-06
-2.4152861e-05
3.1526786e-05
-4.180169e-06
-1.5397758e-05
-1.062866e-05
-2.3573884e-05
5.650904e-05
-3.3122633e-05
-2.1798276e-05
3.357867e-05
-2.0238569e-05
9.169973e-05
-5.904288e-05
-3.8821112e-05
1.7341918e-05
-3.2590568e-05
8.187351e-06
-4.2992906e-06
2.8261693e-05
-1.546758e-05
3.900138e-05
5.7979214e-06
-5.68339e-06
-4.5421475e-05
1.5248405e-05
3.1774114e-06
-1.6368675e-05
3.2270433e-05
1.4957786e-06
-1.3841966e-05
9.789146e-06
-2.4376062e-05
-1.9971712e-06
1.2955358e-05
-5.3562007e-06
8.117014e-06
2.2931441e-05
-1.2800184e-05
5.9525246e-06
7.1142035e-06
-2.3669112e-05
2.7076316e-05
-1.2657557e-05
-1.1050597e-05
1.1302927e-06
1.7782391e-05
-1.8631585e-05
-3.3019758e-05
4.863906e-05
-1.7903572e-05
-2.1043202e-06
2.921795e-05
-3.7445985e-05
1.109093e-05
2.6278309e-05
-1.9580124e-05
1.2107401e-05
-3.0361834e-05
1.2300461e-05
-2.4877967e-05
3.5809582e-05
9.991505e-06
4.5286183e-06
-3.823207e-05
4.1436204e-05
-1.8410045e-05
-3.755444e-05
2.1611966e-05
3.0398722e-05
-1.5052337e-05
1.4528688e-05
-3.82968e-05
1.416976e-05
-1.5380128e-05
-4.8042984e-06
2.1063313e-05
8.894323e-06
-1.3046761e-06
-3.6774858e-05
3.9410763e-05
-6.8662243e-06
-1.0943847e-05
2.2627473e-06
2.1040096e-05
-4.3250875e-05
9.9427e-06
8.310952e-07
3.3665732e-05
-4.8398147e-06
-2.8585215e-05
4.247279e-05
-1.0624637e-05
-1.4701433e-05
2.3625007e-05
-3.264389e-05
1.7946908e-05
1.0812393e-05
-3.7563725e-05
4.199849e-05
-3.467461e-05
1.1109955e-05
-3.0718593e-07
1.8893186e-05
-3.128798e-05
1.785742e-05
6.080576e-06
-4.513578e-05
5.2032687e-05
-7.539071e-07
-3.0038957e-05
3.0478527e-06
3.7945956e-05
-1.35248065e-05
1.1840279e-05
-8.575363e-06
-5.3040774e-05
6.1032504e-05
-8.394543e-06
-3.2560198e-05
-1.7728697e-05
5.7984373e-05
-2.6488701e-06
-1.0208634e-05
-1.6082062e-05
1.4252273e-05
-1.998037e-05
-5.260252e-07
2.7647344e-05
-2.3681901e-05
-1.37207e-05
-8.517166e-07
1.1905748e-05
1.017582e-06
2.100903e-05
-4.1550455e-05
5.5815457e-05
-4.0893417e-05
2.309574e-05
-3.738859e-05
2.6671096e-05
-3.5128473e-05
-1.6078828e-07
2.5120973e-05
-1.52403145e-05
2.6815303e-05
8.483464e-06
-7.951332e-06
-3.0827432e-05
6.236401e-06
2.916565e-05
1.9796223e-06
-3.7718815e-05
3.899339e-06
-1.9313584e-06
3.027749e-05
1.8645258e-05
-2.0923184e-05
-1.7755421e-05
4.2079424e-05
-5.963161e-05
4.169306e-06
1.7725237e-05
-4.104792e-07
-1.20868035e-05
1.3810872e-05
-9.0461316e-07
9.962775e-06
1.8497652e-05
-4.3639437e-05
5.0057105e-07
5.7510174e-06
-4.5455504e-06
6.1633496e-06
-5.6193026e-06
1.2140316e-05
-1.2629934e-05
-4.090538e-06
3.112458e-05
-1.3187641e-05
-6.772845e-06
-1.5616896e-06
0.89000964
0.43905073
-4.009047e-05
4.1877225e-05
-2.5308116e-05
1.8573352e-05
-2.4865005e-05
2.714801e-05
1.2106567e-06
-4.0620507e-05
-3.953908e-06
2.7768512e-05
-2.5549796e-05
1.8832599e-06
2.587526e-05
-1.7169326e-05
-1.2714783e-05
1.2648024e-05
2.7166103e-05
-2.9284125e-05
2.798941e-05
-2.4137216e-05
-9.773457e-07
-7.1764903e-06
4.0887444e-05
-1.2392559e-05
-3.3465443e-05
4.1493236e-05
-4.1099276e-05
2.3382398e-05
-2.9478002e-05
6.228043e-05
-6.228223e-05
3.6689577e-05
-1.1304859e-05
8.983178e-06
7.4793143e-06
-2.538951e-05
2.9115903e-05
-9.077717e-06
-3.4922898e-05
1.3029734e-05
-8.221094e-06
3.408697e-05
-4.963534e-07
-3.0893425e-05
1.865488e-05
2.0251899e-05
4.0559885e-06
-4.4162953e-05
5.28259e-05
-2.1888482e-05
1.4604666e-05
-2.789679e-05
-3.5801374e-06
2.5669908e-05
-3.0350326e-05
2.3165949e-05
-4.0262557e-06
2.5126734e-05
-4.8504473e-05
2.6981294e-05
4.6988347e-07
2.58985e-06
-2.5156847e-05
3.6542876e-06
9.22421e-06
2.2172282e-05
-3.1795418e-05
3.481955e-05
-1.7255084e-05
9.708891e-06
2.3078053e-07
1.0682134e-05
-5.4901517e-05
1.6501132e-05
2.6606165e-06
1.2162641e-05
2.1694985e-05
-2.237995e-05
-1.5186843e-05
-1.8576764e-05
6.0893068e-05
-1.3379397e-05
-3.961126e-06
7.5966786e-06
-2.101148e-05
-1.5248104e-05
-4.008296e-06
4.553155e-05
-4.4455577e-05
2.643059e-05
-1.736258e-05
9.117635e-06
-2.701564e-05
4.580194e-05
-4.5619483e-05
2.3293625e-05
-6.1389082e-06
2.6001257e-05
-2.932385e-05
-1.4057273e-05
4.38087e-05
-6.055579e-06
1.3375386e-05
-7.761881e-06
-9.594989e-06
7.031631e-06
-4.3015483e-05
5.0834253e-05
-5.6263343e-06
4.7620274e-06
-4.8244892e-05
-4.4551934e-06
7.3088995e-07
3.8083865e-05
-3.1735955e-05
1.7544398e-05
3.808432e-06
1.5531012e-05
1.5348753e-05
-4.087113e-05
-1.3588334e-05
5.6607994e-05
-4.775422e-05
1.631297e-05
-5.1858833e-06
-2.7525905e-06
-9.894444e-06
3.92737e-05
-5.07483e-06
5.796908e-06
-1.8596318e-05
6.093617e-06
-8.3093755e-06
5.586905e-07
-8.084153e-06
-1.651637e-05
2.0853902e-05
1.993997e-05
1.0859736e-05
-3.7402206e-05
1.9075022e-05
-1.8726236e-05
9.329184e-06
-2.4350174e-05
6.387515e-06
2.5662353e-05
-1.3425395e-05
-4.8012e-06
2.0916546e-05
-7.083478e-06
2.1145173e-05
-4.135656e-05
-6.656584e-06
3.417316e-05
-1.0337936e-05
1.654248e-05
1.4114263e-05
-4.021514e-05
-1.3236991e-05
3.655796e-05
-1.3617015e-05
-3.7385612e-07
-1.825803e-05
1.3614467e-05
8.398721e-06
-2.2443406e-05
-4.815176e-06
1.9594592e-05
3.376748e-05
-2.8290624e-06
-1.7775474e-05
-1.2896757e-05
3.1593518e-05
-3.051447e-05
1.2307685e-06
2.3171166e-05
-1.902508e-05
7.020548e-06
-1.9714704e-05
-1.0754358e-05
4.3745604e-05
-1.1245659e-05
-3.8420232e-05
1.6872043e-05
-1.5597035e-06
1.930494e-05
-8.586816e-06
-6.5190607e-06
2.374243e-05
-9.783973e-06
7.382626e-06
-8.6628916e-07
-1.2810821e-05
1.4282228e-05
1.0310715e-05
-6.6991465e-06
-2.8684712e-05
3.8686943e-05
-1.6837213e-05
-1.4336756e-05
-1.8289107e-05
-8.4401645e-06
9.894846e-07
2.7921253e-05
7.758416e-06
2.1087486e-05
-3.500961e-05
-8.175789e-08
1.5162546e-05
3.7507216e-06
-1.14434615e-05
4.575557e-07
-1.7386e-05
2.5718226e-05
1.2625409e-05
-2.4495184e-05
-2.4238998e-05
1.4539573e-05
-1.0767418e-05
4.813085e-05
5.859029e-06
-4.6670666e-06
-1.6629812e-05
-3.6865757e-05
4.249697e-05
-1.6101407e-05
1.218694e-05
8.877812e-06
-4.1686086e-05
-8.484913e-06
3.8070873e-05
-1.2189007e-05
3.226783e-05
-5.1599236e-05
3.9641498e-05
-1.8380579e-05
-2.5023613e-05
2.5492818e-05
2.0579341e-06
2.634378e-05
-7.986719e-06
-1.0494593e-05
1.2240547e-05
-8.953367e-06
-3.455882e-05
3.3818353e-05
-1.7592685e-05
-1.8329622e-05
4.156264e-06
1.0324157e-05
2.6334568e-05
-4.3943433e-05
2.8650811e-05
1.7062389e-06
2.4168075e-05
-3.9636605e-05
5.1177803e-06
5.5603623e-06
-1.1615387e-05
2.4893136e-06
2.7910572e-05
-3.4686538e-05
-6.7878027e-06
2.296687e-05
-2.1688278e-05
1.6810476e-05
-9.557932e-06
1.9920291e-05
-2.8540951e-05
5.525448e-05
-4.3187574e-05
-1.8004392e-05
4.7493973e-05
-2.7609205e-05
3.3304903e-05
-4.574573e-05
4.5441695e-05
-3.4483037e-05
-1.1985001e-06
4.1949737e-05
-5.2376785e-05
3.561152e-05
1.2369239e-05
-3.9482977e-05
-4.2074953e-07
3.667063e-05
-7.947645e-06
1.4570931e-05
-3.1937056e-05
1.1811721e-06
-1.9308569e-05
4.5252822e-05
-5.1808856e-06
-1.4087225e-05
-3.9309434e-06
-2.5500576e-05
4.52607e-05
-1.5436633e-05
-1.5763695e-05
1.5614101e-05
2.7277918e-05
-2.8079567e-05
4.03624e-06
-8.875915e-06
-2.1231624e-05
5.2887925e-05
-2.3517387e-05
2.60224e-06
-2.6439977e-05
1.3387739e-05
2.0315387e-05
-3.474206e-05
3.796613e-05
-2.2295078e-05
2.8515497e-05
-2.2088352e-05
-7.413789e-06
-1.690565e-05
-2.5942409e-06
3.3493498e-06
9.14021e-06
2.8667597e-05
-1.243385e-07
-1.8521958e-05
-6.1545916e-07
-6.099611e-06
8.1614835e-06
1.2003766e-05
-3.561548e-05
4.1705043e-05
-4.206702e-05
1.3315595e-05
3.9969946e-06
3.2856854e-06
3.284911e-05
-3.0990968e-06
-1.0080637e-05
-1.7784248e-05
-1.6959088e-05
2.6157306e-05
1.1592467e-05
-1.8783789e-05
1.2287394e-05
-1.2491807e-05
-1.0402193e-05
-5.3542462e-06
8.145735e-06
1.3197637e-05
-2.5026526e-05
1.2476647e-05
9.659836e-06
2.2024027e-05
-4.025034e-05
-1.4181194e-05
3.90049e-05
4.0186405e-06
-1.3185831e-06
-1.30716435e-05
2.3129105e-05
-5.23138e-05
5.9901264e-05
-1.4721358e-05
-1.685739e-05
8.583892e-06
2.3806983e-06
-1.1523197e-05
-1.1785211e-05
2.2058908e-05
-2.6327321e-05
2.8527404e-05
-2.3939345e-05
-6.402084e-06
2.7134301e-05
-2.7348058e-05
4.185924e-05
-4.4464727e-05
3.063267e-05
-3.0272322e-05
-1.5049282e-07
3.372044e-05
-3.5435718e-05
3.4330835e-05
-1.2255202e-05
-2.583233e-06
-4.7701346e-06
2.9675963e-05
-4.3206305e-06
-4.2932228e-05
4.7724145e-05
-4.8264672e-05
1.1511188e-05
4.69292e-05
-2.9144103e-05
-3.85516e-06
2.736286e-05
-3.9868464e-06
-1.4561533e-05
-1.2473061e-05
2.6725445e-05
-3.069552e-05
-1.1482615e-07
2.8665867e-05
-4.6594858e-05
4.0258896e-05
-1.5002381e-05
1.6436095e-06
-2.1218873e-05
2.810143e-05
2.4270299e-05
-4.396059e-05
3.5171581e-06
2.412668e-05
-3.5462857e-05
2.323558e-05
1.4982277e-05
-2.9937151e-05
2.120176e-05
1.730707e-05
-4.3146447e-05
1.1023056e-05
2.3343036e-05
-3.202579e-06
4.1420717e-06
-2.492468e-05
3.0291033e-06
1.5801537e-05
3.2380444e-06
-3.6859707e-05
-3.668984e-06
5.6784666e-05
-2.0929932e-05
1.016466e-05
-1.7504111e-05
1.6795473e-05
9.385196e-06
-5.752285e-05
2.2404234e-05
-8.05713e-06
-1.3997082e-05
1.080995e-05
4.2956348e-05
-1.3035609e-05
-2.1238e-05
-1.8685272e-05
3.5344616e-05
-1.1724732e-06
-3.3711829e-06
2.7937262e-05
-1.1160655e-05
4.8397137e-06
-3.556584e-05
2.4762536e-05
-6.1727555e-06
1.6889253e-05
5.0685053e-06
-1.0351709e-05
-4.027949e-05
5.067609e-05
-3.850391e-06
-5.0175437e-05
4.0740673e-05
-9.973072e-06
-4.1051993e-07
2.2922202e-05
-1.8603583e-05
-5.100622e-06
1.8694847e-05
-1.9132078e-05
1.6448805e-05
3.3269332e-06
-2.2911356e-05
-1.9867612e-06
1.6810278e-05
-3.756948e-05
4.399004e-05
5.7633515e-06
-8.0994405e-06
-1.5452328e-05
-3.4167366e-05
2.53632e-05
-2.4057495e-05
5.3115542e-05
-1.8981135e-06
-5.2274776e-05
-2.4264464e-06
5.2359042e-05
-4.1496245e-05
2.7960357e-05
1.026071e-05
-1.0769466e-05
-5.997406e-06
-5.7735783e-06
1.7225952e-05
-1.8693214e-05
-4.0449245e-06
2.1743446e-05
-3.9520874e-06
-3.148532e-05
7.868412e-06
1.0048036e-05
2.4253923e-06
3.448119e-05
-6.170978e-05
5.7136982e-05
2.9150365e-06
3.2488424e-07
-4.66296e-07
-3.4688117e-05
-1.5008352e-05
1.7329363e-05
3.2907767e-05
-4.285039e-05
6.0424477e-06
3.3365443e-06
5.2980977e-05
-5.2026808e-05
-1.4275551e-05
-9.347376e-06
2.5117693e-05
2.5086492e-05
-5.1720333e-05
1.9966716e-05
2.5542013e-05
-2.1978301e-05
2.1657488e-05
-1.9522942e-05
3.33492e-05
-2.000158e-05
9.728157e-06
-2.6720612e-05
-1.2895482e-05
1.0425109e-05
8.407071e-06
1.1582745e-05
1.5914924e-05
-4.4529195e-05
1.9714877e-05
-7.512716e-08
2.3326966e-05
-1.8722494e-05
5.625093e-06
-8.686875e-06
2.4798119e-05
-5.840747e-05
4.433968e-05
1.4063104e-05
-3.4484267e-05
9.700097e-06
-2.6311773e-05
2.322396e-05
1.6260521e-05
-1.9281464e-05
-2.0875446e-05
4.8602862e-05
-5.492339e-05
8.58651e-06
4.2188927e-05
-1.575347e-05
1.4931493e-05
-1.4909956e-05
-1.2814353e-05
3.6632846e-05
-5.4655706e-05
5.5755412e-05
-5.2955656e-05
1.2693897e-05
-4.6824493e-06
2.3911674e-05
7.252483e-06
2.7865028e-06
-6.7750025e-06
3.913534e-07
8.379433e-06
-4.5524885e-05
4.5782144e-05
-4.2830372e-05
5.2721527e-05
-1.6023934e-05
-3.5561152e-05
6.836879e-06
2.6411833e-05
-2.149014e-05
2.9125964e-05
6.453088e-06
-3.9790084e-06
-4.243824e-05
2.110123e-05
1.6522117e-05
-3.1446205e-05
6.6425205e-06
2.1820964e-05
-5.9000877e-07
-4.1825027e-05
5.3777614e-05
-1.951988e-05
-3.4710756e-05
9.1487545e-06
-1.3498662e-05
0.0001008551
-4.4436685e-05
-4.7389443e-05
-1.7498696e-06
2.9242861e-05
-2.889303e-05
3.5095083e-05
-3.5083067e-05
1.5823161e-05
1.9141391e-06
3.584775e-05
-9.187118e-06
-2.4177378e-05
-6.822885e-07
-2.4096042e-05
5.9305243e-05
-2.1091697e-05
-7.64596e-08
-1.3917909e-06
-2.2785236e-05
3.110279e-05
-5.2890177e-06
1.2559706e-05
-1.6143612e-06
-1.3053867e-05
5.0623366e-06
-3.3895732e-05
2.2100054e-05
-2.663487e-05
1.8419576e-05
2.1218855e-05
-1.7101818e-05
-1.0851016e-05
2.9871839e-05
-3.1487467e-05
1.3832667e-06
-1.2908814e-05
1.4389985e-05
2.4136698e-05
-5.905743e-06
-1.6080125e-05
-2.1551e-05
1.2127571e-05
2.8869556e-05
-2.5463041e-05
-6.5893087e-06
3.6556718e-05
-3.79774e-05
7.378042e-06
1.3391256e-06
4.5078075e-05
-1.6105554e-05
-1.7736653e-06
-1.5934642e-05
3.3799436e-06
1.3904556e-05
-3.3791686e-05
2.8044902e-05
1.8468709e-05
-1.5879303e-05
-1.8392207e-06
-1.5983276e-05
2.7555321e-05
-5.2960336e-06
-2.3643253e-05
3.4215904e-05
-4.2648986e-05
3.3416953e-05
-7.168635e-07
-2.3960334e-05
-9.089054e-06
3.3973894e-05
-1.8850611e-05
4.141278e-06
-2.607202e-05
2.3711082e-05
2.28771e-05
-5.0611172e-05
2.9789826e-05
-2.0715761e-05
3.577118e-06
2.0831762e-05
1.2276843e-05
-4.875267e-06
5.856008e-06
-1.0619124e-06
-1.8002545e-05
-1.5548404e-06
-2.7916798e-05
1.9528263e-05
-1.7044516e-05
9.811016e-06
2.0590356e-05
-3.3789613e-05
2.647518e-05
3.1916552e-05
-1.5724325e-05
-3.5808553e-05
2.3275885e-05
3.0349229e-05
-1.7619886e-05
-9.682533e-06
1.9524796e-05
9.176142e-06
-6.0685226e-05
2.8844288e-05
-2.9850902e-05
3.109086e-05
-1.7542809e-05
2.3112822e-05
-6.691882e-06
1.8050972e-05
9.584591e-06
-3.7934708e-05
2.0759177e-05
-3.1067408e-05
4.9623908e-05
-5.2962663e-05
2.7978622e-05
-4.039833e-06
-9.457715e-07
-6.1620653e-06
-9.7563925e-06
1.0968089e-05
-2.4441848e-05
1.022558e-05
4.2979602e-05
-3.8822604e-05
-1.2503926e-05
1.3491325e-05
6.1314654e-06
-1.8632187e-06
3.443719e-05
-4.5342513e-06
1.0498834e-06
1.07602855e-05
-3.97208e-05
1.509117e-05
5.507017e-06
-2.3661665e-05
4.0683673e-05
-5.2370844e-05
4.550763e-05
-5.0626677e-05
4.445473e-06
4.570943e-07
7.0920546e-06
1.2019924e-05
3.5480727e-05
-5.0951394e-07
-2.591875e-05
-9.907566e-06
-8.979126e-06
1.0377506e-06
1.3631145e-05
1.967072e-06
2.0416232e-05
-1.8903827e-05
-4.414314e-07
-3.9800852e-06
2.8515944e-05
-2.8618475e-05
-1.6751375e-05
2.1106032e-06
-1.5279204e-05
1.2659036e-05
2.5354277e-05
-1.5183072e-05
2.8110484e-05
-3.928277e-05
1.5483478e-05
-8.2391125e-06
-1.20999e-05
2.3929531e-05
1.9055962e-05
-3.900047e-05
9.150245e-06
-2.42871e-06
-4.189834e-06
3.522444e-05
9.94503e-06
-4.1067367e-05
2.3674229e-05
-2.0478836e-07
6.6553866e-06
-4.6593093e-05
5.807928e-05
-2.296884e-05
-3.0864634e-05
2.3552625e-06
5.0420647e-05
-3.4382807e-05
1.44547585e-05
-1.6723729e-05
2.4483828e-05
-7.5393723e-06
-3.234885e-05
1.7454386e-05
-1.1882948e-05
8.342777e-06
6.314327e-06
3.55541e-05
-6.1076345e-05
5.41232e-05
-3.7411115e-05
-1.0407581e-05
2.7274455e-05
-2.5635742e-05
6.3225036e-07
1.9850111e-05
1.0676318e-05
2.010009e-06
1.7601053e-05
-3.8426868e-05
4.180017e-05
-5.054702e-05
3.2045016e-05
-1.28169295e-05
-8.329883e-06
6.011054e-06
1.6840539e-05
-4.645076e-06
1.6713913e-05
-4.198998e-05
2.5724481e-05
-1.3740222e-05
6.6648386e-06
1.19472425e-05
1.6385991e-05
-5.9236132e-05
6.4957662e-06
3.9990045e-05
-3.7318103e-05
1.674111e-05
1.9232382e-05
-2.6846733e-06
7.954271e-07
-1.10876335e-05
-1.7967277e-05
4.3187105e-05
-2.5980346e-05
-2.581936e-06
-3.6932831e-06
-1.2107194e-05
8.256828e-06
2.794549e-05
-1.4328901e-05
1.23856025e-05
7.414881e-06
-2.6021744e-06
-4.492414e-05
-2.0812934e-06
3.636632e-07
4.1608723e-06
2.8615015e-05
-1.6249223e-06
7.357825e-06
-2.3302586e-05
-9.804411e-06
2.3313954e-05
-2.165391e-05
3.1521253e-05
-2.1772654e-05
3.1162992e-05
-2.8017463e-05
2.3136727e-05
-4.2257238e-05
2.7143953e-05
-4.2761712e-06
9.641781e-06
1.7912324e-05
-3.9909133e-05
0.00018631095
-0.00018641865
3.1127835e-05
-6.01889e-06
-7.2765683e-06
-2.1269514e-05
2.9459197e-05
-6.06189e-06
-4.0021278e-05
1.06391635e-05
2.8360118e-05
-1.1966045e-05
-1.88543e-05
1.526445e-05
-1.4920295e-05
3.27017e-05
-1.9936992e-05
-1.8916331e-05
1.8410054e-05
-1.0552063e-05
2.1419462e-05
-1.8847422e-05
1.7850584e-06
3.9450737e-05
-5.059014e-05
1.2767384e-06
2.563982e-05
-2.1585114e-05
1.4465759e-05
1.8039795e-05
1.7173128e-05
-5.414506e-05
6.239642e-06
-1.3057627e-06
2.5746294e-05
-3.41916e-05
2.5355916e-05
-1.4445775e-05
4.1617164e-05
-1.8896157e-05
-3.4526743e-06
1.2749691e-05
-1.7574506e-05
1.6527132e-05
-3.0169991e-05
4.6946618e-05
-2.3181849e-05
-3.2274344e-05
5.4967117e-05
-5.2853415e-05
3.975613e-08
2.2665978e-05
-1.9141442e-05
-5.0496305e-06
6.822057e-06
2.7825881e-05
-6.2488166e-06
1.3730432e-05
-3.149566e-06
9.562669e-06
-4.8747683e-05
2.2531018e-05
3.4983716e-06
-1.659905e-05
4.483636e-05
-3.156881e-05
8.524444e-06
7.1622594e-06
-4.1534204e-05
1.5717353e-05
-6.289022e-06
-8.646722e-06
7.1362947e-06
3.86334e-05
-7.795826e-06
1.2866257e-05
-1.7141176e-05
3.6225922e-06
-4.51647e-06
1.8992578e-05
-2.3762992e-05
-2.630648e-05
-3.4814332e-06
2.7263884e-06
2.2435317e-05
-7.4088925e-06
-1.7180604e-05
4.6995996e-05
-4.4543885e-05
1.1995368e-05
2.318486e-05
1.4560926e-05
-8.411318e-06
-2.8561317e-06
6.706619e-06
-1.6735557e-05
1.2990512e-05
1.6744641e-05
-1.097884e-05
-4.110975e-05
2.5173864e-05
-7.5662706e-07
-2.823547e-05
-6.4587075e-06
3.2875528e-06
1.8810002e-05
2.5247302e-05
-5.0345184e-06
-7.3225883e-06
-2.8728258e-05
4.0985057e-07
3.1159674e-05
-6.760759e-06
-1.9837538e-05
9.704389e-06
-1.2571888e-05
4.9611012e-06
-6.578078e-06
9.299427e-06
3.3472215e-06
1.1390254e-05
1.6300877e-05
-8.935509e-06
-4.056185e-06
1.2321766e-05
-4.3458018e-05
1.737902e-05
-2.8534103e-06
5.7160905e-06
8.548372e-06
-4.4480926e-06
1.7547893e-05
-1.4016842e-05
1.604709e-05
-8.376e-06
-2.723675e-05
-3.8835815e-06
3.5483336e-05
-3.443408e-05
2.6491049e-05
-2.2095452e-07
1.6730799e-05
-3.021083e-05
-1.306225e-05
-1.3355541e-06
-1.9152271e-06
9.31314e-06
-1.7664449e-06
3.0348612e-05
-2.514488e-05
-6.329692e-06
2.2977461e-05
-1.8017308e-05
-1.4299763e-05
4.5135726e-05
-1.0686319e-05
1.5094437e-05
2.4462508e-07
-2.4059646e-05
2.696746e-05
-1.6075208e-05
-3.087869e-05
2.1434136e-05
9.104069e-06
8.8490415e-06
-3.072046e-05
1.8556693e-05
1.8635215e-05
1.0217779e-05
-5.2464657e-05
4.130977e-05
-4.9596336e-05
5.8818056e-05
-5.5804154e-05
3.5590926e-07
2.5044312e-06
9.329514e-06
2.6925001e-05
6.855596e-06
-2.3188673e-05
2.2951728e-05
-2.8964285e-05
-1.2016408e-05
-3.155161e-06
2.648358e-05
8.437364e-06
-6.1690514e-08
-3.0222739e-06
-1.5482631e-06
4.027129e-06
5.3147533e-06
1.06821735e-05
-3.697617e-06
-4.9894858e-05
2.317378e-05
2.5654464e-05
-1.8531471e-05
-4.913725e-06
-2.5084339e-05
2.5819645e-05
1.1213281e-05
-2.7574903e-05
4.2775346e-06
2.3565259e-05
1.3256379e-05
-2.7355365e-05
2.8073666e-05
4.5357147e-06
-5.0899387e-05
2.550772e-05
-5.1026327e-06
-5.9708645e-06
-2.3033392e-05
1.0370731e-05
3.0570227e-05
-1.4152718e-05
-1.2616063e-05
2.1997192e-05
-2.3108825e-05
-8.789266e-06
4.859812e-06
5.5298847e-06
3.720049e-05
-3.0295834e-05
1.734192e-06
-1.4762903e-05
1.5218697e-05
2.0954822e-05
-1.15988005e-05
-3.072062e-05
3.7124984e-05
1.1497659e-06
-2.7140135e-05
3.49356e-05
-3.67584e-05
4.686981e-05
-1.9277519e-05
-3.3977744e-06
-3.429372e-05
2.9166818e-05
2.2558012e-05
7.5625694e-06
-5.5385655e-05
-9.570722e-07
2.1961807e-05
3.3504525e-06
1.0057438e-05
-1.3680737e-05
2.889553e-06
1.5081353e-05
8.432217e-06
-5.1562358e-05
1.9389028e-05
2.8940682e-05
1.0667389e-05
-1.4855508e-05
1.6780425e-05
-2.059681e-05
1.850275e-05
-3.5014382e-06
-4.942267e-05
5.0916457e-05
-2.727473e-05
2.9299848e-05
-2.4183737e-05
-1.0590909e-05
1.3576086e-05
-4.801711e-06
-2.6739746e-05
1.1248639e-05
3.812668e-05
1.9290774e-06
-4.8463466e-05
1.4432664e-05
-3.0701176e-06
2.1972384e-05
-3.6983347e-05
7.103075e-06
-3.7604468e-06
4.180903e-05
2.3599484e-06
-3.4675006e-05
1.817119e-06
-1.5338179e-05
8.602026e-06
2.7350707e-05
-6.8330287e-06
-1.1112552e-05
-9.033946e-06
3.5175126e-05
-2.16547e-05
3.4433237e-05
-3.5215257e-05
4.102435e-08
3.3118693e-05
-5.22456e-05
4.7404927e-05
5.3295375e-06
-1.1054061e-05
-5.0670715e-05
1.4684504e-05
4.3225642e-05
-1.8359538e-05
6.755651e-06
-2.2163747e-05
-5.957397e-06
1.4308e-05
-1.2113954e-06
1.6248323e-05
-4.3793763e-05
1.6892463e-05
3.376088e-05
-3.3892007e-05
-4.063791e-06
3.8442035e-05
-1.229959e-05
-1.5589187e-05
2.3587625e-05
-3.590806e-05
3.597777e-05
-1.015456e-05
-2.4509087e-05
3.8028917e-05
-2.9788845e-05
-9.100629e-06
2.89657e-05
-3.1732918e-05
2.1975397e-05
-3.1306507e-05
-3.1272973e-06
3.7868573e-05
-2.2249791e-05
1.3142548e-05
-1.768185e-07
1.2708664e-05
-7.2109256e-06
2.0496012e-05
-3.661131e-05
2.5290787e-05
-1.7613116e-05
2.7107204e-05
-2.250904e-06
-4.5159406e-05
3.497857e-05
-2.3247187e-05
2.3516173e-05
-1.4432813e-06
2.85891e-06
-3.6424422e-05
1.1341213e-05
3.40742e-05
2.1475212e-06
1.8134949e-06
-5.043085e-05
2.7229733e-05
-1.8013672e-05
1.7959965e-05
1.1606807e-05
-1.5018683e-05
5.7898174e-06
-2.2232329e-05
3.774025e-05
3.1119744e-06
-2.137694e-05
2.43447e-05
-1.9081113e-05
-3.0619052e-05
4.7243833e-05
-3.0729912e-05
6.74067e-06
1.6308439e-05
7.0523797e-06
-8.751332e-07
-1.8997387e-05
3.9980837e-06
4.63059e-06
8.597245e-06
-4.7613372e-05
1.517542e-05
-1.592517e-06
3.2981407e-06
8.32169e-06
-1.8458164e-05
4.8262937e-05
-1.8436418e-05
-6.861776e-06
7.129649e-06
-1.8484188e-05
-1.530006e-05
4.4431996e-05
-2.5745185e-05
-1.1495666e-05
1.7192995e-05
1.1477627e-05
-2.8541932e-05
2.274102e-06
-7.993312e-06
3.2593558e-05
-2.9519408e-05
8.336437e-06
3.1625044e-05
-2.5007002e-05
1.2851626e-05
1.2473202e-05
-1.0555663e-05
6.299526e-06
8.378988e-06
-2.4898987e-05
-5.854255e-06
3.5275232e-05
-3.9426985e-05
-5.8868823e-06
4.484412e-05
-3.1384046e-05
2.1734699e-05
-4.151292e-06
6.3442626e-06
-4.132335e-05
4.5394936e-05
-2.3445882e-05
1.3583105e-05
-3.91638e-05
-5.1266293e-06
5.6802244e-05
-3.9530314e-05
0.000108705026
-6.3691994e-05
-4.1814106e-05
3.4858273e-05
-1.7132346e-05
-3.9210943e-05
1.2368558e-05
2.437699e-05
-2.2291086e-05
2.9526249e-05
-1.9696101e-05
1.2723697e-05
1.821956e-05
-3.562966e-05
-1.7456758e-05
2.7670405e-05
1.173384e-05
2.3584344e-06
-3.755815e-05
4.4131328e-05
-4.6849585e-05
4.1079737e-05
-2.7170204e-06
8.969675e-06
3.1752602e-06
-4.242628e-05
-5.260366e-06
4.042053e-05
-2.1787046e-05
-1.8315444e-05
4.675085e-05
-2.8653254e-05
1.268497e-05
-1.9666813e-05
-1.4791952e-05
3.8467006e-05
-8.730907e-06
-1.4206328e-05
-1.4593846e-05
2.8842696e-05
-2.815809e-05
-1.976389e-06
1.6647147e-05
3.5060195e-05
9.147629e-06
-5.688308e-05
1.9328972e-05
-4.0450223e-06
1.193984e-05
-1.9787321e-05
-2.8239194e-06
3.7731945e-05
-2.2873859e-05
2.6135504e-05
-4.9749127e-05
5.0746312e-05
2.5343743e-06
-4.507588e-05
5.227263e-05
-1.2983756e-05
-5.447836e-06
-3.7917132e-05
1.557009e-05
-2.1881224e-05
4.2492036e-05
-8.027755e-06
-9.00157e-06
-2.5884723e-05
3.2885397e-05
-4.7832214e-07
-8.62214e-06
-1.8936213e-05
1.5140847e-05
-1.4239347e-05
2.5179917e-05
2.4965195e-05
-4.191164e-06
-1.5412545e-05
-2.325197e-05
-1.005752e-05
-3.0486858e-06
6.1345934e-05
-4.441329e-05
3.864183e-05
-3.888417e-06
1.0631555e-05
-2.1569347e-06
-5.080387e-05
-1.6449341e-06
1.3109568e-05
1.4577049e-05
-1.2418483e-05
1.7551059e-06
-1.8464687e-05
5.405586e-05
-1.2266451e-05
-5.830054e-07
-2.154951e-05
-5.4016455e-06
2.8687298e-05
-1.716364e-05
-5.7692623e-06
-1.0127275e-05
2.4115847e-05
2.0812526e-05
-4.0536182e-05
7.699879e-06
3.0148285e-05
-4.1977582e-05
4.524706e-05
-5.0446128e-05
1.3394883e-05
-1.39863805e-05
5.209028e-05
-5.8158585e-05
3.112277e-05
-2.0763515e-05
3.7388723e-05
-1.7786982e-05
-6.410057e-06
-1.861009e-05
4.297833e-05
-2.225772e-05
1.5267258e-05
-1.6542894e-05
-1.2274083e-05
-1.5108636e-05
6.2125735e-05
-5.7027875e-05
1.7714934e-05
-2.1669664e-05
1.9033992e-05
1.4040513e-05
-2.7226353e-05
2.069531e-05
1.9158537e-05
-1.485874e-05
-3.0478799e-05
8.97196e-06
2.7702577e-05
-4.1386165e-06
1.6661917e-05
-2.8857483e-05
-3.0171793e-06
-1.4994437e-05
1.0672616e-05
4.461932e-05
-5.360173e-05
1.9759696e-05
-1.2537328e-08
3.39913e-05
-8.191397e-06
-2.2650995e-05
-1.8984607e-05
4.3066462e-05
-3.640243e-05
2.6437989e-05
1.3123385e-05
-5.5440796e-05
1.6904587e-05
1.3461395e-05
3.3767092e-06
1.1383881e-05
-4.935804e-06
-1.3994421e-05
-2.3424931e-05
5.8150945e-05
-5.0147835e-05
4.3675795e-05
-1.7854836e-05
-1.6945933e-05
2.685216e-05
-4.423882e-05
2.6537075e-05
-1.5556134e-05
1.8652972e-05
-2.4098325e-05
2.9073692e-05
-6.9193866e-06
2.424543e-05
-4.652647e-05
1.2716706e-05
5.2871765e-06
3.2627482e-05
-3.7124253e-05
4.9391665e-06
-2.2644277e-05
6.159659e-06
2.0066673e-05
-6.9870234e-06
-9.191141e-06
7.162077e-06
1.840303e-05
-3.820973e-05
4.020783e-06
3.9169874e-05
-7.4820873e-06
2.374387e-05
-3.571886e-05
-3.7178534e-06
-6.402941e-06
-6.6400567e-06
-9.45704e-06
3.3548022e-06
6.819182e-05
-2.6522428e-06
0.64206856
-1.0426748e-05
1.3159835
-1.2848746e-05
2.0265868
6.625424e-05
0.00014385062
-0.0001923102
-3.192712e-06
-3.6519068e-06
0.00025099132
-0.0002472037
-2.8363502e-07
-3.4426776e-06
5.281665e-06
-9.72507e-06
0.00018026073
-0.00014621002
-2.0864994e-05
-7.202456e-06
2.9311092e-05
-2.0771433e-05
0.00011752854
-0.00012005499
-3.2610842e-08
-3.4361692e-06
4.0460873e-06
-7.035851e-06
9.088089e-05
-8.987254e-05
-1.6289869e-06
7.163162e-05
-7.6436714e-05
1.1262239e-07
6.9562055e-05
-1.24146145e-05
2.319061e-05
-6.9849666e-05
2.895471e-06
-1.1507908e-05
1.0029726e-05
-1.1072116e-06
-9.799431e-06
1.3122339e-05
-1.6310383e-06
-8.23336e-06
-3.4410277e-06
-1.7897635e-06
-7.438372e-07
9.054644e-06
5.786884e-05
-5.9400827e-05
5.12157e-05
-7.750694e-05
-7.98781e-06
0.69981676
-1.2998984e-05
0.9263413
-1.2645279e-10
2.582965e-10
0.672374
0.8128146
-1.2657889e-06
-1.2414398e-06
0.00012604916
-0.00012354192
1.0791185e-11
-6.6056095e-06
2.9329033e-06
3.672707e-06
-5.7561383e-06
4.8867496e-06
-1.7314311e-06
3.5683314e-07
-2.7346764e-06
2.3856646e-06
9.71627e-06
6.174306e-05
0.73902774
-8.554609e-05
1.7600303e-05
-5.3795196e-05
-1.0665892e-06
2.2176178e-05
2.1178768e-05
4.4451626e-06
2.674602e-05
-3.3309916e-06
4.575119e-06
8.759943e-05
-0.00013243803
-3.1812153e-05
-2.2172176e-06
1.9631194e-05
0.00011947146
-0.000108069435
-3.0780742e-05
4.408784e-05
2.2243072e-05
0.00012392097
-0.00018578199
8.350335e-05
2.3864288e-05
5.9616465e-05
-5.6406872e-05
3.2235323e-05
-0.00015431731
1.0336926e-05
2.4248751e-05
-1.7292642e-06
6.721419e-05
-8.6804524e-05
-5.700388e-06
-5.8241667e-06
1.8586177e-06
-5.122528e-06
0.00016076495
-0.00012465777
-2.7832584e-05
-8.0810065e-07
0.75980663
-1.1459611e-05
1.48034105e-05
-3.350583e-06
0.0003285701
1.6722319
-9.3999e-05
5.4793986e-06
1.5122145e-05
-1.4905729e-05
2.1190463e-06
7.4983116e-05
-3.5083758e-05
0.4316726
0.19108982
2.8237078e-05
-1.1410463e-05
4.250784e-05
9.488309e-06
-4.595556e-05
-1.2628693e-05
4.2520176e-05
-3.1683885e-05
5.4053053e-06
-1.1824886e-05
3.848396e-05
0.0011948476
-0.0012252486
-2.2087035e-05
0.056177117
-7.0120873e-06
0.8194852
-2.9913628e-05
0.00064322585
0.50963914
-8.051535e-05
0.6676593
-5.2744155e-05
0.0001243282
-0.00053240074
-0.0006081966
1.8379018e-05
4.388119e-06
-1.6914457e-05
3.3858872e-05
-4.3098138e-05
-2.8016693e-06
4.086658e-06
0.491035
0.91910255
0.7212895
0.72676706
-0.0011327459
6.6125665e-07
-5.188733e-07
2.3502548e-07
3.629084e-07
-1.0403365e-07
1.1017984e-06
1.6034154e-06
0.12813395
0.00018055571
-0.00017863724
0.4530504
-1.3196697e-08
0.66837394
-5.6956087e-06
0.00012568686
0.000100631194
-0.00019874574
0.00016671834
-0.0001052107
-7.114739e-05
0.00017575307
2.2074846e-05
-0.00019764321
3.403843e-05
0.00019093952
-0.0001513981
-2.8928223e-05
9.8720186e-05
-0.00014115678
0.0001597616
6.0504435e-06
-0.00010002116
6.8115282e-06
-8.309862e-05
-7.489075e-06
6.740469e-05
-4.6753332e-05
0.0001438893
-0.0001234331
0.00010892426
5.7378325e-05
-9.98276e-05
-9.6336524e-05
-1.8380047e-06
2.04873e-06
-2.1454165e-05
2.1709084e-05
1.6916059e-06
-4.4912877e-06
2.5099007e-07
-2.86509e-06
6.0266593e-06
-1.0411627e-06
9.916363e-07
-6.371816e-06
6.86027e-06
-7.953022e-06
6.6790662e-06
-3.1830834e-05
3.0216264e-05
-8.571281e-06
-2.3925822e-05
1.147634e-05
2.2854689e-05
-2.963773e-05
-1.5921241e-06
1.4394752e-06
1.0080699e-05
1.649469e-05
-3.9072597e-07
1.4985812e-06
-5.446278e-06
4.2529155e-06
-3.248907e-06
6.07111e-06
-8.6379475e-07
-6.527811e-06
5.423592e-06
-5.3286494e-06
2.6581276e-06
2.8327283e-06
-5.5416485e-06
2.8780044e-06
3.369001e-06
-5.7605957e-06
-7.542258e-08
7.035463e-06
-2.9129887e-06
-4.0119303e-06
8.833911e-06
-3.500032e-06
-3.773358e-06
3.3075066e-06
-5.489969e-06
1.0523527e-06
4.4138815e-06
-4.0641225e-06
-6.7415795e-07
9.124242e-06
-4.3319437e-06
-5.1429897e-06
6.194019e-06
4.0495906e-06
-7.041207e-06
6.368042e-06
-1.5708747e-06
-1.3685692e-06
-5.628849e-07
-1.9081676e-06
-2.585355e-06
1.0859533e-06
-2.4141664e-06
5.0857025e-06
2.7204658e-06
-8.128342e-06
4.407409e-06
-1.3776435e-07
-4.0853756e-06
9.437761e-06
-8.3539135e-06
7.689127e-06
1.3342151e-06
-3.2118442e-06
-1.243399e-06
1.2344744e-06
3.3443594e-06
-2.7092606e-06
-3.900283e-06
4.630616e-06
-4.914667e-06
6.0309812e-06
4.3878003e-07
-6.279384e-06
3.829715e-06
-5.090115e-06
4.7383055e-06
2.3599018e-06
-8.228392e-06
1.0283102e-06
4.013895e-06
1.8081664e-06
-1.3240524e-06
1.379367e-06
-1.3778986e-06
1.7054379e-06
-1.7072905e-06
2.0277894e-06
-7.4918335e-06
5.375681e-06
-6.54867e-06
9.556254e-06
-1.0312065e-06
-1.3478511e-06
-1.922516e-07
-3.4181198e-06
6.0889597e-06
-1.9319532e-06
-1.4308548e-06
-1.5775995e-06
3.6576273e-06
-1.4170455e-06
-1.3160479e-06
-6.630029e-05
7.054045e-05
-7.068822e-06
4.4194785e-06
2.7160568e-06
-1.0440582e-05
9.827614e-06
-1.1140216e-06
-1.5266573e-06
1.0665681e-06
-2.405312e-06
-1.2668115e-06
3.5652213e-06
-2.7611408e-05
2.6300055e-05
3.5593212e-06
0.573705
-2.4183437e-05
-2.9969058
0.5688142
