0.88533
0.54385895
0.64679015
0.6075476
0.76780117
0.94648314
0.72428644
0.2856021
0.9549649
0.9579218
1.4638036
1.1121888
0.5991874
1.3300271
0.19983196
0.56895
0.8701966
1.1628458
1.4498833
1.3463154
0.39065188
1.0414374
1.2024357
0.9895984
1.0673856
0.67690814
0.6414767
0.7295815
0.84295547
1.6082531
0.2515207
0.64349234
1.0868094
0.26581895
0.9702364
1.8334119
1.8561362
1.3288945
0.6821319
0.34813592
0.8775717
0.26920682
0.6364072
1.4132086
0.68371224
1.0310881
0.791674
0.73076946
0.6758506
1.1191959
0.99502426
1.1057264
1.1618028
0.37984282
0.7179277
0.44571292
0.22480138
0.3378225
1.2405837
0.9402588
1.356755
0.8511358
0.7356883
0.9799085
0.9915277
0.53642374
1.5354992
1.0592549
1.2168343
0.65532297
0.8404158
0.7406567
1.1942229
1.7333865
1.0758606
1.7568717
1.5275326
1.5041814
1.2625706
1.306867
1.7057567
0.68065804
0.4334731
0.5535625
0.6419584
0.44332403
1.2542626
0.8722928
1.0604137
0.8897127
0.96374345
1.4279324
0.88628036
1.1857362
1.4536362
1.4161189
0.7656313
0.48548836
0.18385974
0.46583015
1.0564908
1.0124791
1.1164953
1.4168245
0.19070795
0.91957307
1.1168371
0.70924747
1.5858214
1.6643693
1.2870119
0.93262964
0.19442841
1.3680804
1.582327
0.43513316
1.2785721
1.205189
1.295476
0.22446
0.3336018
1.0429163
1.4477292
1.3006315
1.3668559
1.0216749
0.8103653
0.43903357
1.2143912
1.3202888
0.8900256
0.88130015
1.6547139
0.13811901
1.0010233
1.8027612
1.2172408
0.6050737
1.2842834
1.7219968
0.7196281
1.1519064
0.9697193
0.6957909
0.8338513
1.015542
0.52183586
1.3618093
1.0663217
0.7676387
0.637542
1.0259256
1.4660597
1.6476387
1.816035
0.9384146
0.7659695
1.439172
0.5598018
1.1903162
0.43367743
0.8924898
1.0813324
1.3159158
1.6715453
1.5358984
0.4584126
0.9486893
1.3715675
1.118619
0.77544284
1.2506696
1.2534499
0.63678175
0.5115723
0.9322939
0.7750879
1.0114123
0.78658307
0.69848365
0.7977374
1.5496374
0.79071367
0.14519148
0.8672652
1.3994843
0.8527397
0.6879103
1.1260138
0.8053281
0.92756367
0.73288596
1.1825724
0.861354
1.2057853
0.761551
1.6684308
0.37520206
1.5723559
1.3545355
1.7904067
0.38563758
1.1434605
0.622625
0.61682427
1.7356644
1.1656885
1.1718698
1.6722813
0.8516451
1.1610075
1.5695976
1.3330729
1.7464228
1.2656674
1.8326101
0.43832654
0.77658206
1.3036447
1.0735496
0.9957002
0.7472421
1.2488424
0.31106502
0.26677215
1.1476246
0.51187634
0.60190463
1.098453
0.50615287
0.9606702
1.3904439
0.44519815
0.30002636
1.7258024
1.1992545
1.4065967
1.3124695
1.17974
1.2291006
0.89672184
0.5883581
1.3130682
0.58621716
1.6574765
1.6848732
1.0660377
1.0885997
1.4219735
1.7609324
1.3209304
0.84654546
0.811696
1.7777447
0.41070497
0.7861587
0.9882517
0.7551174
1.3691897
1.0138786
0.8371402
1.7067672
0.7255098
0.39174244
0.62627697
1.4299864
0.6304389
1.0028634
1.439892
0.66332877
0.39476553
1.4242237
1.0566702
1.0589987
1.2591302
1.0654418
0.9448258
0.4872251
0.64083606
1.0411693
0.35853687
1.2353275
0.30246058
1.5006511
1.785713
1.7887766
1.1528962
1.2046976
1.6597899
1.3117334
1.732424
1.9285254
0.8784192
0.8525846
0.88458914
1.0862663
0.7961893
0.83506364
1.6431587
0.85939425
1.2246059
0.993507
0.68700755
1.5268899
0.8768212
0.79633677
0.26360703
0.9679326
0.88117564
0.8286912
0.662393
0.95786476
1.2866924
1.0116525
0.3506389
1.1449392
0.89921004
0.75291276
0.9768495
1.4841086
0.57401824
0.3266237
0.19820191
1.4240341
1.6624231
1.4335715
1.2361288
0.531791
1.0228271
0.8874687
0.58951366
1.1695962
1.0790555
1.2214475
0.80253166
1.3839062
0.80512655
1.0073423
0.85694563
0.7042741
0.87409174
1.4753417
1.1728647
0.13768648
1.561796
0.08118455
0.55948627
0.9874215
0.74639416
0.45078748
1.290152
1.1313958
1.1708037
0.86265343
0.82630837
1.1947577
1.4576933
0.57321256
1.1944363
0.5522842
0.651698
0.039021693
0.25960207
1.2155185
0.86707246
0.9422461
1.6085672
1.2258915
1.0377038
1.1536763
1.847852
1.0566717
0.6628297
0.48888052
0.58480716
1.7573845
0.55563253
1.0718263
0.81203485
1.2734205
0.90791345
1.2954342
1.8220098
0.89749557
0.4010319
1.2716504
0.65558714
1.1503373
0.37557924
1.3175516
1.2240026
1.1853775
1.2656032
1.9188898
0.97409725
0.8630401
0.35681838
0.321983
1.0933337
0.7543049
1.0195943
1.2159864
0.87612426
1.4330422
1.0461339
1.2536974
0.9739969
0.29866436
1.1579344
0.8431845
0.7432372
0.7326402
0.992878
0.36155975
1.0876892
0.43420565
1.6573268
0.48522514
1.0534599
0.42410764
1.6496873
1.0513688
0.3621916
0.8977723
0.6562446
0.29354516
1.5647774
1.3876253
0.6076318
1.5301697
0.9555696
1.1156293
1.0593221
1.2563242
0.6150876
0.08237371
1.1251205
1.3730059
1.243322
0.5267071
0.48594704
1.6634786
0.7255047
0.50750285
1.4096943
1.7892582
1.203371
1.3042939
1.712967
1.1039221
1.096828
0.9215187
0.55646884
1.0199754
1.0839303
0.73686934
1.1342201
1.0767629
0.6356959
0.8539464
1.4104027
0.51001257
1.0176839
1.8428046
1.0891162
0.90008575
0.7205783
1.1096159
0.8667906
1.708339
1.2661697
0.22007835
0.20282829
0.7273905
1.5059807
1.130244
1.0478916
0.879278
1.0156963
1.411125
1.2732439
1.0744042
0.6765875
1.2630191
0.81484026
1.8630815
0.09237439
0.7568811
1.2691859
0.9254363
0.7561016
1.2555691
0.48745131
1.5344324
0.63180447
0.75063455
1.4665548
1.1908324
0.5672707
0.7165097
0.27277362
1.2069991
1.1788473
1.3866184
0.69000846
0.86349386
1.6972942
1.0370839
0.12298751
1.5476089
0.7908838
1.8248184
1.4654255
1.135836
0.45261902
1.3615429
1.5451574
0.7872821
0.647455
1.0479411
0.62871826
0.97352993
0.85528815
1.4665334
0.96724
0.13941008
0.71427923
0.5621108
0.31761926
0.97803444
0.48780212
1.7796137
0.8628302
0.94714427
0.7330808
0.33780536
1.851762
0.98149943
0.057250798
1.506254
0.49526334
0.86049855
0.37262174
1.350595
0.6430103
1.6723704
1.5608469
1.3936228
1.0372112
1.543282
1.2632434
1.2430553
1.4310567
0.569392
0.93270445
1.2787824
0.9443204
1.4524853
1.3984358
0.8683233
0.77426505
0.42765778
0.7000141
0.31437767
1.7046043
1.6262279
1.1857327
0.59297794
0.3732422
0.77982926
0.69938797
1.0073041
0.944007
1.4515233
0.93770045
1.0496671
0.6956784
0.9365908
1.581075
1.0148793
0.38300446
1.2661009
1.1056895
1.8756095
0.8052827
0.91157186
0.53210443
0.61277765
1.5093745
0.9440602
0.7649803
1.4441085
1.0417677
1.0151939
0.7158681
1.7351346
0.6196958
1.2306225
1.691508
0.9034611
0.95005107
0.6559489
0.7160206
0.7191914
0.9512255
1.0581646
0.5347127
0.69062185
0.7450214
0.16925271
0.8334144
1.5569699
1.0276103
1.5532959
0.24800852
1.2920136
0.53076327
1.6816705
0.28459346
1.5334764
1.0889208
1.1949369
0.61809325
1.6022687
0.62669396
0.984673
0.15422307
1.628318
0.53786206
0.75391555
0.9070883
1.4792753
1.2646877
1.363321
0.8983748
0.22645217
1.2646872
1.1776288
1.5189071
1.3739407
0.5573255
1.0840693
1.1754854
1.1746695
1.2870842
0.839695
0.7625326
1.3926544
1.0657268
0.49146527
1.2170811
0.26363587
0.547851
0.5982886
1.6321594
0.3078622
1.0593815
0.9828794
1.5178218
0.79799104
1.7536991
0.8845922
1.1314325
0.16595334
1.0135428
0.9534413
0.9710169
0.8758665
0.26592478
0.49510524
0.516299
0.38408703
0.8123832
1.9323415
0.3925283
1.4428365
1.0385764
1.407053
0.42297843
1.0131403
1.4181384
1.3956513
1.1056356
1.1863011
1.1376368
1.0124669
1.3332276
0.7216336
1.5698338
1.2492933
0.482209
0.84433544
0.5906929
0.57615435
1.0410292
1.8881719
0.99522626
0.62794
1.1081159
1.3419919
1.0741537
1.1948042
0.8581831
1.0808939
0.72842574
0.48425186
0.51195693
0.60807025
1.3274913
1.5582942
0.96363735
0.9633938
1.0453076
0.5779638
1.2871059
0.9462892
1.3616594
1.6093347
0.16747412
1.3816376
1.1281016
1.0479927
1.741633
0.33279145
0.4647395
1.2866082
0.8687134
0.55969906
1.15817
0.24132419
0.90530545
1.9023441
1.597432
1.3934199
1.3955991
1.0077126
0.699772
0.55543834
1.7419095
0.73022383
1.4522957
0.9639558
1.1484163
0.9605827
1.0145993
1.0157802
0.22580433
0.8044265
1.0933548
1.5544381
1.5580823
1.2441676
1.3742075
1.454215
0.9774429
0.89161634
0.6618639
0.5144942
0.93578887
0.92342615
1.2866231
1.0253791
0.39997226
0.53157437
0.81634843
0.9842904
1.1431661
0.7566886
1.1315565
0.6391637
0.80441415
1.2838602
1.0201175
1.9747176
1.7178483
0.61235857
0.130531
1.6657393
1.2805425
1.4853815
1.140236
0.8518901
1.3265806
0.91170996
0.6460786
1.2403109
0.45158896
1.0504527
1.5068898
1.1225636
0.7349278
1.9661386
1.4086728
0.76649797
1.5254538
1.0260369
1.3492422
1.3109683
0.81162155
1.7342685
0.9354652
0.29963294
1.6589315
1.1805413
1.3797112
0.86950004
0.9561335
0.70398504
0.99809706
1.2686491
0.7056315
1.1479664
1.047714
1.1566564
1.3971341
1.4660158
0.26497346
0.8276309
1.3265684
0.48199683
1.9309053
1.0486381
1.221951
1.2009882
1.4105221
1.3370699
0.49523458
0.8025048
0.022869648
0.10478626
0.52917916
0.59582
0.85620505
0.8428707
1.0758864
0.9369527
1.056116
1.2052984
1.0956287
0.7618323
0.17141402
1.5550978
0.6612858
1.1193037
1.5175221
0.16784516
0.7346655
1.5708213
0.69619876
1.161269
1.0906707
1.1786966
0.5810301
1.1853583
1.3544168
1.0283887
0.30915523
1.2020288
0.89778656
0.50033295
0.82167363
0.45557773
0.4152188
1.7644401
1.0098683
0.72988766
1.1764053
0.5376509
0.2544183
1.1955822
0.5020117
0.6351414
1.2730451
1.1920307
1.0199656
0.9264319
1.1592646
0.95766574
0.786914
1.2123355
0.33023375
0.42307973
1.1914446
0.6637652
0.6318315
1.5120714
0.7839617
1.8512161
0.5809908
1.5216285
0.9974678
1.8779856
1.1723868
1.7422249
1.1507528
1.1881765
1.2228738
0.39964765
1.1697052
1.8940636
0.6444784
1.3926908
0.64792013
1.7652886
0.9597572
1.521287
1.0962054
1.4531443
1.8792934
1.5064592
0.62030137
1.5960727
0.61014426
1.6257837
1.0268002
0.45074406
1.4057944
0.9935188
0.53182626
0.5538678
1.0298191
1.2665999
0.32304543
0.50309664
0.5546881
0.8962219
0.73429507
0.89715046
1.0222527
1.5441004
0.42675808
1.0241286
1.7052581
1.1882575
1.2813044
0.6709182
0.34359187
1.2877474
0.68774605
1.3167475
1.1138074
1.3157471
1.4042355
0.949919
0.91078424
0.8305161
1.0163212
1.0002121
1.2571697
0.5247803
1.4260972
1.6335242
1.7778684
1.1387012
1.5490179
0.41676182
0.8220221
1.2945342
0.8113793
1.2555761
0.6733159
0.5668633
1.7427006
0.76663166
0.67054194
0.41609108
0.8963809
1.0471175
0.6138015
1.2071745
0.5830727
1.5250318
1.3062587
0.946375
1.0764589
1.0412054
0.8163395
0.5648388
0.9852843
0.69140375
1.130806
1.5158539
0.8613857
1.4663265
0.7670975
0.30280373
1.2600397
1.2168543
1.0724639
1.707843
1.2862513
0.8246851
0.97747004
0.76294744
0.7232553
0.35294127
1.1721689
0.94691086
1.1458127
0.48242527
0.94752115
1.7441827
0.46798033
0.85586035
1.0421742
1.1178282
1.3147954
0.83921677
0.8910449
1.1530863
0.47502282
0.63935006
1.6471949
0.67554265
1.2285429
1.3004274
0.5590899
0.42279625
0.72615707
0.8040106
0.5322129
1.2795777
1.4781332
0.26789856
1.1576326
1.7283657
1.2334709
0.7847049
0.59031045
1.2710745
1.5836
1.7518721
0.8577372
1.0124707
1.3912487
1.507394
0.78471184
1.1840878
1.2742591
0.48171228
0.7316384
0.52361804
1.4522712
1.2080977
1.060066
0.6862675
1.1772206
1.5206522
1.4608841
0.6796809
1.0010141
1.1147236
0.9976797
0.78223497
0.73466444
0.32304883
0.6934686
0.4036817
1.228673
0.624914
0.30722213
0.9503893
0.6933849
0.4066022
1.1979578
0.54834855
0.8947334
1.7666551
0.7593376
1.2732761
0.723986
1.5600908
0.24685556
0.74560606
1.7190638
1.522901
1.3565723
1.1928942
0.79931456
1.5560755
1.2986691
1.0727667
0.41680884
1.7319872
0.6789782
0.5080747
0.45973697
1.7291355
1.2942712
0.8228998
0.9918945
0.9707911
0.81832784
1.5542418
0.7488678
1.2009225
1.2342951
0.52298814
1.100228
1.202193
1.2030776
0.76463443
1.277695
0.81822217
0.7146542
0.91272473
0.8814884
0.2074855
0.9994805
0.7070291
0.76277053
1.0102036
0.35790873
0.667655
1.4685955
1.2759352
1.4741158
1.0499396
1.6571406
1.0087233
1.3399245
0.23307401
0.85824835
1.1212608
1.9015768
1.439276
0.41063398
1.0683675
0.93121004
1.0389735
1.3835306
1.6812265
0.23013501
0.7277854
0.44716793
1.3913655
0.92858785
1.8049457
0.5992962
1.2047887
0.36372998
0.84332323
0.87114084
1.0064375
0.828532
0.11369102
0.9120039
1.2261518
1.5289687
0.36249244
1.2970853
0.6322162
0.5913471
0.5619807
1.6498523
1.0393978
1.4319105
0.8787545
0.50029933
1.267302
0.63016444
1.010529
1.2626051
0.8220853
0.17335296
1.553613
1.1918384
1.0467498
1.7493873
0.3355259
1.0252446
1.2586838
1.4529487
0.85799766
1.3001807
1.4376826
0.7839719
0.80213845
0.60059726
1.1416202
0.68497956
0.78662324
1.3061227
0.77264106
0.93634284
1.1161137
1.1641893
0.8350829
1.2027408
1.7094432
1.0062411
0.9471353
1.0042111
0.88451564
0.9212327
0.5921282
0.5628138
0.787054
1.3778703
1.1781309
1.6796079
1.0702233
1.40079
1.0374498
1.1318799
1.0509167
0.9596555
1.404359
1.0438812
0.5141076
0.38279647
1.2867562
0.347266
1.8464404
0.3732559
1.0274615
1.6218295
1.2996336
1.0761425
1.5947099
0.7563687
1.1093867
0.8867254
1.012629
0.9555013
1.3115181
1.1416539
0.22569688
0.44741377
0.5320417
1.0615969
0.3303908
1.0128081
0.3061644
0.54485357
1.5855705
1.354181
1.1614187
0.6558545
0.3657043
1.271183
1.0269065
1.1874158
1.1474328
1.3704816
1.243783
1.0865308
1.0335268
1.7479213
1.2694318
0.7580676
0.61219347
1.2743852
0.73707354
0.8500042
0.8736541
0.8063202
1.3914533
0.39848372
0.74736774
0.85111654
1.0158952
1.0524477
0.8512831
0.4472469
1.2167065
1.8213106
0.34988737
1.808857
1.2238963
0.24861525
0.99898815
1.7556245
0.27573624
0.30357802
1.2951099
0.994304
1.1420434
1.1193949
0.5172081
1.0433863
1.0525478
0.5856853
0.6634646
0.87184
1.0583593
0.9323463
1.5782794
1.4779341
1.1360624
1.3844037
1.1075528
1.2040278
0.5221829
1.0970138
0.32531452
1.3660269
1.240449
0.89171886
1.1382833
1.2427052
1.3584347
1.3683472
0.25514644
0.84440345
0.93531406
0.5844513
0.9733517
1.3043308
0.092153266
0.88413864
1.0226284
0.8231453
1.2282717
1.0622718
1.1343946
0.66708994
1.0852383
0.7883041
1.23125
1.2118167
0.17637248
0.77769315
0.29700804
1.7029855
0.8019067
1.5104098
0.64279574
1.2701142
0.687181
1.6767113
1.1515998
1.2774045
0.6120505
0.5644918
1.8048873
1.6210065
1.0319152
0.92967135
1.1980165
0.7049489
0.6577966
0.4948216
1.0593518
1.4200052
1.007755
1.5372202
1.4442496
1.1187396
0.65756583
0.71706986
1.43169
0.7972094
0.3662439
1.4698069
1.7409513
1.5227334
0.8265935
1.4603646
1.2628251
1.363178
0.6253689
1.3993564
1.2757118
0.9992051
1.4277427
0.66297615
0.5588132
0.82055724
1.0160077
1.3322024
1.003012
1.0065513
1.4393005
0.8553354
1.4757878
0.93538547
1.0456922
1.3584175
1.1957242
0.5213916
1.5693765
0.08942839
0.6820266
1.180348
0.91156816
1.0318905
0.54398954
0.97269666
0.4981275
1.1559827
1.6734211
0.24405271
0.53461313
0.5360458
1.4274371
0.75922966
1.0685449
0.7517295
0.9678787
1.2579517
0.98992884
0.8892656
0.12881212
0.7397839
1.1312088
1.5195475
0.87608993
1.1244776
1.1037437
0.5382966
1.0026958
0.8915774
0.7125356
1.0157721
0.5787775
0.21896294
1.2244767
0.9790642
1.0155008
1.026497
1.2667758
0.6367159
0.71561307
0.8105303
1.2973236
0.4425568
0.9544043
1.457993
0.6062854
0.9093418
1.0867804
0.7098807
0.95418847
0.896183
0.8883291
0.79467046
1.2378585
0.7782901
0.7127178
0.52185905
1.5049622
1.371225
0.5915931
1.2297366
0.39392865
1.0070131
0.7725811
1.762822
0.9606441
0.53994393
0.88720554
1.3628631
0.9720784
0.42636785
1.2609365
1.057268
0.59568316
0.36016396
0.58769095
0.8951682
1.3375959
1.6659638
1.0973537
1.3555872
0.9625367
1.3579295
0.5534719
0.46923
0.29663455
0.62880033
1.0122557
1.0496118
0.7998431
1.1158081
0.6921811
1.5519465
1.0740956
1.5355506
1.3547308
0.9386028
1.1264787
0.5736239
0.8263508
0.5488595
1.5147705
0.4803396
0.99983954
1.0293517
0.42042089
0.30057085
1.4042523
1.7725573
1.0072918
1.1851774
0.8987242
1.1541157
1.8321947
0.6635158
0.28793204
0.5012743
1.3800728
0.55139863
1.6692393
1.1063612
1.3927641
0.9352912
1.6670403
1.3271158
1.5295954
0.6206198
1.5462173
0.13696472
0.5855534
1.047951
0.78393024
0.42581975
1.0132122
0.49440122
0.41371247
0.5085473
1.1744872
1.6538693
0.18887866
0.7937814
1.8973757
0.8521143
0.6901842
0.66775304
1.160008
0.724526
0.81576025
1.2480354
0.8953547
1.0123059
0.72805285
1.2729816
1.2348332
0.6836564
1.0429888
1.0701804
0.9389368
0.34342515
1.2929194
1.5454812
1.0751868
0.94839287
0.46960086
1.5968735
0.8621866
1.4918896
1.4184632
0.81509155
0.4993453
1.5560533
1.1478083
1.2547388
1.52157
0.24724454
0.8568233
0.9459222
1.0580198
0.9879247
0.684874
0.9009445
0.7830039
1.0019743
1.0812522
1.715731
1.1457633
0.12627864
1.0371368
0.94707227
0.67595536
0.7071812
0.59723675
0.9464786
1.093265
0.5700626
1.021375
1.244982
0.98686004
0.61641157
1.133596
1.7610168
1.6969359
1.7462938
0.6929067
1.2579719
1.0279874
0.95131254
0.86396456
1.7006276
0.885239
1.3712146
0.935943
0.54492646
0.5046084
1.1265104
0.83807033
0.7126364
1.307611
1.205498
0.90268004
0.86317605
0.8471896
0.8462876
1.1181387
0.38098285
1.0597198
1.2290299
1.1909096
1.8290025
1.6847912
1.4120703
-1.3514936
-0.6678708
-0.007684514
-0.045391236
-0.09039953
1.3084151e-05
-1.3084178e-05
-0.6446204
-0.31855428
-0.0036652742
-0.10040081
-0.20062034
2.9037124e-05
-2.9037232e-05
-1.4437246
-0.7134504
-0.008208934
-0.8567138
-1.7130215
0.00024793763
-0.00024793798
-1.8341331
-0.9063799
-0.010428775
-0.6182557
-1.2359955
0.00017843768
-0.0001784376
-1.50995
-0.7461778
-0.008585488
-0.75871617
-1.5170088
0.00021900702
-0.00021900679
-1.1595675
-0.5730279
-0.006593233
-0.78653675
-1.5727483
0.00022705458
-0.00022705374
-0.65946543
-0.32589054
-0.0037496823
-0.97950596
-1.9588269
0.0002827905
-0.00028279054
-0.543136
-0.2684036
-0.0030882396
-0.56250477
-1.1248572
0.00016239239
-0.00016239256
-0.066577524
-0.03290087
-0.00037855594
-0.356019
-0.7120193
0.000102791935
-0.000102792284
-1.1224189
-0.55467004
-0.0063820085
-0.3827565
-0.7651982
0.00011046976
-0.00011046957
-1.2869794
-0.6359915
-0.0073176906
0.0010343915
-0.0011525175
0.003807252
-0.0036709742
0.0034370185
-0.0034490284
0.0024236578
-0.002476294
0.0025572896
-0.002553132
0.0052347747
-0.005096186
0.00013668372
-0.0003921324
0.0035849356
-0.0034204843
0.0023883437
-0.0024415064
0.0047745113
-0.0046543456
0.000154787
-0.0003865454
0.0020221816
-0.0019379351
0.0055219657
-0.0053373636
0.001732568
-0.00191824
0.0018342918
-0.0018389511
-0.40115598
-0.80211294
0.0014409986
-0.0014409986
-1.1262125
0.0018111313
-0.0018111313
-0.08298039
0.00011013618
-0.00011013617
-1.0173551
0.0013502901
-0.0013502901
-0.88138866
0.001169828
-0.0011698279
-0.057462603
7.6267555e-05
-7.626755e-05
-0.02156467
2.8621827e-05
-2.8621826e-05
-0.33384642
0.0004430995
-0.00044309947
-1.0633214
0.0014112991
-0.0014112991
0.00069740036
-0.0006974004
0.0038037882
-0.0038037885
0.0009657214
-0.00096572144
0.00025462074
-0.00025462077
0.002661254
-0.0026612543
0.0037955155
-0.003795516
0.0029674836
-0.0029674838
0.0037273746
-0.0015002026
-0.0021746568
-7.3883416e-06
-4.5126733e-05
-1.9644339
-0.98140556
-1.5681473e-05
-0.0007957097
-0.84961176
0.0032277228
-0.003044151
-0.74496865
-0.7391186
-0.0052525043
-0.0004139954
-1.893945
0.0071952036
-0.006785987
-0.6478871
-0.6425517
-0.0045662574
-0.00035990635
-1.6571423
0.0062955767
-0.005937525
-0.743654
-0.7376408
-0.0052420027
-0.00041316764
-0.61932236
0.0023528403
-0.0022190262
-0.5531343
-1.106001
0.0004568235
-2.472659e-05
-0.6857448
-1.3706255
0.0023835846
-9.828568e-05
-0.588804
-1.1730374
0.0021074375
-0.00014798046
-0.46651453
-0.92911017
0.0016692814
-0.000117214426
-0.05228928
-0.10147443
0.00018231336
-1.2801777e-05
-0.11469147
-0.22904393
0.00041151032
-2.8895662e-05
-0.95963037
-1.9184955
0.0034468502
-0.00024203293
-0.47123304
-0.93605644
0.0016817572
-0.00011809071
-0.0011491992
-0.0004114624
-3.004991e-06
-0.48147643
-0.2392625
-0.0006410414
-0.0008346725
-0.085331075
-0.04240399
-0.000113610586
-0.00014793835
-0.21104291
-0.10515436
-0.00027054164
-9.655366e-05
-1.5911951
0.0011405316
-0.0009685148
-0.75034153
-1.500339
0.0002181381
-8.085206e-06
-0.9922123
-0.9844545
-0.0001327797
-0.007414972
-1.9179764
0.007286854
-0.006872091
-0.8403625
-0.8335569
-0.00011242717
-0.0062784017
-1.2814784
0.0048686448
-0.004591525
-0.18551825
-0.1838317
-2.4794563e-05
-0.0013846317
-1.1699675
0.0044440445
-0.0041919826
-0.6905542
-0.685051
-9.239708e-05
-0.0051587243
-1.6905277
0.0064213574
-0.0060571446
-0.34467876
-0.34169534
-4.6086574e-05
-0.0025731106
-1.3146105
0.0049934606
-0.004710237
-0.26851645
-0.2661928
-3.5903075e-05
-0.0020045445
-1.2055877
0.004579345
-0.004319609
-0.91183895
-0.90464485
-0.006428799
-0.0005055742
-0.4250054
0.0016143548
-0.0015227904
-0.44382828
-0.44036052
-5.9394253e-05
-0.0033168222
-1.7391678
-0.86655927
-2.3030596e-05
-0.003001578
-0.6030545
-0.30127817
-4.8153615e-06
-0.0002442708
-0.12357781
-0.061410155
-0.00016451495
-0.00021423542
-0.23591283
-0.23591283
-0.11795813
0.00024114165
-0.00023942618
-0.92721486
-0.92721486
-0.46361417
0.00094776583
-0.00094102346
-0.8769216
-0.8769216
-0.43846717
0.00089635793
-0.0008899812
-0.7820586
-0.7820586
-0.391035
0.00079939235
-0.00079370546
-0.44041964
-0.44041964
-0.22021303
0.00045018125
-0.00044697864
-1.4622089
-1.4622089
-0.73111504
0.001885611
-0.0018749784
-0.346128
-0.346128
-0.17306651
0.000446354
-0.00044383708
-0.6637151
-0.6637151
-0.3318624
0.00085590285
-0.0008510765
-1.1644578
-1.1644578
-0.58223736
0.0015016425
-0.0014931748
-1.7984557
-1.7984557
-0.8992409
0.0023192232
-0.0023061456
-0.50626236
-0.50626236
-0.25313488
0.0006528577
-0.0006491763
-0.9930585
-0.9930585
-0.49653646
0.0012806127
-0.0012733915
-0.23664807
-0.23664807
-0.118325755
0.0003051729
-0.0003034521
-0.854397
-0.854397
-0.4272047
0.0011018002
-0.0010955874
-1.9178758
-1.9178758
-0.95895183
0.0019603837
-0.0019464379
0.0030156167
-0.0029780802
0.0023866328
-1.1572451e-05
-0.002412597
0.0028797018
-0.0028438573
0.0015022641
-7.3425917e-06
-0.0015307661
0.004123995
-0.0040726624
0.0038367067
-2.5749066e-05
-0.0038622902
0.003613756
-0.0035753937
0.003104125
-2.0811543e-05
-0.0031216755
0.0024260292
-0.0024002753
0.0012527782
-8.46725e-06
-0.0012700646
0.0017266381
-0.0017083088
0.0020993669
-1.4024725e-05
-0.0021036714
0.0040944405
-0.004050975
0.0040984023
-2.743006e-05
-0.004114437
0.0019393286
-0.0019151892
0.004563617
-0.0018891471
-0.0026986098
-0.446684
-0.22257127
-5.5873907e-06
-0.00076514727
-1.4229314
-0.7090105
-1.779855e-05
-0.0024374092
-1.5722986
-0.7834364
-1.9666895e-05
-0.0026932678
-1.4320554
-0.7135567
-1.7912676e-05
-0.002453038
-1.7568426
-0.87538993
-2.1975231e-05
-0.003009382
-0.36318442
-0.18049562
-0.00047635467
-0.00062023697
-1.1811302
-0.5869988
-0.0015480366
-0.0020182417
-0.5826176
-0.28954965
-0.0007641658
-0.0009949782
-1.4521033
-0.7216672
-0.0019045803
-0.0024798661
-1.8295269
-0.9092394
-0.002399633
-0.0031244105
-1.5348998
-0.7628155
-0.0020131967
-0.0026212544
-0.05752613
-0.028589372
-7.545151e-05
-9.82416e-05
-0.788426
-0.39183247
-0.0010340308
-0.0013464859
-0.2601551
-0.12929207
-0.00034119035
-0.00044429925
-0.85538375
-0.42621595
-1.0699447e-05
-0.0014652289
-0.66453695
-0.3302627
-0.00087099115
-0.0011347929
-0.9455352
-0.46991336
-0.0012397821
-0.0016144491
-0.02371791
-0.011787359
-3.1099164e-05
-4.0496863e-05
-1.3836955
-0.68767095
-0.0018141821
-0.002362639
-1.0488379
-0.5212529
-0.0013752673
-0.0017908177
-0.94946617
-0.47309557
-1.115617e-05
-0.0016263631
-0.9097045
-0.4532833
-1.0688975e-05
-0.0015582545
-0.8366637
-0.4168889
-9.830749e-06
-0.0014331412
-1.3316925
-0.6635495
-1.5647309e-05
-0.0022810877
-1.4315387
-0.7133004
-1.6820497e-05
-0.0024521167
-1.2934909
-0.6445146
-1.519844e-05
-0.0022156513
-1.3884133
-0.6918121
-1.6313774e-05
-0.002378246
-0.63451296
-0.31616214
-7.4554896e-06
-0.0010868723
-0.2398956
-0.11953406
-2.8187599e-06
-0.00041092286
-1.8696085
-0.92916065
-0.0024512433
-0.0031923433
0.00327527
-0.003265065
0.012100167
-0.012077237
-3.3136137e-05
0.0003387307
-0.00033716418
-0.39554176
-0.79108036
0.0014211802
-9.979453e-05
-0.4455328
-0.88842285
0.001596055
-0.00011207436
-0.4367053
-0.8704426
0.0015637536
-0.00010980616
-0.65435725
-1.3058066
0.0023458865
-0.00016472724
-0.68515944
-1.3659565
0.0024539463
-0.00017231514
-0.7748538
-1.5451444
0.002775858
-0.00019491964
-0.50639856
-1.0076352
0.0018102203
-0.00012711299
-0.54580724
-1.0882483
0.0005092103
-9.381924e-06
-0.00049982825
-0.1681769
0.0003601972
-3.8755166e-05
-0.0003214421
-0.7081854
-0.35380295
-5.4433344e-06
-0.000284301
-0.72568667
-0.36254644
-5.577856e-06
-0.00029132693
-1.6262171
0.0023862093
-0.0021820255
-0.1098345
-0.21926063
8.802218e-05
-3.0661488e-06
-0.26489684
-0.52962375
0.00021261745
-7.406278e-06
-0.6239319
-1.2474533
0.00050079013
-1.7444434e-05
-0.46305382
-0.925141
0.00037139788
-1.2937207e-05
-0.14737782
-0.2940387
0.00011804185
-4.111848e-06
-0.3101456
-0.31122407
0.00202518
-0.0008327507
-1.5174639
-0.7561574
-0.0019616485
-0.0006128908
-0.4369649
-0.21774109
-0.00056487106
-0.00017648641
-0.8412272
-0.41918635
-0.001087467
-0.00033976452
-0.7667357
-0.382067
-0.0009911706
-0.00030967803
-1.5774852
0.0023033305
-0.002113598
-0.3435035
-0.68662757
0.0011223948
-0.0008544444
-0.8693183
-1.7381008
0.000809693
-0.00013141443
-0.7728094
-1.5442622
0.0007193935
-0.000116758674
-0.662502
-0.6576847
-0.002435928
-0.001778739
-1.5677891
0.0022875885
-0.0021007312
-0.5156438
-0.51171905
-0.0020653955
-0.0016724875
-1.7060534
-0.8502606
-0.00065753376
-0.0021085427
-1.5385679
-0.7662649
-0.00044986024
-0.002569165
-1.667508
-0.83048534
-0.0004876005
-0.0027810386
-0.83147323
0.0012132684
-0.0011141688
-0.39981523
-0.397069
-0.0015731364
-0.001073981
-1.9870001
0.002899926
-0.00266275
-0.26103106
-0.25906673
-0.0010263886
-0.00070078735
-1.2619218
0.0018419356
-0.0016913075
-0.7379093
-0.7328723
-0.0029035422
-0.0019828267
-0.021988764
3.2103067e-05
-2.9478402e-05
-0.26933324
-0.26754653
-0.0010599819
-0.0007241073
-1.9638053
0.0028680726
-0.002633665
-0.39846107
-0.39538473
-0.0015391217
-0.0013028277
5.1416988e-05
-5.0874885e-05
0.00051327073
-3.4401965e-06
-0.0005103727
0.000558566
-0.00055267685
0.0026805014
-1.7986531e-05
-0.002668404
0.00405039
-0.0040076855
0.0013045778
-9.020628e-06
-0.0013382613
0.0027201048
-0.002691426
-0.99571645
-1.9913756
0.0008225201
-4.4528315e-05
-0.55593455
-1.110313
-1.110313
0.0022114113
-0.00034958776
-0.085859165
-0.16799468
-0.16799468
0.0003345951
-5.2893967e-05
-0.95130634
-1.9020493
-1.9020493
0.0037883122
-0.00059886964
-0.86745244
-1.728526
-1.728526
0.0034427056
-0.00054423505
-0.2014326
-0.39706826
-0.39706826
0.00079084106
-0.00012501894
-0.94032466
-1.8793176
-1.8793176
0.003743038
-0.00059171283
-0.20775406
-0.40920547
-0.40920547
0.0008150146
-0.00012884
-0.98892367
-1.976475
0.00092473347
-1.7090524e-05
-0.00090764294
-0.22385092
-0.11220938
0.00038865252
-1.6055748e-05
-0.5570536
-0.55573773
-0.0010722501
-6.1293686e-06
-0.30188203
-0.6034664
0.00028234388
-5.218139e-06
-0.00027712583
-1.7258242
0.00024186808
-8.919579e-06
-0.00023294851
0.0041689985
-0.00416318
-5.8183446e-06
0.01574514
-0.015719756
-2.5385827e-05
0.009037728
-0.009021997
-1.5730193e-05
9.938837e-05
-9.9231496e-05
-1.568862e-07
0.0021386524
-0.002134455
-4.19778e-06
0.009699901
-0.009680665
-1.9236606e-05
0.0050145634
-0.0050019566
-1.2606407e-05
0.004030673
-0.0040127365
-1.7935872e-05
0.010483487
-0.010451939
-3.1548836e-05
0.0112796165
-0.011224145
-5.5472105e-05
-1.8162642
-0.91043574
0.0031534198
-0.0001302713
-0.23245975
-0.23122965
-0.00044613853
-2.5502889e-06
0.023120027
-0.023148118
-5.870077e-06
0.02628605
-0.02627561
-6.66317e-06
0.025549838
-0.02156758
-0.0039831423
0.012197231
-0.0103093805
-0.0019039564
-0.29609635
-0.29542923
-0.0005700063
-3.2583619e-06
-0.33311346
-0.6660687
0.00031163392
-5.7594452e-06
-0.00030587448
-1.5022669
0.00021053734
-7.764168e-06
-0.00020277315
-1.4540368
-0.72886264
0.0025246942
-0.0001042918
-0.3892198
-0.38778648
-0.00074820354
-4.2770016e-06
-0.3683228
-0.7364363
0.0003453457
-6.0851544e-06
-0.00033926064
-1.8006439
-0.90032196
0.00036095278
-4.8004695e-05
-0.09786777
-0.19510965
8.0068174e-05
-1.5481965e-06
-7.8519966e-05
-0.6650059
0.0016473968
-8.500676e-05
-0.0014070261
-0.22580865
-0.45130658
9.0468086e-05
-7.648569e-06
-8.281952e-05
-0.7750371
0.0003701893
-8.46801e-05
-0.00028550913
-0.76134676
-0.3816389
0.0022832796
-0.0010135581
-0.6659611
-1.3313138
0.001096519
-9.6727024e-05
-0.0009997919
-1.1570978
-0.5792702
0.0023151224
-0.00032528283
-0.45020303
-0.89786893
0.00017998519
-1.5216736e-05
-0.00016476845
0.0018009747
-0.0017926142
-8.360479e-06
-0.50753415
-0.25386918
0.0013471636
-0.0010620628
-0.41734788
-0.8343297
0.0020475723
-7.726259e-06
-0.0020398463
-0.84331346
-0.42182636
0.002238433
-0.0017647125
-0.32782337
-0.6550386
0.0016075647
-6.065945e-06
-0.0016014987
-1.8553704
-0.92805845
0.0049247677
-0.003882537
-0.16047302
-0.31960803
0.0010294338
-0.00014463782
-0.000884796
-1.9994375
-0.99976814
0.0056474484
-0.0042303135
-0.120637916
-0.23854035
0.00076832087
-0.00010795085
-0.00066037
-1.8454491
-0.92277014
0.005212506
-0.0039045124
-0.43105906
-0.85959333
0.0027686865
-0.0003890069
-0.0023796798
-0.8686054
-0.43432415
0.002453392
-0.0018377535
-0.16099569
-0.32080302
0.0010332828
-0.00014517868
-0.0008881042
-0.36661384
-0.18331598
0.0010355075
-0.0007756639
-0.9963412
-1.9921808
0.0064166677
-0.0009015574
-0.00551511
-1.2072775
-0.6038816
0.0032045147
-0.0025263415
-0.0004222667
-7.332876e-07
-1.2215784e-05
0.0007586182
-4.263896e-05
-0.0007103193
0.000564476
-3.2046497e-05
-0.00053386024
0.0012491455
-7.044366e-05
-0.0011735157
0.00068303576
-3.892045e-05
-0.0006483729
0.00017783535
-2.7451756e-06
-0.00017415085
0.0016244987
-2.4449682e-05
-0.0015510602
0.0008837345
-1.40776065e-05
-0.0008930675
0.0014555026
-2.2299357e-05
-0.001414646
-4.8903457e-05
-2.140992e-08
-1.3582211e-06
0.0010408567
-1.560672e-05
-0.0009900727
0.0017816256
-2.7240803e-05
-0.0017281258
0.0021103898
-3.256381e-05
-0.0020658113
0.0015002448
-2.3595794e-05
-0.0014968906
0.0015849221
-9.2063645e-05
-0.0015336815
0.0019423331
-0.000835241
-0.0011104742
0.007737784
-0.0033100995
-0.004400862
0.007673326
-0.0032940183
-0.004379481
0.0012047376
-0.00053001917
-0.000704674
0.00072525145
-0.00031234277
-0.0004152677
0.00012729772
-5.5838693e-05
-7.423897e-05
0.0033849366
-0.0014465881
-0.0019232756
0.008124081
-0.0034779892
-0.0046240757
0.008450569
-0.003626899
-0.0048220544
0.0032583456
-0.003280505
-1.8770941e-06
0.006959895
-0.0029803773
-0.0039624874
0.0060081976
-0.0025810087
-0.0034315167
0.0019474108
-0.001965111
-1.1244298e-06
0.005944855
-0.005923041
-3.3891442e-06
-0.40012684
-0.80019855
-0.40011132
-2.5225681e-05
0.000633939
-3.992878e-06
-0.5400988
-1.0790122
-2.9752331e-05
-0.000319648
0.0010103374
-0.00066093705
-1.0223473
-1.0223473
-1.63806e-05
0.0010683755
-0.00029067305
-0.000761322
-1.6343459
-0.8172045
-6.326794e-05
0.0029744639
-0.0018801811
-0.3513024
-0.7006058
-0.35031345
-2.2086091e-05
0.0005550389
-3.4959244e-06
-0.9802349
-1.959432
-5.4028744e-05
-0.0005804648
0.0018347222
-0.0012002287
-0.39482138
-0.39482138
-6.3260413e-06
0.0004125971
-0.00011225532
-0.0002940157
-0.041642774
-0.02082219
-1.6120531e-06
7.578869e-05
-4.79066e-05
-0.7784109
-1.5567709
-0.7784089
-4.9076083e-05
0.0012333161
-7.768068e-06
-0.9276174
-1.8529286
-5.109205e-05
-0.0005489139
0.0017349969
-0.001134991
-1.9010146
-1.9010146
-0.00083251134
0.0024266047
-5.7163146e-05
-0.0015369303
-1.7046152
-0.8527664
-6.161984e-05
0.0030666522
-0.00196102
-0.8650398
-1.7289091
-0.86448103
-0.00073303794
0.0021590132
-8.627014e-06
-0.7187937
-1.4348056
-0.00042615357
-6.244624e-05
0.0009826247
-0.0004940249
-1.291438
-1.291438
-0.00056555955
0.0016484932
-3.8833292e-05
-0.0010441004
-1.5378233
-0.76932555
-5.55905e-05
0.0027665887
-0.0017691397
-0.87329936
-1.7455428
-0.87279814
-0.0007400905
0.0021797852
-8.710013e-06
-0.8425631
-1.6823177
-0.0004996677
-7.321859e-05
0.0011521331
-0.00057924696
-0.7042307
-0.7042307
-0.0003084039
0.00089893566
-2.1176083e-05
-0.0005693557
-0.60958385
-0.304956
-2.2035736e-05
0.0010966591
-0.0007012763
-0.9663549
-1.9322913
-0.96617526
-0.00081927
0.0024129914
-9.641863e-06
-0.5347175
-1.066326
-0.00031671135
-4.6409128e-05
0.00073027227
-0.00036715184
-0.43503344
-0.43503344
-0.00019051433
0.00055531104
-1.3081373e-05
-0.0003517153
-0.5333315
-0.26680928
-1.9279296e-05
0.0009594791
-0.0006135542
-0.8721985
-1.7440308
-0.8720421
-0.00073945004
0.0021778971
-8.702469e-06
-0.74862033
-1.4944346
-0.00044386525
-6.504149e-05
0.0010234625
-0.0005145559
-1.9425067
-1.9425067
-0.000850683
0.0024795693
-5.8410806e-05
-0.0015704754
-1.8438063
-0.9223994
-6.6651366e-05
0.0033170623
-0.0021211482
-0.26393202
-0.526598
-0.26330692
-1.6600643e-05
0.00041718507
-2.6276498e-06
-0.1719799
-0.34317973
-9.462727e-06
-0.000101663485
0.00032133656
-0.00021021029
-0.0032426943
0.0051508723
-0.001889818
-1.8360202e-05
-0.0019845634
0.0031523886
-0.0011565887
-1.1236639e-05
-0.0026237015
0.004167631
-0.0015290736
-1.4855452e-05
-0.0017038754
0.0027065286
-0.0009930058
-9.647378e-06
-0.00057163346
0.0009080138
-0.00033314372
-3.2366006e-06
-0.005391789
0.008564612
-0.0031422942
-3.052842e-05
-0.0013703883
0.0021767998
-0.0007986521
-7.759168e-06
-0.0023024566
0.0036573475
-0.0013418545
-1.3036558e-05
-0.005468692
0.00868677
-0.003187113
-3.0963853e-05
-0.00061565643
0.0009779423
-0.0003588
-3.4858595e-06
-0.0056857606
0.009031572
-0.0033136187
-3.2192893e-05
-0.0060833665
0.009663152
-0.0035453406
-3.4444147e-05
-0.0011509417
0.0018282186
-0.00067076023
-6.516656e-06
-0.0008178419
0.0012991047
-0.00047663215
-4.6306377e-06
-0.004494481
0.0071392786
-0.0026193499
-2.5447844e-05
0.00056070706
-0.00054673455
-1.3972474e-05
-4.148915e-05
0.0001146188
-3.4486162e-05
-0.00016049393
0.0104889115
-3.0072038e-05
-0.010325907
-0.00011712058
0.009036478
-0.008813741
-0.46202853
-0.46308342
-2.5080877e-05
0.0023042168
-0.0007227493
-0.00040158138
-2.1833343e-05
7.075496e-05
-3.2136653e-05
0.012502578
-0.012285217
-0.00021736206
0.0016815326
-0.0016393182
-4.2214288e-05
0.0040819403
-0.0040564667
-2.5474155e-05
0.00045603394
-0.00044995476
-6.0791904e-06
0.0026432197
-0.0025922535
-5.096677e-05
0.0038689403
-0.0038336103
-3.5330493e-05
0.0008212454
-0.00080455665
-1.6688873e-05
0.0026022797
-0.0025521033
-5.0177365e-05
0.0012142053
-0.001190793
-2.3412398e-05
0.0018212011
-0.0017860846
-3.5116533e-05
0.00028685696
-0.0002813258
-5.531197e-06
0.0014252064
-0.0013977255
-2.7480935e-05
0.001484849
-0.0014562184
-2.8630973e-05
0.0003282653
-0.00032193572
-6.329636e-06
0.0035520697
-0.0035196333
-3.2436885e-05
0.0013638726
-0.0013375743
-2.6298292e-05
0.0026373847
-0.0025987145
0.004121503
-0.0023910666
-0.0016667839
-0.28781033
-0.575416
0.0010321249
-0.00076603476
-0.00026609018
0.0028173858
-0.0027811893
-3.619606e-05
0.0034294953
-0.0034165645
-1.2930857e-05
-0.41267875
-0.20686272
0.0007402303
-5.205925e-05
-0.15413402
-0.3079384
0.00014408966
-2.6547855e-06
-0.0001414349
-1.6755024
-0.83987606
0.0029088322
-0.000120126904
-0.8160674
-1.630807
0.0007630824
-1.4059444e-05
-0.0007490233
0.004761184
-0.004740614
-6.287211e-06
-0.8710874
-1.7421461
0.0008151799
-1.50193155e-05
-0.0008001609
-1.730488
-0.86743855
0.0030042923
-0.00012406915
-0.54907876
-1.0967863
0.0005132052
-9.455559e-06
-0.00050374964
0.0023419182
-0.002332035
-9.883455e-06
0.0014817032
-0.0014183207
-6.338246e-05
-1.0255573
0.0013389693
-2.7842842e-05
-0.0008840959
-0.41570646
-0.41527942
0.0017171397
-0.00013974468
-0.0015773949
-0.26436424
0.00025704497
-3.1460386e-06
-0.00025389894
-1.7087204
0.0018406267
-1.9685827e-05
-0.001820941
-1.3398305
0.0014430624
-1.5314206e-05
-0.0014277482
-1.8781089
0.0012592311
-0.00030779035
-0.0009514409
-1.0623341
-0.5288329
-0.0008094384
-0.0007463159
-0.011237193
-0.020917647
2.7131227e-05
-1.7458578e-06
-2.5385372e-05
-1.9438617
-0.9681364
-0.00058042625
-0.0009761258
-0.8378094
-1.671143
0.0032403474
-0.0012072565
-0.002033091
-0.7558216
-0.37886944
0.0013122656
-5.4211505e-05
-0.7779233
-0.77763677
0.001889937
-7.747422e-05
-0.0017995895
6.279137e-05
-3.9249142e-05
-2.3542192e-05
0.00029062122
-0.00028031718
-1.0303994e-05
0.0011732894
-0.0011660156
-7.273772e-06
0.0015372444
-0.0014853746
-5.186983e-05
0.00059953483
-0.0005793053
-2.0229554e-05
0.0010973912
-0.001060363
-3.7028272e-05
-1.5423151
0.00021614996
-7.971149e-06
-0.0002081788
0.0020202328
-0.001952066
-6.8166875e-05
0.0018901089
-0.0018263326
-6.377621e-05
0.00026843903
-0.00025938137
-9.057692e-06
0.0018399042
-0.0017778234
-6.208061e-05
0.00011390072
-1.672643e-05
-9.717433e-05
-0.67167866
-0.33583933
0.00013464311
-1.7906776e-05
-0.382069
-0.38195226
0.0018504973
-0.00015953468
-0.0016909625
-0.67766106
0.0010502281
-6.680811e-05
-0.0009834201
-0.5229524
-3.3007418e-05
-2.5189007e-05
0.0007958579
-0.0006398017
-0.37714416
-0.37708187
0.0019238961
-9.2088685e-06
-0.0018791014
-0.53037333
-0.26519978
0.0014734293
-0.0011205942
-0.8942728
-1.7878661
-0.8939605
-0.00021907495
0.0017574533
-6.507313e-05
-0.0022920466
-0.0016868451
0.0025523168
-7.2303674e-06
-0.9550502
-1.9100761
0.0054363576
-0.004158369
-0.0012779887
-1.2198312
-1.2198312
-1.8168475e-05
0.0010502749
-4.0709827e-05
-0.0009913966
-0.004047179
0.0064287605
-0.002358666
-2.2915214e-05
-1.9401501
-0.970123
0.005389928
-0.004099227
-0.79233325
-1.582181
-0.79111475
-0.00019387134
0.001555267
-5.758679e-05
-0.0016764791
-0.00079129555
0.0011972864
-3.3917502e-06
-0.11019823
-0.22038512
0.00062724843
-0.00047979376
-0.00014745469
-1.0153149
-1.0153149
-1.51223585e-05
0.00087418646
-3.388444e-05
-0.0008251796
-0.003923826
0.006232819
-0.0022867764
-2.2216786e-05
-0.90198576
-0.45101517
0.0025058053
-0.0019057518
-0.4640621
-0.92696863
-0.46349853
-0.00011358542
0.00091120024
-3.3738965e-05
-0.0011043459
-0.00070707576
0.0010698559
-3.0307565e-06
-0.90826553
-1.8165209
0.0051700855
-0.0039546927
-0.0012153931
-0.88609135
-0.88609135
-1.3197668e-05
0.0007629248
-2.957182e-05
-0.00072015537
-0.0019439203
0.0030878289
-0.0011329022
-1.10065175e-05
-0.95451385
-0.4772805
0.0026517275
-0.0020167348
-0.23817381
-0.71269447
0.0004088235
-0.0014917296
0.0011150812
-0.004663475
-0.009279588
6.525491e-06
-1.6420367
-0.8214522
0.0011612441
-1.0371268
-0.00022340441
0.00022340441
-1.9541768
0.002402634
-0.06702753
-0.1299413
9.137587e-05
-1.710666
-0.8557585
0.0012097408
-1.1565529
-0.00024914087
0.0002491409
-0.07494134
8.683097e-06
-0.33282006
0.00077763636
-0.78016746
-0.77616656
-0.002859223
-1.0338813
-0.3437135
-0.0007922461
-2.0995343
0.0080110235
-0.8106557
-0.40235716
-0.002926608
-1.5917591
0.0060735466
-1.8501835
-0.92493707
-0.00012122343
0.0037568856
-0.0036876781
-1.3647653
-0.4536887
-0.0012100068
-1.8537736
0.0012300548
-0.5263865
-1.573793
-0.0016762468
2.1191547e-05
-2.8693483
-0.9539444
-1.5788741
-1.5742797
-0.8296918
-2.4801443
-0.002641598
-0.047447864
2.0436972e-05
0.0038837332
-1.5908499
0.0032411842
-1.0732961
0.0021856946
-0.580659
0.0011815798
0.0039312113
-0.005113703
9.121077e-07
3.9458275e-05
0.0055522965
-0.025257245
0.019665487
1.5557667e-05
9.980268e-06
-1.4336081e-05
-1.5125787
0.0011495255
-0.0011195501
0.0026948117
-0.017884396
0.015159606
9.39085e-06
-1.9992153e-06
-0.5539883
0.0010453179
-0.0010086776
0.0018978834
-0.0031061443
0.001171621
5.8756465e-05
-1.1630356e-05
-4.18478e-05
0.0005872053
-0.0026852796
0.0020927961
5.5196115e-06
3.5894747e-05
-8.130213e-06
0.00077121705
-0.0042924196
0.0034879188
6.314739e-05
-2.5997841
0.0011490381
-2.1793518
-0.7243994
-1.1328115
0.00066915725
-1.6969032
-1.6942837
-0.12089797
-0.11865918
-0.039562356
-0.117696494
-0.00012537598
-2.2609997
0.0009757281
-3.4111245
0.0015036333
-0.17767698
-0.058589652
-0.50806296
-0.5073441
-0.2236343
-0.66843885
-0.00071203004
-0.31058273
0.00013367907
-2.967873
0.0013055766
-0.8157505
-0.27100185
-0.70947975
-0.7081848
-0.8488719
-2.5449355
0.00076563004
-0.92411786
-0.33179575
-0.33157724
-1.2239258
0.00016410425
-1.6152569
-0.0015686842
-0.06443136
-9.0794265e-06
-0.7916728
-0.0022036866
1.5842397e-06
-0.35868564
-0.00021065766
-1.4460341
-0.00084884395
-1.0726329
-0.0006297692
-0.7356419
-0.00043191813
-1.6403683
-0.0009630984
-0.3078837
-0.7516122
0.0006897058
-0.16609299
0.0001488781
-1.6914716
0.0015223452
-0.8253014
0.0007413861
-1.6020896
0.0014413595
-0.8313735
0.0007470145
-1.7589567
0.0015825479
-0.58576614
0.0005257543
-0.2500599
0.00013953767
-0.7039459
-0.35124356
-1.9823205
-0.9889719
-1.2921782
-0.6398887
-1.9451921
-0.9681421
-1.1185187
-0.5546386
-0.019447997
-0.007844971
-1.9466386
-0.9704319
-1.0213424
-0.50773096
-1.0580878
-0.5272957
-1.9123563
-0.9528588
-1.3724049
-0.6827707
-0.24504882
-0.121155135
-0.5151622
-0.25664166
-1.8371234
0.00024644408
0.00032318107
0.00200122
-0.004384033
0.00038133876
0.0011794821
-0.004327407
0.0009628739
-0.97289294
-0.9762477
-0.00025438145
-0.3137451
-0.0025621294
0.0025177358
-1.9687437
-0.97143143
0.0001143259
-1.8348942
-1.596142
0.00021181804
-1.8096675
-0.32080197
4.2576507e-05
-0.18055151
-0.32079828
4.2606152e-05
-0.5182032
-1.5875611
0.00021067739
-1.9692618
-0.6334844
-1.2587273
0.007825681
-1.1183896
0.00013078726
-2.2186553
-0.85953295
-1.7082467
-0.00020677524
-0.7604975
-0.7570397
0.0037609693
-0.9629378
0.0018028805
-0.40810886
-0.0008722141
-1.5798541
-1.506777
0.0028365536
-1.931491
-0.0041404986
2.5863095e-05
-1.4973834
0.00032630778
-0.57719743
-0.005195968
-0.7344918
-0.36915722
-1.1521093
-0.6976742
-2.0873885
0.023010062
-0.025704384
-1.2080547
-0.21434219
-0.105570674
0.00012718493
-0.73923945
0.00044833898
-1.1525229
-0.00078447466
-1.4484357
-1.3572814
0.0008231572
-1.9271474
-0.0013116795
-1.7771654
-0.15973195
9.6276264e-05
-1.5897173
-0.00071700645
4.624857e-05
0.00046647913
-2.7234457
-1.8124262
-0.0024975261
-1.3938088
-1.3862823
-0.92178607
-3.9238863
0.0004570228
0.0001552783
-1.2707877
0.00017232314
-1.3104149
-0.0033032834
4.42564e-05
-1.7459327
-1.7532598
-0.8491909
-0.70907784
-0.77978826
-0.140255
-2.4782355e-05
-1.8683057
-0.0003290711
-2.0585012
-0.00086715794
2.844547e-05
-1.6109925e-07
-2.341528e-05
-8.27805e-06
1.3096724e-10
-0.00011230813
-0.0012458505
-0.33121902
-4.3655746e-11
-1.6792789
-0.00035912305
-0.53509724
-1.0700053
-0.13687691
-7.165658e-05
-0.5685498
-1.2978152
-0.002078491
0.0005637221
0.0010419381
-0.0016204969
0.00013296615
0.0021011315
-0.0028273256
2.4374458e-10
0.00016278228
0.00077715254
-0.0007375096
0.0009284256
0.00024100591
-0.0013479183
0.00066933
0.0017923538
-0.0021005496
-0.00037833845
0.00010890952
0.0029961932
0.00013271789
-0.0032224224
0.00042111098
0.0010614276
-0.000920659
-0.0005801382
0.0012334248
0.001196846
-0.0024341443
0.00018037694
0.00082222995
-0.00037546933
-0.0006271376
0.00017442259
0.0013012298
-3.043365e-05
-0.0009881938
-0.0004539072
0.00019224876
-2.867617
-0.00048569203
0.000471015
1.4166121e-05
0.039950375
-0.8154649
-1.6214101
-1.8854914
-0.9262699
-2.957864
0.0027472991
-0.7461624
0.0012188642
-1.7554168
-0.17430612
-0.34722203
-1.5826187
-0.78569174
-2.0924385
0.0012612923
-1.9094859
0.0003554168
-2.6238942
3.7193007e-05
-2.6552548
-0.5258666
-1.0488782
-0.42884192
-0.21239096
-1.8700688
0.0005369933
-0.0010608307
0.0020999066
-1.5740248e-05
1.6188233e-05
4.4348444e-06
2.3942677e-05
-2.6946012e-05
-1.4935514
-0.41871202
-0.41850778
-0.0002315467
-1.4568305
-1.3850524
0.0014632411
-3.7271063
-0.68385607
-0.68116325
-1.8430395
0.00040475663
-1.4764543
-0.992286
-0.9900988
-1.8139554
-0.094927646
-0.09358842
-7.794493e-05
-1.8254955
-0.90923786
0.0029039201
-0.0024472524
-5.3597696e-06
6.516084e-07
2.1513615e-05
1.5728656e-05
-0.000119904515
-9.8620076e-05
-1.7465591
-0.8733698
1.7008773e-05
0.000102735314
0.00025988222
0.00041613664
0.0002502062
0.0005538267
-0.0015041057
-9.568959e-05
-1.1002343
-2.5144048
-0.009713988
-0.001822058
-2.1262712
-0.005133366
-1.6098976
-2.6092005
0.00010860069
-1.6632413
0.006343284
-1.6722964
-0.40825364
-0.80837995
-0.1479148
-0.073921524
-1.541424
6.415867e-05
-2.925245
-0.23235877
-0.46442747
-1.026856
-0.51334745
0.001524796
-0.0019077117
0.00031759628
5.969507e-05
-4.8753573e-05
0.0028930693
-0.0024901007
-0.0036657974
0.0033396175
0.00026788886
3.2431344e-05
-0.00033504146
1.1703174e-05
-0.0019027047
0.0006278298
0.00082062196
0.00038954138
7.164624e-05
-5.6890178e-05
4.574469e-05
0.00019437987
-0.0002376478
-0.002038319
-0.3794565
-0.3811515
-1.9432764
-0.0113238515
-1.8921402
-0.6309591
-0.0069406657
-0.76673144
-1.9155265
0.00078881026
-1.9689227
-1.6399674
0.00029868103
-0.73217857
-0.59826124
-0.64930385
-0.645311
-1.3968186
-0.0071128355
-0.00085198414
2.4674525e-06
8.731083e-05
-1.3908997
-0.21460366
3.492509e-05
-0.15096723
-0.7841063
0.00031734165
-0.676746
-0.47760835
-0.47819296
-1.8135816
0.001315685
-1.923741
-0.011205999
-1.7835146
-0.901834
-0.0099254465
-1.9309742
-0.7447489
-0.74319386
-0.5054426
0.00020610173
-0.27834868
-0.0029911653
-0.77468526
-0.005853719
-1.2827705
-0.62316847
-0.6218797
-0.0004797615
-1.8059784
0.027986381
-0.1708839
-1.8037384
0.00075655757
0.000322521
-0.0009984848
0.0015507098
0.0010511499
-0.0020597866
-0.00080726814
0.00018460047
1.329201e-05
-0.75224787
-0.002707073
0.00017044251
-0.0011179659
-0.0011818218
0.000426749
-0.7404804
-0.73998123
-0.00059021486
5.6033246e-06
1.9106083e-05
-1.091433
0.00667309
-0.0073363674
0.00013203656
4.2104202e-06
2.374606e-05
-4.667621e-06
-0.13969485
-0.0008051133
0.000835374
0.0007715679
-0.0019979803
0.00072360056
-0.0003084885
-1.2582473
-0.015383717
-0.004613619
0.010586779
-0.36810136
4.772743e-05
1.5136729e-06
-0.001157695
0.0011453973
-0.39858893
-0.3982753
-1.3709042
0.0
-1.5833404
6.620493e-05
-0.0007254455
-0.15658548
-1.8425707
0.003140233
-2.6025822
-0.59051055
-0.29286447
-0.0009047196
-0.9564655
0.0007841203
-1.1250582
-0.8290185
0.00012625425
-1.5605007
-1.8321025
0.0007660405
-0.81526196
-0.6735507
0.00010702187
-0.014339793
-2.8693087
-0.9556032
-0.9690084
-0.00049997104
0.00013824926
-1.8977162
-0.16558267
0.00089971826
-2.6283793
-1.2132441
-0.01331296
-1.0069987
-1.0557728
-1.0545131
0.0026244984
-0.8087647
-0.004540237
-1.2778178
-0.00016264152
-0.00019173736
-3.3173434e-05
-1.9629475e-07
-0.0011812932
-0.0022287546
0.0034529418
-1.456358e-06
-1.3660791e-05
-2.3234375
-0.0028329147
-0.34379804
-0.7571411
-0.8753875
-0.97023624
0.0004189659
-0.664562
-0.0038360895
-2.9860358
-0.7004864
-0.005110788
-1.9328743
-1.860023
-0.0006527094
-1.5757419
-0.00039311068
-0.7553721
-1.206418
0.0005021029
-1.8018451
-0.0039281943
-2.0183928
0.0
-1.2377952
-1.0234147
-0.340763
-1.4265627
0.00046346706
-0.0032699078
-1.0459332
0.0018327198
-0.0021404175
4.5034292e-05
-1.9947705
-0.0064040427
-0.98928976
-0.010672971
-0.00036226597
-4.290806e-05
-0.4773771
-0.00017298944
-1.2514961
-0.0006469347
3.965397e-10
-1.2793374
-0.0014376729
-1.9249005
-0.00044497248
-1.0478327
-0.37840676
0.0004552551
-0.583425
0.0061726635
-1.9213681
-1.5785949
-0.72278273
-0.7386052
-1.4313525
-1.7023821
0.0089094285
-0.8290683
-0.00014799026
-1.4218177
-1.0335367
-0.5149393
2.910383e-11
-0.34272647
-1.3458138
-0.30062643
-0.41428557
-5.0931703e-11
-1.3103032
-1.2369748
-0.0006708019
-0.008500304
-0.008963271
-0.15564802
-0.46709707
0.00036961536
-1.0004966
-0.0042768437
0.002861538
0.0010060299
-1.297767
0.0044622845
3.45622e-05
0.00061256246
-1.4307786
0.004975593
6.148184e-10
4.972685e-05
-1.0416247
-0.34959543
-0.35300758
-0.00013849266
-1.5863285e-05
-1.0385327
0.0036131246
-0.7705527
-1.78668
-0.8186454
-0.81865644
-1.6011945
-0.00063821336
-1.4655664
-0.0007909574
-0.0028907831
-0.11854894
-0.12205057
-0.00024400593
-0.9039323
-0.53957057
0.0029038952
-0.2431811
-0.00011502147
1.8380471e-05
-1.0845684
-0.002632603
0.00073390396
-0.0004452127
0.0018985735
2.6063284e-05
-0.6230068
-0.4325181
-0.111093685
4.476966e-05
-1.0484817
-0.97586
0.0011760927
-0.0011574845
-1.8608072e-05
-0.0034813015
-0.0038188407
0.007343861
-4.3349784e-05
4.8590973e-05
-1.1139215e-05
-0.14540333
9.107581e-05
-1.717322
0.0008368613
-1.8265495
0.0017649713
-0.0007090407
0.0016735888
-0.020919437
-0.03796087
-1.8244541
-0.91672873
0.0043858136
6.067287e-05
-2.7415903
0.00109146
-0.7267599
-0.00024117928
0.000332662
-0.0004260434
0.00027256325
-2.1477683e-05
-0.001110319
-7.8737885e-06
0.0009101164
5.037367e-05
2.728484e-12
-7.275958e-12
0.0007635866
-0.0016022169
-6.851362e-05
0.00090714387
0.00051731
-0.001703732
-0.00030035316
0.0014867756
3.305482e-05
-0.00127305
0.001239995
-0.385876
-0.00011310336
-0.89462936
-0.00021642359
-1.1182892
-0.782873
0.008276403
-1.6470827
-0.0005172341
-0.00010915378
-0.5691529
-0.0003515482
-1.8899659
-1.1767284
0.0068169525
-1.2030778
-1.9502989
0.00110915
-1.1023237
0.0014585857
-0.0014159082
1.848573e-05
-3.0195224e-10
3.4091347e-05
-0.0011594223
0.0011938597
-0.0018555217
-0.7018206
-1.4046754
-8.277786e-05
-0.1832942
0.00022099236
-0.69242394
-0.6916342
-0.52067673
0.0054176864
-0.00077332713
0.0012120245
-0.7316904
-1.0485407
-0.3170208
-0.06918679
-0.23447102
-0.23443474
-1.4812688
-0.7112796
-1.8039867
0.010420404
-1.4447035
-1.1423846
-0.0004405443
0.145609
-7.667007e-05
-2.0478825e-05
0.29364488
0.06374651
-0.06386128
-2.714719e-05
-7.4920463e-06
0.0002328446
0.23961863
-1.7235672
-0.44836274
-0.4470933
-0.00072531134
0.0105528
-0.0066311397
-0.27141377
-0.0014308935
-0.897939
-0.004763933
-1.3489045
-0.8588282
-0.00048691675
0.0005542172
-7.2245726e-05
-0.0004376462
2.910383e-11
0.00023486279
-0.00023486294
-1.732535
-0.0010858676
0.0048492635
-0.0028078158
-0.0017960566
-0.08796771
9.605483e-05
-0.00033817862
0.00023526882
0.00012430607
-8.115478e-05
-0.40332526
0.0042008758
-1.6031713
-0.00096836843
6.0572896e-05
-0.37827325
-0.37781823
-0.313628
-0.0005350441
0.0038788551
-0.0040540765
0.0006990255
-0.0008478722
0.00085513474
-2.0259044e-05
0.0018165575
-0.0012960803
-0.0009101797
0.002400658
-0.002272562
0.003673905
-0.003611515
0.0015705426
-0.00018526196
-0.6316355
-1.8665982
0.00759153
-1.5382178
-1.2856553
0.004359425
-0.5730119
-0.5725727
-0.7617441
-0.00408621
-1.5994127
-0.0040626395
0.0020087908
-0.9974692
0.00016319203
0.0025664626
-0.00039383766
-0.019726992
0.020108674
-0.46537504
-0.15489785
-0.6827618
0.00079056225
-0.0076882043
-1.7058483
0.0018737691
-0.7764928
0.0026964834
-0.3672504
0.0011016312
-0.0020844752
0.0026716003
-0.22871748
0.0053341733
-0.0036139053
-0.0015716136
-0.00012898963
-0.8431216
-0.4805522
8.825702e-05
-0.0040305345
0.0051714997
-0.06723317
7.03454e-05
-1.3025457
0.0043921606
0.006352874
-0.004160499
-0.0018597194
-0.00028697684
-0.0071412763
0.010090474
-1.1562462
-6.4341344e-05
2.3564971e-06
-1.9689792
-0.0022411016
-1.2991546
0.004519818
0.0003501351
-0.86918354
-0.00089075137
-0.65823334
-0.0006144688
-0.22948359
-0.00022373884
0.0018919513
-0.0019493948
0.00053494156
-2.0515988
-0.010071417
0.015021809
-0.0046668146
-6.4306183
-1.6060863
-0.00016586352
-7.7338705
-1.3601319
-5.4405856
0.0012866667
-0.0105487695
0.008879736
0.004171647
-1.4399081
-0.0009860554
0.0010388524
-0.7357949
-2.7248554
-0.0067800763
0.0071568214
-0.007155023
-0.39271358
-0.39954257
-2.1590345
-8.496707e-06
-0.98653644
-0.00011893763
-0.5635715
-0.8204749
-0.94567156
-0.00011675773
-7.584732e-05
-4.1602212e-05
0.00346471
-0.0024473525
-0.00064319966
0.0005462819
-6.833409e-05
-0.0004820909
0.0011659823
-0.9040333
-1.0927608
-0.94455755
-0.93852514
-0.58469725
-1.0249354
-0.074394755
-1.8608549
-0.0003878777
-1.0455846
0.0034768642
-0.00036959536
-0.0028147288
0.0011297652
-0.0010998002
3.2622014e-05
0.00039446686
-8.083881e-05
-0.6013575
-0.013832419
0.01420588
-0.005057624
-0.006589405
0.013640568
-0.044469465
0.042102344
0.002328748
-0.002326549
3.609184e-05
1.6637321e-05
-4.877383e-05
0.00058301707
-1.519397
-0.0066864667
0.007037734
-0.00017027842
0.000104479484
-9.5099334e-05
0.00038617084
-0.7985244
-0.79823685
-1.114456
9.886619e-05
-0.004280671
0.0049586883
0.0014813868
-0.004298978
0.0021653203
-0.0016196857
0.0019792886
-4.3236127e-05
-1.7369314
0.022252398
-8.286408
-7.3586364
-0.6851047
-2.3748536
-2.7141185
0.0036538122
-5.6305623
-3.0634737
-0.00014371137
-2.5847323
-10.316505
-1.712944
-0.006473311
-0.00011350492
-0.0023428677
0.0022933565
0.00022853693
-0.0039615757
-0.9031087
-1.7075291
0.03966696
-0.038474064
-0.00010607482
-0.44120857
-0.002310476
0.0021243668
0.00079419115
-0.00029382986
-0.6868862
-1.3863599
0.008101346
-0.0049184854
6.823957e-05
-0.58397746
-0.17260104
0.0011652918
-0.000733589
0.00019995478
-0.112585954
0.00065213785
-0.28112665
-4.211003
-0.28164786
-0.001674344
-0.00016493072
0.0066999514
-2.5812516
-3.6830652
-0.0011060606
-0.00016045014
-0.00032232032
-0.00043362926
-0.00035681803
0.008294744
-2.826993
-5.174191
-0.0036811223
-0.0003522402
-0.002281015
-0.00032393506
-0.00011450076
0.012204035
-0.815315
-2.7874053
-4.4629083
-2.2314618
-1.635446e-05
-0.0016832085
-0.002047951
-0.00015156652
-0.00025314858
-0.0009883298
-0.0007948591
-0.14182511
-0.00018010155
0.0005596516
-1.36464005e-05
-3.0010538
-6.6019855
-0.6021415
-2.8608478e-05
-0.00037757555
-0.00032705977
-0.0028572567
-0.00035748247
-0.00038063797
0.01402197
-0.04311889
-3.220247e-05
-8.478302e-05
-9.6429336e-05
-1.5777727e-05
-6.986007e-05
0.03700729
-0.0015177932
0.0003018968
-1.1749271
-0.0008107373
-0.0011218863
-7.0109665e-05
-0.0018875066
-0.00010532069
0.010702934
-0.9017252
0.003382365
-9.817824e-05
-0.46361315
7.3228606e-05
0.0003260174
-0.00030147747
-9.61224e-06
-0.0032602493
-0.7887503
-0.0024627496
-0.7177363
-0.72354525
0.008374625
-0.0052394727
0.00017693096
-0.024394851
-0.060964942
-0.043904398
-0.00013338527
-6.8682086e-05
-0.00014935162
-6.332611e-05
0.12962979
-0.70718783
-0.01985283
0.021451293
-1.2889092
-2.2069678
-1.1930568
-11.638328
-0.0024366404
-1.2562028
-1.3870476
-2.8038738
-7.1846824
-2.575844
-1.491278
-17.488605
-3.6604102
-6.1013646
-0.002387876
-0.0054124035
-0.004307383
-0.0012878304
-0.0087201735
0.14760645
-0.06998715
-0.00015946777
-0.00024182798
-0.0002907224
-0.0009880672
0.0006058087
-6.0799885e-05
-2.3298511e-05
-0.00026166844
-46.920055
-35.509296
-0.013566931
-0.005758205
-0.005830661
-0.005854622
0.32401818
-0.22442178
-0.0021475707
-0.26093057
-0.0021475707
-0.13959217
-0.0021475707
-0.0010737855
0.9216686
-1.0850104
0.6543392
