0.76271635
0.68813246
0.6820277
0.9846186
0.5234635
0.43606505
0.31569183
0.62020934
0.81396675
0.014110436
0.23475868
0.39681554
0.8387402
0.87320155
0.9629704
0.55005217
0.8253796
0.66200405
0.40083086
0.20381944
0.82883406
0.58594775
0.24313116
0.27669123
0.10439025
0.36899492
0.97093284
0.74401927
0.5735001
0.84818655
0.8025321
0.37535444
0.7443893
0.61901706
0.8200299
0.40196425
0.2038987
0.35072377
0.6791846
0.30167747
0.7988099
0.20457393
0.34767598
0.90520215
0.7973421
0.14899506
0.13712148
0.66311353
0.16841458
0.3051128
0.43447533
0.39834532
0.8232132
0.5398085
0.3133009
0.5747224
0.98188645
0.99033785
0.9137788
0.15322827
0.56310326
0.629354
0.9627469
0.7941762
0.08791015
0.39566186
0.46050677
0.796752
0.22381862
0.9198881
0.1327909
0.3193513
0.9757341
0.37446693
0.90707004
0.73893595
0.88193715
0.93892354
0.09785929
0.9014476
0.53265196
0.48569298
0.09617731
0.64737827
0.51369
0.3355923
0.016686803
0.4943491
0.15531616
0.13076024
0.0166705
0.9317662
0.46897104
0.47352567
0.26380244
0.5106479
0.39604762
0.62618786
0.16846867
0.30676067
0.84770435
0.5056639
0.58709884
0.8138697
0.45636147
0.24361175
0.16334467
0.31482795
0.5106233
0.4421157
0.958704
0.6727725
0.13606414
0.24879329
0.40519315
0.5503956
0.58198315
0.013524452
0.24121448
0.91018987
0.25654772
0.18112655
0.3164503
0.00726921
0.5413063
0.914653
0.28812113
0.39115193
0.67896265
0.9461999
0.67068774
0.61801386
0.101701275
0.7562254
0.28057057
0.81767565
0.8987038
0.9558787
0.3522674
0.40696287
0.18017006
0.18197128
0.79509896
0.7615372
0.93902194
0.36803734
0.7945267
0.722135
0.29195276
0.84474576
0.9629999
0.35543844
0.60528845
0.29231104
0.55103755
0.40982553
0.62755567
0.6964057
0.5516456
0.71812344
0.9748265
0.46854812
0.034321845
0.34223664
0.7279629
0.7026759
0.33391583
0.5697201
0.2703347
0.059043307
0.20574448
0.36104098
0.9087238
0.83073705
0.58195806
0.77619034
0.83762795
0.11783435
0.97920614
0.91835535
0.09464065
0.92349
0.5989065
0.27921218
0.85093683
0.29425794
0.86719555
0.3697689
0.9626356
0.16590339
0.20188445
0.32224256
0.17432874
0.5646536
0.038144033
0.32881916
0.20547438
0.35242268
0.6693154
0.25101915
0.796669
0.5541514
0.15505803
0.3219707
0.7915978
0.9395024
0.93594575
0.5658288
0.23830457
0.36785722
0.012600388
0.21855186
0.7038805
0.7542439
0.91644084
0.7036385
0.3119043
0.8997715
0.120387845
0.6348113
0.4362402
0.7677013
0.8330969
0.8299368
0.20826246
0.14809646
0.502786
0.6841441
0.5813013
0.36947542
0.22642972
0.38720095
0.9735691
0.21414731
0.21630996
0.1440829
0.032913998
0.92629415
0.56561595
0.4418224
0.7983806
0.6061289
0.2429549
0.72605604
0.8025552
0.32807997
0.25900733
0.7109258
0.16140474
0.23353967
0.7759615
0.6803383
0.99900365
0.07162972
0.23806563
0.8052185
0.1990657
0.7235732
0.97023803
0.7092179
0.9160238
0.38743544
0.5037836
0.22792512
0.27233234
0.28674304
0.20927161
0.9191382
0.38826326
0.24581979
0.29905847
0.4540209
0.5470192
0.78368205
0.21445796
0.39932176
0.91231054
0.82069135
0.18744795
0.21551025
0.022919837
0.06862706
0.4291126
0.6463316
0.09547368
0.57970506
0.105480716
0.14733721
0.89589936
0.34236243
0.30940586
0.14534408
0.5518188
0.688247
0.60362065
0.44929585
0.81841356
0.6675176
0.727421
0.44717467
0.4874291
0.76926005
0.21962517
0.33276674
0.31027636
0.06557772
0.1941571
0.8622442
0.69185114
0.44700697
0.09119252
0.014493711
0.58437645
0.1939953
0.71432453
0.40213203
0.4404369
0.05551039
0.58244437
0.8285989
0.00960529
0.5206852
0.045419358
0.36318973
0.26414168
0.049844015
0.43267286
0.5715442
0.006006763
0.23423523
0.47535172
0.8178636
0.4616422
0.1446936
0.2808128
0.88580453
0.117366455
0.5271306
0.56828666
0.26216033
0.6801526
0.2604994
0.34184098
0.21572885
0.15003191
0.48111215
0.25102472
0.5878909
0.19291367
0.07621527
0.43996677
0.61361176
0.33045128
0.05467511
0.5481821
0.386036
0.69593847
0.47894788
0.8357431
0.6949277
0.5417382
0.51553625
0.7522084
0.022987714
0.78266287
0.40089202
0.74797344
0.2875685
0.33373854
0.7647642
0.38575375
0.7844711
0.16550033
0.07881461
0.5386096
0.36593744
0.000107130974
0.9005864
0.95812637
0.07637603
0.77585226
0.55120045
0.7078619
0.76706475
0.4246358
0.37705088
0.35269192
0.77634335
0.299695
0.57290417
0.26298207
0.6109249
0.73679274
0.9992596
0.16668579
0.88173705
0.24706659
0.76150316
0.02937132
0.70083135
0.74166256
0.7363794
0.14947742
0.1940152
0.40712497
0.23658265
0.18808645
0.34002253
0.902557
0.08377794
0.70430875
0.016025443
0.048464887
0.9734097
0.9087595
0.9618698
0.26218513
0.98904276
0.48938683
0.9049813
0.31596848
0.30317003
0.3621296
0.76819324
0.0028964418
0.9804489
0.4092056
0.69497126
0.061797928
0.9041077
0.45975432
0.19487666
0.50170887
0.42193404
0.12079795
0.93199044
0.41948566
0.29472956
0.5404836
0.95653814
0.9465407
0.108461596
0.33050478
0.7479331
0.21035412
0.45560426
0.23649603
0.38626125
0.46292034
0.32761803
0.6672935
0.2803684
0.18260443
0.78191423
0.1529368
0.31984967
0.6355444
0.40072396
0.4945905
0.96435237
0.1760795
0.039497536
0.18590236
0.4958049
0.9839741
0.8437959
0.01035514
0.17060846
0.41266415
0.60066396
0.42382973
0.061674267
0.8044022
0.60294986
0.4219734
0.3985326
0.59803694
0.5242076
0.27082255
0.45779184
0.13990925
0.40712208
0.72439724
0.34652805
0.38133967
0.48381796
0.2639601
0.60460556
0.19158673
0.6330043
0.61230123
0.45149237
0.26490712
0.38008368
0.9204158
0.41610822
0.329156
0.8132627
0.9173806
0.057124965
0.18084006
0.7663785
0.7290221
0.61955684
0.82904947
0.8931036
0.07845361
0.75586516
0.32513288
0.94984365
0.9570873
0.23047116
0.5723568
0.106216386
0.6738741
0.95180684
0.8938944
0.63510895
0.075846046
0.95055825
0.3537456
0.17229763
0.9356766
0.5730931
0.7488394
0.66643137
0.7428473
0.26982078
0.13676491
0.021856941
0.08725099
0.045024995
0.8107567
0.61456966
0.9413027
0.59027416
0.15231383
0.45816407
0.26626584
0.53297967
0.32991618
0.41048533
0.3996996
0.18332984
0.23132335
0.4862519
0.18884638
0.5023931
0.18293212
0.73802465
0.88476855
0.050076082
0.74301475
0.9161625
0.6175927
0.75483435
0.0578266
0.13374144
0.38180834
0.65147567
0.7531538
0.4201949
0.30364928
0.5401096
0.18807413
0.8671248
0.24800518
0.46327117
0.49794003
0.38711697
0.8077733
0.51572615
0.28945813
0.45487782
0.37331668
0.945758
0.08341348
0.43664855
0.6902268
0.07279899
0.53560686
0.99925745
0.71713704
0.81947744
0.45785403
0.93264866
0.8860318
0.6321587
0.47851476
0.10724944
0.994184
0.4661718
0.13428359
0.64697534
0.35019833
0.9227265
0.83753484
0.24663295
0.5078947
0.007884755
0.13338687
0.068761416
0.50114304
0.2690769
0.8623252
0.97049814
0.8641072
0.17035468
0.4010155
0.458852
0.19855374
0.70781505
0.71677494
0.51451176
0.6545933
0.2861315
0.24982323
0.4577066
0.366443
0.5112023
0.38687122
0.64650536
0.75274557
0.8470684
0.49355695
0.899361
0.71931505
0.53547925
0.5639785
0.8257386
0.5506828
0.033029344
0.79524994
0.5047499
0.4819809
0.9208575
0.35314503
0.5163781
0.93823266
0.61919457
0.82125
0.33902988
0.53845835
0.1459894
0.7096026
0.8489139
0.93694335
0.33166525
0.9871312
0.68506503
0.110880546
0.44037163
0.9252059
0.6758977
0.9170074
0.3111295
0.53926337
0.29255292
0.22323045
0.5420772
0.69227034
0.6585607
0.09606437
0.6990123
0.6056095
0.42568707
0.46969992
0.78331447
0.12194063
0.2721238
0.29063183
0.801543
0.7419569
0.2885654
0.9593966
0.77736443
0.5628749
0.9143163
0.42166105
0.68873537
0.8719393
0.27818102
0.9413749
0.39059183
0.5724328
0.55638707
0.86344147
0.3661478
0.6531397
0.73352593
0.041648783
0.83939683
0.84454346
0.36680323
0.42193204
0.9959277
0.8042876
0.97007555
0.85540694
0.02444924
0.98055494
0.8323098
0.33930898
0.060499795
0.96958876
0.90973747
0.7682776
0.5062665
0.739644
0.4183544
0.4185666
0.8345755
0.48064518
0.26055542
0.25248352
0.43021438
0.45483497
0.7682676
0.13320914
0.9871721
0.36684203
0.7140301
0.14305757
0.54956335
0.010639809
0.0079614995
0.40145198
0.15960038
0.5826742
0.701333
0.591006
0.10619566
0.20598622
0.6495058
0.6936226
0.101020716
0.16411422
0.13122405
0.6079393
0.88203585
0.58400446
0.30360615
0.93422824
0.019449333
0.08305497
0.36225927
0.3487889
0.16658194
0.37524888
0.368655
0.5142824
0.8142766
0.12841058
0.13883771
0.22435227
0.15770872
0.24918123
0.16622685
0.3492712
0.15856431
0.092649266
0.5818436
0.367931
0.24988475
0.8899788
0.43904617
0.796158
0.17514065
0.82430035
0.43989527
0.71923274
0.3393635
0.75459516
0.79247767
0.13999458
0.08025708
0.511559
0.115710825
0.14235102
0.5592525
0.27807313
0.08174517
0.2770326
0.7179047
0.24408382
0.6972325
0.30494073
0.29593238
0.17697614
0.8345905
0.62129736
0.101842694
0.7464932
0.108137555
0.47035453
0.010740715
0.982082
0.010711794
0.5826324
0.41631463
0.54642683
0.6793564
0.26720497
0.73891354
0.5798063
0.035846066
0.23818576
0.11267887
0.6415681
0.6493978
0.15209149
0.45385695
0.49448404
0.8244454
0.13660231
0.95984626
0.6309286
0.8459347
0.41854227
0.35369912
0.7715173
0.28049138
0.6567185
0.57978785
0.9938545
0.21418586
0.64995027
0.64355475
0.6988548
0.29059717
0.35527253
0.49197447
0.8569281
0.34147948
0.9052488
0.6162285
0.7846903
0.77168846
0.9590639
0.08007132
0.34546956
0.37974012
0.5823204
0.9093249
0.5713882
0.3217637
0.031890713
0.9835125
0.7910787
0.71232647
0.84916884
0.5025826
0.26980734
0.20140427
0.93329334
0.2182117
0.64526427
0.36002555
0.513524
0.08012831
0.813715
0.08298179
0.4569775
0.35125455
0.77433467
0.29929304
0.08117713
0.76464707
0.6844234
0.87913114
0.77411956
0.60760367
0.7331448
0.04485616
0.8580758
0.7519316
0.844284
0.0718433
0.0022067544
0.013570204
0.62240916
0.112669736
0.39564055
0.44602898
0.70464975
0.9283631
0.29685506
0.07792208
0.98424304
0.21612215
0.4818493
0.38983288
0.35500732
0.1924441
0.824451
0.7264771
0.83598864
0.5264706
0.6362007
0.49188015
0.5123592
0.37449414
0.11929115
0.442226
0.7711154
0.92293966
0.34699965
0.6368266
0.3525726
0.4902525
0.112567425
0.20975454
0.6246757
0.40073684
0.33343527
0.65232193
0.554462
0.872073
0.23152652
0.122321114
0.6711996
0.49439186
0.77032226
0.97299
0.35327882
0.13855901
0.72592026
0.49679354
0.5023672
0.2057934
0.4281609
0.54945236
0.20375295
0.123937674
0.43991005
0.9572138
0.9342589
0.635298
0.44415358
0.9271832
0.46139473
0.4701437
0.85131055
0.5357589
0.6595049
0.33717787
0.17264539
0.85314643
0.6919409
0.07640129
0.34764397
0.3158985
0.6311881
0.48349363
0.3898081
0.7528569
0.6128408
0.71536887
0.71697634
0.50144666
0.74048734
0.88601786
0.798178
0.33263618
0.9579968
0.6744163
0.45989913
0.16411912
0.03280115
0.04757962
0.49474525
0.605588
0.95565414
0.3878911
0.39496183
0.6237669
0.69717026
0.5143149
0.5097913
0.23864824
0.654754
0.83831936
0.46509507
0.07615373
0.31012127
0.1351534
0.90713847
0.9795088
0.92616445
0.6464391
0.071395576
0.7345772
0.4931628
0.67335105
0.8297492
0.1601867
0.028083585
0.6228932
0.44163224
0.9370024
0.13275181
0.7499722
0.47247273
0.07108687
0.4799596
0.5019639
0.9337712
0.7891318
0.6384849
0.8340474
0.67515266
0.13880481
0.6637647
0.39807123
0.42637298
0.17809837
0.3288997
0.75735044
0.05392773
0.5129857
0.52781963
0.92641044
0.28642294
0.37487015
0.45314553
0.27811897
0.31056544
0.763847
0.20479225
0.101163745
0.4574724
0.12159591
0.38130802
0.23748067
0.54296386
0.09973344
0.95996684
0.29254028
0.0047525475
0.76374584
0.31523913
0.8547542
0.12095197
0.84987795
0.2920184
0.27975294
0.9284001
0.11315028
0.66661894
0.8798106
0.24319294
0.24220401
0.8090588
0.7011443
0.91269356
0.42367482
0.43246058
0.13402623
0.8373377
0.7742987
0.53656125
0.48640174
0.07715192
0.80214936
0.5428333
0.30361494
0.54035306
0.9889436
0.5402953
0.5910518
0.45229217
0.12371291
0.9467055
0.5930128
0.6201278
0.21212146
0.41621515
0.75063056
0.19101354
0.8021455
0.43575782
0.9015552
0.34893447
0.43014616
0.15635343
0.11857417
0.16814211
0.31814098
0.7585778
0.7742188
0.46740335
0.458526
0.3709743
0.49072754
0.6931739
0.121462025
0.79047513
0.11581223
0.33108166
0.38658723
0.44744825
0.9516589
0.92279404
0.7455426
0.47755992
0.20221376
0.62454545
0.7926364
0.5096377
0.6909631
0.5063606
0.33292586
0.25459915
0.37661836
0.5956433
0.19160901
0.39511284
0.5377811
0.9013593
0.2527415
0.031634793
0.64101994
0.71909434
0.68324906
0.48915747
0.8587128
0.022340693
0.9591302
0.7447236
0.4652734
0.6125272
0.6368097
0.46645546
0.27225572
0.6306153
0.20547599
0.6657554
0.2772284
0.18095027
0.60151637
0.17753866
0.828477
0.13590637
0.61207837
0.1416612
0.13629863
0.6780527
0.11184955
0.64639777
0.45475695
0.42331436
0.33974668
0.8212762
0.7362437
0.06623723
0.8111847
0.05760065
0.23642273
0.99140143
0.5257002
0.45345303
0.9013096
0.8183895
0.5912301
0.4056543
0.813585
0.34221092
0.33257547
0.7984046
0.052681964
0.6971826
0.44707522
0.48372793
0.14135969
0.59368795
0.9589633
0.27907377
0.32766432
0.72078645
0.15064272
0.525413
0.7472424
0.28645062
0.61087066
0.9017502
0.2075322
0.3884865
0.7441778
0.7103003
0.75865144
0.37821767
0.41682896
0.6790964
0.71425253
0.14188789
0.08137185
0.9905957
0.641097
0.8185654
0.52651805
0.8072429
0.93548185
0.038093377
0.38708284
0.26733834
0.042682864
0.21640815
0.88205737
0.69448596
0.34708413
0.056587502
0.6072286
0.6026065
0.5361375
0.99511373
0.79804695
0.8941169
0.31844777
0.72151566
0.6087368
0.89274883
0.95137256
0.80831385
0.16094306
0.9744322
0.8921969
0.11120225
0.7621765
0.58913183
0.5836696
0.96253693
0.65115625
0.5837621
0.8637646
0.5767759
0.8218766
0.89277893
0.51555
0.49493814
0.7473325
0.16323052
0.84774673
0.95820576
0.8112882
0.58190066
0.03519195
0.4412218
0.05560904
0.9055108
0.8566197
0.03991948
0.0011246958
0.83777636
0.17102852
0.62149096
0.7687672
0.6133486
0.5065437
0.42526823
0.68571687
0.4018327
0.33007175
0.6846311
0.6082869
0.11838647
0.23893277
0.4046611
0.43405068
0.9943874
0.00817144
0.9213199
0.94734824
0.9730686
0.9451372
0.41136047
0.1679295
0.448456
0.95368195
0.2895861
0.377938
0.43944034
0.3159577
0.44504255
0.22658725
0.07560097
0.47858062
0.8608382
0.053007517
0.3641496
0.78015906
0.41988415
0.77503306
0.45330992
0.9959749
0.6763691
0.81291777
0.4048467
0.8058643
0.37922552
0.4883403
0.6847916
0.9174665
0.22757281
0.5301003
0.5413804
0.8933149
0.6149647
0.6887798
0.56604046
0.9400953
0.029013133
0.72049606
0.96218175
0.40182534
0.56618875
0.14244413
0.51685005
0.75876564
0.46856987
0.1319096
0.91160285
0.03325386
0.17122886
0.8260787
0.59362763
0.8130271
0.59395903
0.38024652
0.9745348
0.09893273
0.99212754
0.14264865
0.34880495
0.26767054
0.6560449
0.7541493
0.8164495
0.6920734
0.71446604
0.82902163
0.12093741
0.83281636
0.16809875
0.9872206
0.7544584
0.18201628
0.29550397
0.7011725
0.37414512
0.8201818
0.94262457
0.858804
0.20096259
0.5258699
0.80213153
0.2928388
0.40580586
0.73708034
0.7450285
0.074974656
0.9360088
0.6099078
0.06950479
0.13718493
0.7833982
0.83228815
0.882416
0.14427105
0.113838114
0.5835609
0.11930935
0.6826596
0.1195088
0.37492597
0.39692608
0.9783095
0.8138303
0.44517985
0.4250529
0.049263705
0.97578096
0.65986633
0.64470166
0.6364055
0.2665371
0.76929235
0.6702364
0.8854659
0.84149164
0.65110636
0.7165
0.19038711
0.5319592
0.1179243
0.40348127
0.75127995
0.46791282
0.30464718
0.76540554
0.27883145
0.29453504
0.09466652
0.31769907
0.7102583
0.6028698
0.3589688
0.014303208
0.20839489
0.6554515
0.2628209
0.15418838
0.74164987
0.1319833
0.25272888
0.26832324
0.9944136
0.72139525
0.7087123
0.44445714
0.50810933
0.7148374
0.19035035
0.6249546
0.9335758
0.6653895
0.65044343
0.38666546
0.8353454
0.7348479
0.3729522
0.8988002
0.23820068
0.754438
0.76068336
0.36918035
0.23261449
0.7578778
0.47426736
0.5281609
0.12384609
0.50270253
0.84831554
0.058196705
0.53554964
0.19985643
0.26170602
0.58106697
0.79073715
0.6966453
0.80640787
0.7713072
0.50177604
0.46598843
0.030874027
0.33511835
0.07056116
0.2221625
0.556329
0.016045062
0.43944606
0.927627
0.6981678
0.1260164
0.48662183
0.9605407
0.70132536
0.5341958
0.8585896
0.9821204
0.035551876
0.485038
0.019468078
0.50452715
0.23594591
0.59150463
0.4983276
0.76868296
0.9398817
0.32609677
0.6654488
0.1652131
0.9619679
0.11307635
0.5627606
0.48676643
0.48308784
0.37580332
0.22874051
0.39482275
0.013455163
0.17282727
0.8635932
0.2376791
0.043472175
0.25309426
0.35700792
0.31981137
0.8774984
0.80504763
0.8031566
0.97276765
0.35908276
0.58748025
0.68820006
0.30355
0.96018374
0.120779194
0.8505394
0.040711716
0.11262368
0.11738103
0.23324391
0.41628078
0.99222416
0.96330005
0.5699574
0.40294516
0.2681733
0.278709
0.5025517
0.5226557
0.8601992
0.5463605
0.55110645
0.47720358
0.9431563
0.4755551
0.21820241
0.24658263
0.007790464
0.20562428
0.61519235
0.36471024
0.8217548
0.18994837
0.44146472
0.30324593
0.11648168
0.48830026
0.8033346
0.17635076
0.32636806
0.2814548
0.22060794
0.7668172
0.94233996
0.28010938
0.66444117
0.64719117
0.767513
0.022529274
0.9510263
0.5716352
0.09085838
0.1257779
0.93414855
0.37662324
0.6157249
0.34110248
0.7397049
0.60610366
0.10235854
0.3731986
0.19138487
0.3246807
0.41580665
0.9936604
0.07204833
0.9160183
0.27832422
0.118510954
0.54155177
0.144692
0.15123309
0.47196305
0.62793666
0.67468214
0.93412966
0.34191513
0.98653764
0.20214918
0.6977204
0.5093785
0.3677143
0.47233808
0.7245249
0.6672031
0.9127274
0.26332408
0.6588221
0.45481044
0.5485215
0.75221336
0.9909233
0.067532405
0.16737516
0.8102883
0.20908484
0.48150605
0.77084297
0.7459239
0.7413406
0.58146966
0.28759265
0.9844234
0.5561929
0.528051
0.4583587
0.27559453
0.39823693
0.854053
0.610687
0.8229842
0.91977614
0.8998824
0.17793149
0.1488255
0.15111154
0.22112074
0.66270655
0.65236783
0.7521992
0.3976001
0.23545742
0.6134709
0.26137713
0.7711359
0.41348398
0.9211596
0.46258685
0.84317464
0.16415702
0.6017049
0.33924234
0.687439
0.9352107
0.967563
0.752589
0.96266127
0.8140324
0.7354557
0.6060251
0.27932033
0.73410463
0.65317094
0.013407059
0.18369694
0.62337244
0.4366902
0.41582334
0.38003474
0.14988121
0.658117
0.35383978
0.050497618
0.34575772
0.17339991
0.5194042
0.21360701
0.24676506
0.8584907
0.06877612
0.08729055
0.49886835
0.15070778
0.3851104
0.6590448
0.94774556
0.08084387
0.17863162
0.46495706
0.56070334
0.026492177
0.42250866
0.20082162
0.8473987
0.56386083
0.4978877
0.7124117
0.4224738
0.69569135
0.20909332
0.96375924
0.58072823
0.07764179
0.93561924
0.11141538
0.10968118
0.47422513
0.16480634
0.08592078
0.5664691
0.62767583
0.5414524
0.7446806
0.7105169
0.8450568
0.08440788
0.43501592
0.5003227
0.2300934
0.9514968
0.4375837
0.5832865
0.6829732
0.03339584
0.7461602
0.48324725
0.12183034
0.4622515
0.7602529
0.6533362
0.8392159
0.5850168
0.62816525
0.57073426
0.8543876
0.48457813
0.2135366
0.018134
0.062119
0.4109416
0.302212
0.02706243
0.77860653
0.065360606
0.2585473
0.6147199
0.8616676
0.710565
0.68161625
0.77067816
0.5213725
0.71239805
0.9965065
0.80243236
0.16420957
0.5534406
0.54320115
0.29704663
0.67292994
0.027083836
0.34497693
0.75648284
0.660702
0.55905133
0.09774545
0.106565975
0.59056777
0.49641287
0.1753286
0.33450404
0.13059661
0.21290241
0.10534632
0.25638542
0.30275226
0.49185732
0.73505384
0.6095423
0.53237224
0.72671384
0.13596298
0.31754413
0.27933085
0.36215246
0.50724435
0.4261647
0.71655494
0.48141533
0.7490106
0.6012024
0.17997272
0.1152108
0.6848741
0.13159138
0.55795926
0.54184926
0.80524886
0.8864834
0.34079313
0.2849793
0.22565757
0.2272027
0.19445819
0.66945887
0.282129
0.1771475
0.54812676
0.25472224
0.03175328
0.7370529
0.5822106
0.8059916
0.8273065
0.433463
0.8737508
0.60381174
0.12350678
0.45614752
0.611469
0.7369495
0.2619929
0.54664606
0.8562512
0.9978903
0.18121743
0.82351214
0.048813075
0.9677469
0.096971065
0.100478426
0.14267237
0.28555447
0.7219584
0.8139399
0.4609932
0.8102327
0.36492044
0.16924317
0.12249658
0.534086
0.68047446
0.66513926
0.6312114
0.5936515
0.6708201
0.7396971
0.92640966
0.8489319
0.0700924
0.43107063
0.8503037
0.5424802
0.47568092
0.07327737
0.4874196
0.65245056
0.22598848
0.28812057
0.6708839
0.864043
0.44560102
0.87519556
0.9666343
0.15009545
0.56091833
0.46926323
0.38399073
0.048754558
0.1816525
0.65473163
0.44397375
0.23683105
0.59387964
0.21953396
0.08419639
0.6560476
0.25968733
0.82539004
0.3605349
0.3793055
0.15235195
0.38642135
0.7303393
0.53261703
0.05415263
0.6326002
0.6657253
0.22671734
0.79026806
0.1982634
0.9518297
0.6291527
0.58953303
0.04062349
0.5076127
0.84804606
0.988873
0.10151968
0.088620394
0.4295229
0.4930742
0.6388771
0.43517932
0.4702544
0.7223118
0.8373066
0.03317187
0.33516434
0.8054087
0.9536161
0.73848855
0.9834101
0.67749393
0.95072305
0.9171873
0.124601364
0.94107544
0.49375063
0.9734337
0.57348233
0.41777822
0.62008244
0.5579766
0.12774855
0.310464
0.8987111
0.9504946
0.17206153
0.4067248
0.34943336
0.70874816
0.11514012
0.23132159
0.16733271
0.83928066
0.8567732
0.32292762
0.34385663
0.106886186
0.23876798
0.6813588
0.3639242
0.38627014
0.25027007
0.7950563
0.46629888
0.9949012
0.45380354
0.44485208
0.9836628
0.14569439
0.9063127
0.97038895
0.8148248
0.0050815567
0.23982556
0.91082126
0.6371579
0.729331
0.3909571
0.2894767
0.5243773
0.49429345
0.7646423
0.063519195
0.33481196
0.85575825
0.33271664
0.26208857
0.8820162
0.670928
0.4364004
0.7960924
0.2395457
0.79718155
0.65216607
0.2550033
0.86817616
0.38386908
0.24678773
0.69460446
0.20257647
0.5419922
0.0534778
0.0034331803
0.6085839
0.2476938
0.46306556
0.4505074
0.6633177
0.5364939
0.87559557
0.2844164
0.6946937
0.40448678
0.84639317
0.7932892
0.08885775
0.6340558
0.2763095
0.63820094
0.6289913
0.6603402
0.09267078
0.26809242
0.8183506
0.8333097
0.88163435
0.07408434
0.5109039
0.21796504
0.5100459
0.67973626
0.45554027
0.5356021
0.19281265
0.7775643
0.84555113
0.49242234
0.8929706
0.57474476
0.09885647
0.83434826
0.3627239
0.45962408
0.730998
0.8243219
0.82969886
0.5142164
0.5900506
0.6489563
0.80141133
0.03968883
0.28309602
0.25173825
0.31034872
0.4332542
0.14838986
0.89866906
0.62497234
0.50349426
0.6292391
0.326234
0.08942966
0.7812302
0.3880186
0.19969352
0.4790532
0.64723176
0.20638706
0.23715308
0.11500474
0.63578916
0.16035806
0.29057762
0.80265146
0.39392117
0.6084268
0.78917634
0.6390525
0.722733
0.87358797
0.46495265
0.38221654
0.92437524
0.31587774
0.21671924
0.9383351
0.4268513
0.78415656
0.7015375
0.8192138
0.15892564
0.86396414
0.49887782
0.72668856
0.09876058
0.018984992
0.90694433
0.8178134
0.8418908
0.9927849
0.34608302
0.88397884
0.62931865
0.0027214217
0.20040905
0.57739943
0.23373835
0.6906181
0.39081594
0.58156323
0.88524747
0.30922523
0.036997046
0.4689606
0.66661036
0.68942034
0.1041805
0.7922297
0.060746342
0.70191824
0.6737164
0.79970634
0.8677721
0.1858618
0.105822176
0.7357964
0.40356025
0.10854929
0.8579015
0.39158478
0.60275537
0.2824197
0.05216355
0.65271753
0.52730644
0.29393202
0.06711699
0.5167755
0.21641907
0.048237827
0.30587077
0.8726914
0.99731857
0.10994281
0.40990156
0.3541521
0.5333719
0.22876266
0.17976288
0.78655106
0.41215587
0.8386676
0.04281465
0.8545829
0.87609226
0.17484152
0.9887384
0.8026289
0.71557206
0.107222006
0.3585
0.03595925
0.7138887
0.54681975
0.41572812
0.0020792217
0.5275772
0.50797313
0.38216832
0.07779141
0.32153222
0.09186527
0.4963452
0.8746115
0.8282652
0.56859654
0.21047781
0.048643783
0.0010648761
0.95891404
0.27162322
0.86856467
0.82691276
0.9738276
0.96232164
0.14714117
0.12428928
0.32615286
0.56667966
0.35976115
0.3962865
0.09892279
0.9649678
0.75146306
0.7596735
0.40587693
0.3290344
0.76926
0.513154
0.41127566
0.25915667
0.6298078
0.97705024
0.3218358
0.45237538
0.9125638
0.26335537
0.96360236
0.18028387
0.38533065
0.17083646
0.98029494
0.07387402
0.5580008
0.23939411
0.8175237
0.55259395
0.43992257
0.15282153
0.820414
0.48390564
0.7110729
0.46351296
0.2612371
0.025987765
0.9954475
0.107444406
0.24836959
0.04331795
0.34839287
0.5605687
0.13769726
0.45842946
0.77449644
0.53707075
0.04892715
0.18934523
0.6360896
0.5578936
0.83619344
0.367114
0.32687187
0.085431874
0.2578164
0.9502306
0.114295155
0.42092597
0.4298284
0.95227623
0.8420581
0.4699347
0.17679103
0.84663135
0.28327712
0.6907823
0.9154149
0.028916836
0.29965135
0.5038082
0.568696
0.7347194
0.6717399
0.43864146
0.073828384
0.981676
0.2017029
0.8804608
0.61427855
0.336247
0.7725801
0.06431193
0.4897297
0.23603569
0.5392015
0.15087645
0.61869967
0.49739435
0.89556
0.1489088
0.355325
0.4304556
0.9611299
0.3601311
0.4468663
0.083250284
0.1834737
0.49344128
0.392469
0.24038461
0.36003956
0.64019555
0.043561634
0.10552733
0.73369175
0.5614404
0.9707058
0.42277968
0.35513058
0.72384334
0.103946164
0.013190642
0.24134386
0.904454
0.6421273
0.5246855
0.7912851
0.9234721
0.35466918
0.74845195
0.7498509
0.77938634
0.75833243
0.54412276
0.2990594
0.9778066
0.55321664
0.53420675
0.30316916
0.657584
0.0050122747
0.6902896
0.13062553
0.88981897
0.4065112
0.40093565
0.97955275
0.5053854
0.8099719
0.80779743
0.57725143
0.8487088
0.3766111
0.36908975
0.4442726
0.33497465
0.8684606
0.012540349
0.020096546
0.267222
0.65120584
0.91395533
0.7238776
0.9181666
0.14598124
0.8189997
0.74470323
0.8061855
0.96770966
0.14498286
0.30574957
0.074850276
0.34368742
0.33959574
0.2185121
0.7424449
0.40963992
0.21925104
0.80205
0.42787117
0.27195045
0.6994392
0.22685596
0.3232529
0.6612167
0.67227274
0.81291586
0.6812204
0.06585487
0.35669497
0.56561965
0.8292856
0.4210232
0.34366745
0.5225033
0.00359911
0.2994724
0.12368462
0.33073923
0.67256886
0.5398265
0.25509423
0.35040045
0.3885771
0.5625399
0.30984747
0.15700635
0.18549226
0.24859911
0.21992126
0.47230333
0.34552047
0.5551856
0.8043062
0.5649271
0.49019822
0.26184717
0.20320752
0.45420033
0.07641594
0.40078273
0.1181872
0.5378591
0.22356051
0.5450828
0.9187075
0.49788117
0.97043335
0.82536167
0.7945056
0.9660115
0.42632648
0.9489635
0.21674265
0.124878645
0.15416382
0.26553077
0.013985177
0.43633443
0.79094076
0.31001958
0.46912622
0.6465248
0.078128755
0.3274249
0.4323922
0.42695364
0.91937625
0.4595809
0.87006
0.8024206
0.27542576
0.5129671
0.83271927
0.36302385
0.82599753
0.76017994
0.6618655
0.4316036
0.19117387
0.00446153
0.42760557
0.22013223
0.9343231
0.9220245
0.309451
0.16572456
0.5617033
0.33537164
0.34399807
0.22443381
0.68556297
0.9614676
0.30018705
0.013006682
0.056167077
0.8194515
0.47460598
0.118683055
0.52524257
0.5102097
0.66657007
0.92749417
0.88257515
0.98845816
0.5350437
0.2921744
0.032730587
0.81322604
0.44909877
0.5528181
0.23963436
0.29363889
0.47135037
0.49101052
0.919145
0.7212896
0.72563654
0.65527034
0.8956107
0.629077
0.8382124
0.74348056
0.5972105
0.6391441
0.19505417
0.09563115
0.03250605
0.85993737
0.016710898
0.43633935
0.020993074
0.6473921
0.77799404
0.8231186
0.9457872
0.04675576
0.8081443
0.3199229
0.004580632
0.79783064
0.87356
0.0053898026
0.15058595
0.96709514
0.31975037
0.20746884
0.6557171
0.014936277
0.7169891
0.7665876
0.29848224
0.3715846
0.67292017
0.84183276
0.22789392
0.02664917
0.6413093
0.11762296
0.595403
0.82452726
0.39779297
0.124687776
0.21158862
0.12788698
0.9347318
0.121617414
0.045004494
0.2117959
0.22159821
0.31516165
0.09984764
0.11956763
0.049970336
0.31429666
0.077126466
0.4135213
0.11414576
0.9036164
0.59601
0.3200748
0.902898
0.6198322
0.3280401
0.80993956
0.8793752
0.84226424
0.5685647
0.28976858
0.6856694
0.45852798
0.9594496
0.56828237
0.8671167
0.3087168
0.3881618
0.9885595
0.4897203
0.9798354
0.7353581
0.47482345
0.98452044
0.7198126
0.40994135
0.93977374
0.94671595
0.29962978
0.5675629
0.93657035
0.124060445
0.44598114
0.79304415
0.4888287
0.9937702
0.8969853
0.4910036
0.8648054
0.9268025
0.08760052
0.48603567
0.9590664
0.38937932
0.035791043
0.7470251
0.16684571
0.47264034
0.34917122
0.4009406
0.576448
0.81422544
0.7143422
0.9363843
0.9917646
0.048590332
0.9660145
0.5606443
0.5733178
0.9490761
0.17148979
0.84939003
0.15200223
0.041203145
0.66639215
0.42929563
0.66822004
0.017210035
0.2573196
0.61605257
0.4024266
0.6421938
0.18514676
0.09975197
0.6246857
0.57656586
0.7406224
0.645068
0.08772752
0.8445419
0.7499707
0.8058565
0.45380777
0.7115559
0.068725735
0.711277
0.22167917
0.71166474
0.31694204
0.8388339
0.58352774
0.94671893
0.14345266
0.3441655
0.28660148
0.64396405
0.6186708
0.124078214
0.23632547
0.36793092
0.5130371
0.37380046
0.30695242
0.9057762
0.9020223
0.04322379
0.6881741
0.59613657
0.06746791
0.99216527
0.18677543
0.40362427
0.33113423
0.4931813
0.9613741
0.5707769
0.51396513
0.91273344
0.24056166
0.004039831
0.56983924
0.9990329
0.5688142
