0.76271635
-0.7696916
-0.7696916
-0.7696916
-0.7696916
0.68813246
0.6820277
-0.688265
-0.688265
-0.688265
0.29156637
1.867354
-0.8072748
-1.7508204e-05
7.2306593e-06
3.750085e-05
-3.50861e-05
-7.610073e-06
4.3259142e-06
-1.7856146e-06
2.6754442e-06
-1.51820395e-05
-2.5174359e-06
2.5174322e-06
5.4322704e-06
1.1254879e-05
-6.5183067e-06
2.9817278e-05
-2.1643233e-05
-1.8342887e-05
5.456968e-12
7.743424e-05
-2.9033821e-05
-4.130922e-05
2.1103591e-05
-5.2731248e-06
9.314246e-05
-0.00011645083
2.1711752e-05
-1.4699175e-05
1.9090934e-05
-2.2941416e-05
4.573565e-06
2.8332122e-05
-3.248251e-05
5.129179e-06
2.6920556e-05
-3.257053e-05
2.0424766e-05
1.6889588e-05
-3.681045e-05
8.37489e-06
6.232415e-05
-5.2834905e-05
2.8601871e-05
4.4091255e-05
-8.7820066e-05
1.5842545e-05
-1.7246515e-05
5.5212004e-05
0.00010142612
-0.00015839719
7.882322e-06
1.3199518e-05
-8.508305e-06
3.2567106e-05
-3.9516948e-05
-8.379533e-06
-3.4170903e-06
3.4170916e-06
5.463943e-06
0.00012259807
-0.00010957554
2.5971964e-05
9.1378184e-05
-8.370526e-05
7.414621e-05
9.3776216e-05
-0.0001143096
-0.00010184907
0.00012084193
-9.902319e-05
9.367635e-06
-1.792956e-06
0.00017550013
-0.00021524244
4.5939698e-05
-3.7539154e-05
5.592473e-05
-5.823439e-05
-4.709203e-07
0.13077353
0.016747305
-2.4367124e-05
-4.6045658e-05
7.34304e-06
9.636362e-05
-7.77284e-05
4.6523666e-05
-7.071824e-05
7.858603e-05
2.4804242e-05
-5.1716364e-05
-1.7792074e-05
2.345311e-05
-1.4817804e-05
-6.2677645e-06
0.24357386
0.16333821
1.3588317e-06
0.00013913341
-6.4005726e-05
-2.4567875e-05
-4.5621964e-05
-8.925007e-06
-2.2983254e-06
4.431295e-05
0.00014951629
-0.00020017789
2.1851894e-05
0.00010283906
-0.00011564992
5.2393993e-05
-5.6099198e-05
-6.4401816e-06
1.1116037e-05
7.7713285e-06
1.0583959e-05
-2.1488166e-05
5.985451e-06
5.5605306e-06
-5.7305333e-06
-1.0769181e-06
-1.0754689e-05
1.3622564e-05
1.1136886e-05
8.626727e-05
-7.737393e-05
-1.5874302e-05
-1.2570991e-05
1.1374759e-06
-4.7159297e-06
3.743162e-08
0.00027141155
-0.00019690016
-6.0465e-05
-1.1650071e-05
6.993219e-05
2.3811383e-05
-8.820697e-05
0.0002741005
-0.00015305479
-9.621965e-05
-2.3031935e-06
2.1653304e-06
1.638184e-05
3.921403e-06
-3.152174e-05
-5.902329e-05
2.1409884e-05
2.5770176e-05
5.0172937e-05
-3.3592158e-05
-2.7688777e-05
1.9621784e-05
2.5574638e-05
-2.5530571e-06
-2.3122322e-05
1.4630481e-05
-1.87738e-05
-1.3843015e-05
9.634601e-06
9.653528e-06
3.615179e-05
-6.1519313e-06
-1.5140624e-05
1.16556985e-05
5.0043654e-06
-4.7052377e-05
5.6275585e-05
-5.1477437e-06
-5.248728e-05
5.2816482e-05
-1.9960451e-05
-2.1189813e-05
3.7612783e-05
-3.6651443e-05
3.7709244e-05
-3.288688e-05
3.9107177e-05
-5.2127518e-05
2.5582394e-06
7.4271074e-06
-9.222903e-06
2.4704885e-05
-3.3578137e-05
1.8516203e-05
-7.613607e-06
9.120689e-06
2.1102785e-05
-2.7578932e-05
3.5875637e-05
-1.6515369e-05
-1.926989e-05
4.856167e-06
2.9580106e-05
1.06555235e-05
-1.4373218e-06
-2.2908918e-05
-2.1648e-05
8.747837e-06
-2.3163531e-05
1.3435702e-05
3.071621e-05
4.1872318e-06
9.387732e-06
-1.268374e-05
-2.5926647e-05
3.8704733e-05
-5.0937004e-05
3.3673103e-05
-1.3500114e-05
2.2160171e-05
3.1875788e-06
8.660645e-07
-4.0774383e-05
-3.6516763e-06
2.2463115e-05
1.2464232e-05
-7.450737e-06
-1.3051591e-05
-9.612903e-06
1.0479058e-05
4.0823674e-05
-5.1971954e-05
8.1883263e-07
-5.3313724e-06
-7.0567658e-06
5.7443034e-05
-2.1458902e-05
-9.747886e-06
2.5471165e-05
-1.4891295e-05
-2.26281e-05
3.0352378e-05
7.447943e-06
-3.283412e-05
-4.8349348e-06
2.9250987e-05
-3.4890647e-05
4.1388553e-06
3.7373477e-05
-8.086012e-06
1.9474908e-05
-5.919017e-05
1.1467406e-05
3.5785964e-05
-3.8420414e-05
3.3156808e-05
1.8934654e-05
-1.9859184e-05
1.6197097e-05
-3.692001e-05
9.074363e-06
-1.9350493e-05
3.7155642e-06
2.8829982e-07
-5.318023e-06
4.5839362e-05
-3.2978125e-05
-1.0394509e-05
4.3683167e-06
9.044258e-06
7.705916e-06
1.3524041e-05
-3.598888e-05
1.1235536e-05
3.5904777e-05
-8.762676e-06
-4.0201878e-05
1.3800154e-06
-1.2578308e-05
2.9562807e-06
2.4565918e-05
1.2642744e-05
-3.5179648e-05
3.132412e-05
-3.1036292e-05
2.7527003e-06
5.1027233e-05
-3.820873e-05
-2.5466707e-06
-1.03992925e-05
2.7913233e-05
7.5691023e-06
-6.29263e-06
-9.276009e-06
2.299549e-05
-8.778348e-06
-4.545426e-05
4.8102243e-05
-1.4381016e-05
1.73724e-05
-3.4961202e-05
8.30743e-06
-2.4633764e-06
-1.5585512e-05
8.095294e-06
4.5719127e-05
-1.3601504e-05
-1.4446963e-05
-2.431138e-05
-4.905252e-06
3.6718808e-05
-2.4593593e-05
3.2976583e-05
-1.8917057e-05
1.5343394e-06
-2.5152716e-05
3.403752e-05
1.8389586e-05
-5.535291e-05
3.4552377e-05
-3.221264e-05
2.0237003e-05
-6.152273e-06
-1.3677098e-05
2.4551755e-05
1.068952e-05
-3.8220787e-05
1.5434973e-05
1.4842377e-05
2.4581434e-05
-2.545815e-05
-2.0013948e-05
8.345642e-06
4.1717016e-05
-5.226556e-05
2.8036131e-05
1.0526383e-06
-1.895124e-05
2.6608848e-05
-2.7679594e-05
5.4196826e-06
-7.4850686e-06
-4.8941642e-06
2.2820379e-05
-1.6142962e-05
2.1191787e-05
-2.4977755e-05
-7.702087e-06
2.3514205e-05
1.3067091e-05
-2.0126326e-05
-1.7629476e-05
3.20243e-05
-1.1062128e-05
2.025079e-05
-1.2552995e-05
2.2100836e-05
-1.0070184e-05
-9.0855765e-06
-2.3722314e-06
1.5611042e-05
-4.6984365e-05
4.9443657e-05
-2.5392399e-05
2.3131966e-05
-3.0369736e-05
3.3798397e-06
2.709856e-05
-2.3997822e-05
2.8144119e-05
-4.233193e-05
-5.335278e-06
2.9365874e-05
-9.971056e-06
-2.471174e-05
6.0827857e-05
8.800671e-07
-5.6555615e-05
4.4810287e-05
-1.2736575e-05
8.357623e-06
6.223767e-06
-2.4145258e-05
-3.5871308e-06
-1.3643312e-06
2.9724524e-05
-3.313997e-05
1.9396852e-05
-2.1563688e-05
2.1883128e-05
8.439876e-06
2.0041844e-05
-5.676358e-05
4.8824913e-05
-4.3648917e-05
3.552607e-05
-4.954693e-05
4.5448644e-05
9.860232e-07
-1.2944256e-06
-3.7403785e-05
3.4776158e-06
1.3421551e-05
-1.1417298e-05
-2.996113e-06
1.0854222e-05
3.5842037e-05
-5.3459327e-05
4.0541574e-05
-4.4868866e-05
2.0981888e-06
6.263225e-05
-7.2244457e-06
6.4436354e-06
-4.788978e-05
4.6084617e-05
-3.1279793e-05
2.5912192e-05
-3.744823e-05
1.2702367e-07
2.8441154e-06
2.8567236e-05
-5.1701805e-05
6.243039e-05
-3.6261357e-05
2.058766e-05
-4.2964894e-05
5.709209e-05
-3.111526e-05
-1.7510745e-05
2.024357e-05
-5.742182e-06
-1.9077084e-05
5.165326e-05
-1.1969682e-06
0.41944256
0.29474187
3.4795594e-05
-1.8723258e-06
-5.3386175e-05
1.4041759e-05
2.7625869e-05
-3.5569952e-05
-8.416763e-06
-8.246503e-06
0.692103
3.093425e-05
-9.659336e-06
2.0804573e-05
-2.303939e-05
-6.605869e-06
3.9286337e-05
-4.1181185e-05
1.10727115e-05
1.9750156e-05
-1.4480579e-05
5.478163e-06
3.1245247e-05
-5.1587762e-05
-8.67231e-06
9.299931e-06
2.0432206e-05
3.054034e-05
-7.867438e-06
-5.431725e-05
1.0454889e-05
1.5239961e-05
1.2782051e-05
-1.2068351e-05
-2.3051321e-05
4.7358393e-05
-9.767973e-06
-1.5001486e-05
8.948946e-07
1.0206788e-05
-3.5527264e-06
-1.6859118e-05
1.4302267e-05
-2.2777478e-05
1.927294e-05
1.7581751e-05
-2.3098291e-05
1.7770071e-06
7.1692048e-06
-1.46657e-05
2.2536009e-05
-2.7158483e-05
3.1446427e-05
-5.07438e-06
-9.190964e-06
-1.2498473e-05
7.8464145e-06
3.4021145e-05
-3.0064353e-05
-7.967032e-06
3.2233984e-05
-5.298936e-05
1.0691844e-05
1.0910662e-06
3.7164486e-05
-1.4455345e-06
-7.930903e-06
1.4448513e-05
3.0228512e-06
-5.193056e-05
4.316415e-05
-2.7091388e-05
3.9480507e-05
1.6971862e-06
-4.7642065e-05
2.2573666e-05
-3.0509793e-05
3.97194e-05
1.3512748e-05
-1.7731145e-06
-1.7679631e-05
-3.5328037e-05
5.4703345e-05
-3.872112e-05
-9.990986e-06
4.853483e-05
-2.2420707e-05
1.0486478e-05
2.1469026e-05
-2.1310865e-05
-3.0404663e-05
-8.845902e-06
-7.310631e-06
4.1484295e-06
-2.6388282e-06
4.8848135e-05
-1.1738428e-05
2.0074942e-05
-2.1657836e-05
-2.8732702e-05
2.0125608e-05
-1.2847429e-05
1.7722334e-05
-1.3657065e-05
5.6747167e-06
-1.2182736e-06
-1.3582528e-05
2.828775e-06
1.690965e-05
-1.9622288e-05
2.067403e-05
-2.105177e-05
3.545375e-05
1.05125255e-05
-5.4387103e-05
4.419162e-05
1.2240122e-05
-2.0250493e-05
9.740179e-06
-4.549092e-05
5.021139e-06
1.5671172e-05
1.8062667e-05
5.6536956e-06
-2.0723275e-05
-7.985411e-06
1.579969e-05
-2.3180928e-05
4.4488894e-05
-4.0661173e-05
1.4345647e-05
1.6167123e-06
-6.5786953e-06
2.6366957e-05
-1.7986216e-05
-1.5116856e-05
1.1152033e-05
-5.796097e-06
3.7779624e-05
-5.6295496e-05
2.3123379e-05
1.5632228e-05
-3.9339502e-05
2.9465045e-05
3.0902032e-05
-1.9307925e-05
7.5921544e-06
-2.4152865e-05
3.152679e-05
-4.1801686e-06
-1.539776e-05
-1.0628659e-05
-2.3573888e-05
5.6509038e-05
-3.3122633e-05
-2.1798274e-05
3.3578668e-05
-2.0238569e-05
9.169972e-05
-5.9042883e-05
-3.882111e-05
1.7341918e-05
-3.259056e-05
8.187351e-06
-4.2992906e-06
2.826169e-05
-1.546758e-05
3.900138e-05
5.797923e-06
-5.6833887e-06
-4.542147e-05
1.5248404e-05
3.1774125e-06
-1.6368676e-05
3.2270433e-05
1.4957786e-06
-1.3841969e-05
9.789146e-06
-2.4376062e-05
-1.9971712e-06
1.2955357e-05
-5.3562007e-06
8.117015e-06
2.2931443e-05
-1.2800185e-05
5.9525228e-06
7.1142094e-06
-2.3669114e-05
2.7076312e-05
-1.2657558e-05
-1.1050598e-05
1.1302945e-06
1.778239e-05
-1.8631585e-05
-3.3019758e-05
4.863906e-05
-1.7903574e-05
-2.1043215e-06
2.9217947e-05
-3.7445978e-05
1.1090928e-05
2.627831e-05
-1.9580126e-05
1.2107397e-05
-3.036183e-05
1.2300463e-05
-2.4877965e-05
3.5809586e-05
9.991501e-06
4.528618e-06
-3.823207e-05
4.1436208e-05
-1.841004e-05
-3.755444e-05
2.1611966e-05
3.0398725e-05
-1.5052337e-05
1.4528694e-05
-3.82968e-05
1.416976e-05
-1.5380127e-05
-4.8042984e-06
2.1063313e-05
8.894323e-06
-1.3046756e-06
-3.6774858e-05
3.9410766e-05
-6.8662266e-06
-1.0943849e-05
2.2627482e-06
2.1040096e-05
-4.3250875e-05
9.9427e-06
8.310981e-07
3.3665736e-05
-4.839814e-06
-2.8585213e-05
4.2472795e-05
-1.0624639e-05
-1.4701429e-05
2.3625002e-05
-3.2643886e-05
1.7946906e-05
1.0812397e-05
-3.7563725e-05
4.1998486e-05
-3.4674613e-05
1.1109958e-05
-3.071873e-07
1.8893184e-05
-3.128798e-05
1.7857423e-05
6.080576e-06
-4.5135777e-05
5.203269e-05
-7.5390926e-07
-3.0038955e-05
3.0478495e-06
3.794596e-05
-1.3524797e-05
1.1840279e-05
-8.575364e-06
-5.304077e-05
6.10325e-05
-8.394545e-06
-3.2560198e-05
-1.7728697e-05
5.7984373e-05
-2.6488706e-06
-1.0208634e-05
-1.608206e-05
1.42522695e-05
-1.9980369e-05
-5.2602263e-07
2.7647344e-05
-2.36819e-05
-1.37207e-05
-8.5171814e-07
1.1905748e-05
1.0175827e-06
2.1009026e-05
-4.1550455e-05
5.581545e-05
-4.0893414e-05
2.3095736e-05
-3.7388592e-05
2.6671096e-05
-3.5128476e-05
-1.6078825e-07
2.5120973e-05
-1.5240314e-05
2.6815303e-05
8.483465e-06
-7.951334e-06
-3.0827432e-05
6.2364024e-06
2.9165647e-05
1.9796207e-06
-3.771881e-05
3.8993394e-06
-1.931359e-06
3.0277492e-05
1.8645258e-05
-2.0923184e-05
-1.7755423e-05
4.2079424e-05
-5.963161e-05
4.1693056e-06
1.7725239e-05
-4.1047952e-07
-1.2086805e-05
1.38108735e-05
-9.046107e-07
9.962776e-06
1.8497652e-05
-4.3639433e-05
5.0057224e-07
5.751018e-06
-4.545549e-06
6.163349e-06
-5.619303e-06
1.2140317e-05
-1.2629934e-05
-4.0905384e-06
3.112458e-05
-1.3187639e-05
-6.772845e-06
-1.5616896e-06
0.8900097
0.43905076
-4.0090472e-05
4.187722e-05
-2.5308114e-05
1.8573348e-05
-2.4865001e-05
2.7148011e-05
1.2106575e-06
-4.0620507e-05
-3.953909e-06
2.7768512e-05
-2.5549794e-05
1.8832602e-06
2.5875263e-05
-1.7169326e-05
-1.2714782e-05
1.26480245e-05
2.71661e-05
-2.9284125e-05
2.7989412e-05
-2.4137216e-05
-9.773448e-07
-7.176489e-06
4.088744e-05
-1.2392557e-05
-3.3465443e-05
4.1493236e-05
-4.109928e-05
2.33824e-05
-2.9478002e-05
6.228043e-05
-6.2282226e-05
3.6689573e-05
-1.1304855e-05
8.98318e-06
7.4793134e-06
-2.5389509e-05
2.9115903e-05
-9.077716e-06
-3.492289e-05
1.302973e-05
-8.221092e-06
3.4086974e-05
-4.963549e-07
-3.0893425e-05
1.8654884e-05
2.0251895e-05
4.055986e-06
-4.4162953e-05
5.28259e-05
-2.1888485e-05
1.4604666e-05
-2.7896793e-05
-3.5801368e-06
2.566991e-05
-3.0350326e-05
2.3165949e-05
-4.026253e-06
2.5126737e-05
-4.850448e-05
2.6981295e-05
4.6988134e-07
2.5898516e-06
-2.5156847e-05
3.6542897e-06
9.224207e-06
2.217228e-05
-3.1795418e-05
3.4819554e-05
-1.7255084e-05
9.708889e-06
2.3077882e-07
1.0682135e-05
-5.4901517e-05
1.6501132e-05
2.6606167e-06
1.2162638e-05
2.1694987e-05
-2.237995e-05
-1.51868435e-05
-1.8576764e-05
6.089307e-05
-1.3379391e-05
-3.9611277e-06
7.596678e-06
-2.1011478e-05
-1.5248101e-05
-4.008296e-06
4.5531557e-05
-4.4455577e-05
2.643059e-05
-1.736258e-05
9.117639e-06
-2.7015634e-05
4.5801935e-05
-4.561948e-05
2.3293629e-05
-6.1389073e-06
2.6001257e-05
-2.9323852e-05
-1.4057273e-05
4.38087e-05
-6.055583e-06
1.3375386e-05
-7.761882e-06
-9.594988e-06
7.0316273e-06
-4.301548e-05
5.083425e-05
-5.6263343e-06
4.762027e-06
-4.8244896e-05
-4.455194e-06
7.308899e-07
3.808387e-05
-3.173596e-05
1.7544397e-05
3.8084318e-06
1.5531012e-05
1.5348749e-05
-4.087113e-05
-1.3588335e-05
5.6607983e-05
-4.7754216e-05
1.6312972e-05
-5.1858824e-06
-2.7525894e-06
-9.894442e-06
3.92737e-05
-5.0748313e-06
5.796908e-06
-1.8596318e-05
6.0936145e-06
-8.3093755e-06
5.586917e-07
-8.084153e-06
-1.651637e-05
2.0853902e-05
1.9939973e-05
1.0859732e-05
-3.74022e-05
1.907502e-05
-1.8726236e-05
9.329184e-06
-2.4350174e-05
6.387516e-06
2.5662353e-05
-1.3425392e-05
-4.801199e-06
2.0916546e-05
-7.083483e-06
2.1145172e-05
-4.135656e-05
-6.6565835e-06
3.4173165e-05
-1.0337934e-05
1.6542483e-05
1.4114266e-05
-4.021515e-05
-1.323699e-05
3.655796e-05
-1.3617013e-05
-3.738569e-07
-1.825803e-05
1.3614466e-05
8.398722e-06
-2.2443408e-05
-4.815175e-06
1.9594594e-05
3.376748e-05
-2.8290633e-06
-1.7775474e-05
-1.2896757e-05
3.1593514e-05
-3.0514468e-05
1.2307682e-06
2.3171167e-05
-1.9025078e-05
7.0205497e-06
-1.9714706e-05
-1.0754357e-05
4.37456e-05
-1.1245662e-05
-3.842023e-05
1.6872043e-05
-1.5597034e-06
1.930494e-05
-8.586818e-06
-6.5190616e-06
2.3742428e-05
-9.783973e-06
7.382627e-06
-8.6629007e-07
-1.28108195e-05
1.4282228e-05
1.031071e-05
-6.699145e-06
-2.8684712e-05
3.8686943e-05
-1.6837213e-05
-1.4336756e-05
-1.8289109e-05
-8.440165e-06
9.894846e-07
2.7921255e-05
7.758417e-06
2.1087486e-05
-3.500961e-05
-8.175812e-08
1.5162548e-05
3.7507234e-06
-1.1443463e-05
4.5755405e-07
-1.7386003e-05
2.5718226e-05
1.2625409e-05
-2.4495186e-05
-2.4239e-05
1.4539572e-05
-1.0767417e-05
4.813085e-05
5.8590267e-06
-4.6670684e-06
-1.6629812e-05
-3.6865757e-05
4.249697e-05
-1.6101405e-05
1.2186942e-05
8.877814e-06
-4.1686082e-05
-8.484913e-06
3.8070873e-05
-1.2189001e-05
3.226783e-05
-5.159924e-05
3.9641498e-05
-1.8380577e-05
-2.5023615e-05
2.5492816e-05
2.0579355e-06
2.6343787e-05
-7.986719e-06
-1.0494594e-05
1.2240547e-05
-8.953371e-06
-3.455882e-05
3.3818353e-05
-1.7592685e-05
-1.8329622e-05
4.1562644e-06
1.0324158e-05
2.6334568e-05
-4.3943433e-05
2.8650811e-05
1.7062375e-06
2.4168075e-05
-3.963661e-05
5.1177794e-06
5.5603623e-06
-1.1615387e-05
2.4893143e-06
2.7910572e-05
-3.4686538e-05
-6.787803e-06
2.2966871e-05
-2.168828e-05
1.6810476e-05
-9.5579335e-06
1.992029e-05
-2.8540951e-05
5.525448e-05
-4.3187574e-05
-1.8004395e-05
4.7493977e-05
-2.7609203e-05
3.33049e-05
-4.5745735e-05
4.54417e-05
-3.4483037e-05
-1.1984994e-06
4.194973e-05
-5.2376785e-05
3.5611523e-05
1.2369241e-05
-3.9482977e-05
-4.2075135e-07
3.667063e-05
-7.947645e-06
1.4570933e-05
-3.1937056e-05
1.1811726e-06
-1.9308573e-05
4.525282e-05
-5.1808856e-06
-1.4087226e-05
-3.9309434e-06
-2.5500576e-05
4.52607e-05
-1.5436632e-05
-1.5763697e-05
1.5614101e-05
2.7277914e-05
-2.8079563e-05
4.0362393e-06
-8.875915e-06
-2.1231624e-05
5.2887928e-05
-2.3517383e-05
2.6022408e-06
-2.6439982e-05
1.3387738e-05
2.0315387e-05
-3.4742057e-05
3.7966132e-05
-2.2295078e-05
2.8515497e-05
-2.2088352e-05
-7.413786e-06
-1.690565e-05
-2.5942404e-06
3.3493498e-06
9.140212e-06
2.8667593e-05
-1.2434066e-07
-1.8521963e-05
-6.154587e-07
-6.099608e-06
8.161482e-06
1.2003766e-05
-3.5615485e-05
4.1705043e-05
-4.206702e-05
1.3315594e-05
3.996998e-06
3.2856842e-06
3.284911e-05
-3.0990996e-06
-1.0080641e-05
-1.7784247e-05
-1.6959086e-05
2.6157306e-05
1.159247e-05
-1.8783789e-05
1.2287399e-05
-1.2491806e-05
-1.0402195e-05
-5.354247e-06
8.145736e-06
1.3197636e-05
-2.5026526e-05
1.2476647e-05
9.659836e-06
2.2024025e-05
-4.0250343e-05
-1.4181193e-05
3.9004903e-05
4.0186387e-06
-1.31858e-06
-1.3071649e-05
2.3129103e-05
-5.23138e-05
5.9901264e-05
-1.472135e-05
-1.6857392e-05
8.583893e-06
2.380697e-06
-1.1523198e-05
-1.17852105e-05
2.2058908e-05
-2.6327321e-05
2.85274e-05
-2.3939347e-05
-6.402086e-06
2.7134305e-05
-2.7348055e-05
4.185924e-05
-4.4464727e-05
3.063267e-05
-3.0272322e-05
-1.5049227e-07
3.3720444e-05
-3.5435718e-05
3.4330835e-05
-1.2255202e-05
-2.5832323e-06
-4.7701333e-06
2.9675963e-05
-4.320631e-06
-4.293223e-05
4.7724152e-05
-4.826467e-05
1.1511187e-05
4.69292e-05
-2.9144103e-05
-3.8551607e-06
2.736286e-05
-3.986843e-06
-1.4561531e-05
-1.2473058e-05
2.6725442e-05
-3.0695523e-05
-1.14824616e-07
2.8665872e-05
-4.6594858e-05
4.0258896e-05
-1.5002378e-05
1.6436043e-06
-2.1218873e-05
2.8101429e-05
2.4270303e-05
-4.3960594e-05
3.517158e-06
2.4126683e-05
-3.5462857e-05
2.3235578e-05
1.4982274e-05
-2.9937153e-05
2.1201758e-05
1.730707e-05
-4.3146447e-05
1.1023057e-05
2.3343035e-05
-3.2025782e-06
4.14207e-06
-2.492468e-05
3.029103e-06
1.580154e-05
3.2380449e-06
-3.6859703e-05
-3.668984e-06
5.6784666e-05
-2.0929932e-05
1.0164658e-05
-1.7504108e-05
1.6795471e-05
9.385196e-06
-5.752285e-05
2.2404234e-05
-8.05713e-06
-1.3997083e-05
1.080995e-05
4.295635e-05
-1.3035609e-05
-2.1238e-05
-1.8685272e-05
3.5344616e-05
-1.1724733e-06
-3.3711822e-06
2.7937265e-05
-1.1160659e-05
4.8397087e-06
-3.5565838e-05
2.4762538e-05
-6.172757e-06
1.6889251e-05
5.068505e-06
-1.0351705e-05
-4.0279498e-05
5.067609e-05
-3.850393e-06
-5.0175437e-05
4.0740673e-05
-9.973071e-06
-4.1052044e-07
2.2922202e-05
-1.8603583e-05
-5.100621e-06
1.8694844e-05
-1.9132076e-05
1.6448803e-05
3.326939e-06
-2.291136e-05
-1.9867584e-06
1.681028e-05
-3.756948e-05
4.399004e-05
5.7633515e-06
-8.099443e-06
-1.545233e-05
-3.4167366e-05
2.53632e-05
-2.40575e-05
5.311554e-05
-1.8981118e-06
-5.227478e-05
-2.4264464e-06
5.2359042e-05
-4.149624e-05
2.7960356e-05
1.026071e-05
-1.0769465e-05
-5.9974045e-06
-5.7735797e-06
1.7225952e-05
-1.8693214e-05
-4.044926e-06
2.1743448e-05
-3.9520874e-06
-3.1485317e-05
7.868412e-06
1.0048032e-05
2.4253923e-06
3.4481192e-05
-6.170978e-05
5.7136982e-05
2.915036e-06
3.2488606e-07
-4.6629793e-07
-3.468812e-05
-1.5008353e-05
1.732936e-05
3.2907767e-05
-4.285039e-05
6.042448e-06
3.336545e-06
5.2980973e-05
-5.2026808e-05
-1.4275551e-05
-9.347377e-06
2.5117692e-05
2.508649e-05
-5.1720337e-05
1.9966716e-05
2.554202e-05
-2.1978303e-05
2.1657488e-05
-1.952294e-05
3.3349206e-05
-2.000158e-05
9.728159e-06
-2.6720612e-05
-1.2895482e-05
1.04251085e-05
8.407069e-06
1.1582746e-05
1.5914926e-05
-4.4529195e-05
1.9714877e-05
-7.51279e-08
2.3326966e-05
-1.8722494e-05
5.6250956e-06
-8.686871e-06
2.4798122e-05
-5.8407473e-05
4.433968e-05
1.40631055e-05
-3.4484267e-05
9.7000975e-06
-2.6311769e-05
2.3223962e-05
1.6260516e-05
-1.9281464e-05
-2.0875443e-05
4.860286e-05
-5.492339e-05
8.58651e-06
4.2188927e-05
-1.575347e-05
1.4931493e-05
-1.4909954e-05
-1.2814351e-05
3.6632846e-05
-5.4655706e-05
5.5755416e-05
-5.2955656e-05
1.2693897e-05
-4.6824503e-06
2.3911676e-05
7.2524854e-06
2.7865026e-06
-6.7750007e-06
3.9135193e-07
8.379433e-06
-4.552489e-05
4.578215e-05
-4.283037e-05
5.272153e-05
-1.6023932e-05
-3.5561152e-05
6.83688e-06
2.6411837e-05
-2.149014e-05
2.9125968e-05
6.453083e-06
-3.97901e-06
-4.2438245e-05
2.1101234e-05
1.6522117e-05
-3.14462e-05
6.64252e-06
2.182096e-05
-5.900074e-07
-4.1825027e-05
5.3777614e-05
-1.9519883e-05
-3.4710756e-05
9.1487545e-06
-1.3498662e-05
0.00010085508
-4.4436674e-05
-4.7389443e-05
-1.7498699e-06
2.9242863e-05
-2.8893028e-05
3.5095087e-05
-3.508307e-05
1.5823161e-05
1.914139e-06
3.5847745e-05
-9.187115e-06
-2.417738e-05
-6.822884e-07
-2.4096042e-05
5.930524e-05
-2.1091691e-05
-7.64594e-08
-1.3917888e-06
-2.2785236e-05
3.1102783e-05
-5.2890173e-06
1.2559707e-05
-1.614364e-06
-1.3053868e-05
5.0623385e-06
-3.3895732e-05
2.2100056e-05
-2.663487e-05
1.8419574e-05
2.1218857e-05
-1.7101818e-05
-1.0851012e-05
2.987184e-05
-3.1487467e-05
1.383266e-06
-1.2908816e-05
1.4389983e-05
2.4136698e-05
-5.90574e-06
-1.6080123e-05
-2.1550999e-05
1.212757e-05
2.8869563e-05
-2.5463043e-05
-6.589308e-06
3.6556718e-05
-3.79774e-05
7.378043e-06
1.3391254e-06
4.5078064e-05
-1.6105558e-05
-1.7736638e-06
-1.5934642e-05
3.3799424e-06
1.3904557e-05
-3.3791686e-05
2.8044904e-05
1.8468712e-05
-1.5879305e-05
-1.8392202e-06
-1.5983278e-05
2.7555325e-05
-5.2960313e-06
-2.3643253e-05
3.4215907e-05
-4.2648986e-05
3.3416956e-05
-7.168637e-07
-2.3960332e-05
-9.089054e-06
3.397389e-05
-1.8850611e-05
4.1412786e-06
-2.607202e-05
2.3711082e-05
2.2877102e-05
-5.0611172e-05
2.9789824e-05
-2.0715765e-05
3.577119e-06
2.0831763e-05
1.2276847e-05
-4.8752663e-06
5.856011e-06
-1.0619115e-06
-1.8002545e-05
-1.5548421e-06
-2.7916798e-05
1.9528263e-05
-1.7044518e-05
9.811016e-06
2.0590358e-05
-3.378961e-05
2.6475183e-05
3.191655e-05
-1.5724327e-05
-3.5808553e-05
2.3275887e-05
3.0349232e-05
-1.7619885e-05
-9.6825315e-06
1.9524792e-05
9.176143e-06
-6.0685226e-05
2.884429e-05
-2.9850904e-05
3.109086e-05
-1.754281e-05
2.3112816e-05
-6.6918765e-06
1.805097e-05
9.584586e-06
-3.7934708e-05
2.0759178e-05
-3.1067408e-05
4.9623908e-05
-5.2962663e-05
2.7978625e-05
-4.0398336e-06
-9.4577445e-07
-6.162065e-06
-9.7563925e-06
1.0968088e-05
-2.4441848e-05
1.022558e-05
4.2979602e-05
-3.88226e-05
-1.2503926e-05
1.3491324e-05
6.131464e-06
-1.86322e-06
3.443719e-05
-4.5342513e-06
1.0498734e-06
1.0760283e-05
-3.9720802e-05
1.5091173e-05
5.5070195e-06
-2.3661667e-05
4.0683677e-05
-5.2370844e-05
4.5507637e-05
-5.0626673e-05
4.4454737e-06
4.5709385e-07
7.0920532e-06
1.2019922e-05
3.5480727e-05
-5.095171e-07
-2.5918749e-05
-9.907567e-06
-8.979125e-06
1.0377498e-06
1.3631146e-05
1.9670697e-06
2.0416232e-05
-1.8903827e-05
-4.4143235e-07
-3.9800852e-06
2.8515951e-05
-2.8618475e-05
-1.6751375e-05
2.1106025e-06
-1.52792e-05
1.2659037e-05
2.5354275e-05
-1.5183072e-05
2.8110482e-05
-3.928277e-05
1.548348e-05
-8.2391125e-06
-1.2099899e-05
2.392953e-05
1.9055955e-05
-3.9000464e-05
9.150246e-06
-2.42871e-06
-4.189834e-06
3.522444e-05
9.94503e-06
-4.1067364e-05
2.367423e-05
-2.0479092e-07
6.6553876e-06
-4.6593093e-05
5.8079273e-05
-2.2968841e-05
-3.086463e-05
2.3552623e-06
5.042064e-05
-3.4382807e-05
1.4454756e-05
-1.6723729e-05
2.4483825e-05
-7.5393727e-06
-3.2348846e-05
1.7454386e-05
-1.1882947e-05
8.342778e-06
6.314325e-06
3.5554098e-05
-6.107635e-05
5.41232e-05
-3.7411115e-05
-1.0407581e-05
2.7274455e-05
-2.5635742e-05
6.3225025e-07
1.9850111e-05
1.0676318e-05
2.0100051e-06
1.7601054e-05
-3.842687e-05
4.180017e-05
-5.0547023e-05
3.2045013e-05
-1.281693e-05
-8.329883e-06
6.0110506e-06
1.6840537e-05
-4.6450805e-06
1.6713917e-05
-4.198998e-05
2.5724477e-05
-1.374022e-05
6.664839e-06
1.1947246e-05
1.6385986e-05
-5.9236132e-05
6.4957667e-06
3.9990045e-05
-3.7318103e-05
1.6741109e-05
1.9232382e-05
-2.684672e-06
7.954259e-07
-1.1087632e-05
-1.7967277e-05
4.318711e-05
-2.5980347e-05
-2.5819427e-06
-3.6932843e-06
-1.2107198e-05
8.256826e-06
2.7945487e-05
-1.4328901e-05
1.2385597e-05
7.4148793e-06
-2.6021698e-06
-4.492414e-05
-2.0812931e-06
3.6366373e-07
4.160873e-06
2.8615017e-05
-1.6249178e-06
7.357825e-06
-2.3302588e-05
-9.80441e-06
2.3313956e-05
-2.165391e-05
3.1521253e-05
-2.1772654e-05
3.1162992e-05
-2.8017463e-05
2.3136727e-05
-4.2257238e-05
2.7143953e-05
-4.2761712e-06
9.6417825e-06
1.791232e-05
-3.990913e-05
0.00018631094
-0.00018641862
3.1127827e-05
-6.0188904e-06
-7.276565e-06
-2.1269516e-05
2.9459192e-05
-6.0618913e-06
-4.0021278e-05
1.06391635e-05
2.836012e-05
-1.1966045e-05
-1.8854298e-05
1.526445e-05
-1.4920296e-05
3.2701697e-05
-1.9936993e-05
-1.8916331e-05
1.8410054e-05
-1.0552063e-05
2.1419462e-05
-1.8847422e-05
1.785058e-06
3.9450737e-05
-5.059014e-05
1.2767387e-06
2.563982e-05
-2.1585114e-05
1.4465757e-05
1.8039796e-05
1.717313e-05
-5.4145064e-05
6.239642e-06
-1.305762e-06
2.5746293e-05
-3.41916e-05
2.5355916e-05
-1.4445775e-05
4.1617164e-05
-1.889616e-05
-3.452673e-06
1.2749693e-05
-1.7574508e-05
1.652713e-05
-3.0169991e-05
4.6946614e-05
-2.3181847e-05
-3.2274347e-05
5.496712e-05
-5.285341e-05
3.9756287e-08
2.2665978e-05
-1.914144e-05
-5.049631e-06
6.822056e-06
2.7825885e-05
-6.248818e-06
1.3730434e-05
-3.1495692e-06
9.562669e-06
-4.8747686e-05
2.2531018e-05
3.4983696e-06
-1.6599046e-05
4.483636e-05
-3.1568812e-05
8.524443e-06
7.162258e-06
-4.1534204e-05
1.5717353e-05
-6.2890194e-06
-8.646721e-06
7.1362956e-06
3.8633396e-05
-7.795825e-06
1.2866258e-05
-1.714117e-05
3.622592e-06
-4.516467e-06
1.8992574e-05
-2.376299e-05
-2.630648e-05
-3.4814334e-06
2.7263886e-06
2.2435317e-05
-7.408893e-06
-1.7180602e-05
4.6995992e-05
-4.4543885e-05
1.19953675e-05
2.318486e-05
1.4560923e-05
-8.411316e-06
-2.8561299e-06
6.7066176e-06
-1.6735552e-05
1.2990513e-05
1.6744641e-05
-1.0978838e-05
-4.1109754e-05
2.5173864e-05
-7.566232e-07
-2.8235474e-05
-6.458693e-06
3.2875528e-06
1.8810002e-05
2.5247298e-05
-5.034517e-06
-7.322589e-06
-2.872826e-05
4.098506e-07
3.1159674e-05
-6.760758e-06
-1.9837542e-05
9.704392e-06
-1.2571887e-05
4.9611017e-06
-6.5780782e-06
9.299427e-06
3.3472215e-06
1.1390253e-05
1.6300879e-05
-8.935509e-06
-4.0561845e-06
1.2321772e-05
-4.345802e-05
1.7379018e-05
-2.8534105e-06
5.7160896e-06
8.548368e-06
-4.448095e-06
1.75479e-05
-1.4016842e-05
1.6047092e-05
-8.375999e-06
-2.723675e-05
-3.8835815e-06
3.5483332e-05
-3.4434084e-05
2.6491049e-05
-2.2095446e-07
1.6730803e-05
-3.0210826e-05
-1.306225e-05
-1.3355536e-06
-1.9152267e-06
9.313139e-06
-1.7664461e-06
3.0348612e-05
-2.5144882e-05
-6.329694e-06
2.297746e-05
-1.8017312e-05
-1.42997615e-05
4.5135726e-05
-1.0686323e-05
1.5094438e-05
2.4462497e-07
-2.4059647e-05
2.696746e-05
-1.6075206e-05
-3.087869e-05
2.1434134e-05
9.104071e-06
8.849045e-06
-3.072046e-05
1.8556693e-05
1.8635215e-05
1.0217776e-05
-5.2464653e-05
4.1309766e-05
-4.9596336e-05
5.8818045e-05
-5.580415e-05
3.5590938e-07
2.504431e-06
9.329511e-06
2.6925e-05
6.8555946e-06
-2.3188673e-05
2.295173e-05
-2.8964287e-05
-1.2016407e-05
-3.1551617e-06
2.648358e-05
8.437364e-06
-6.168921e-08
-3.0222727e-06
-1.5482619e-06
4.0271298e-06
5.314756e-06
1.0682172e-05
-3.6976162e-06
-4.989486e-05
2.3173781e-05
2.5654463e-05
-1.8531471e-05
-4.9137234e-06
-2.508434e-05
2.5819641e-05
1.1213282e-05
-2.7574908e-05
4.2775355e-06
2.356526e-05
1.3256382e-05
-2.7355363e-05
2.8073664e-05
4.535723e-06
-5.089939e-05
2.5507721e-05
-5.1026354e-06
-5.9708655e-06
-2.3033392e-05
1.0370732e-05
3.0570223e-05
-1.4152717e-05
-1.261606e-05
2.1997195e-05
-2.3108823e-05
-8.789268e-06
4.859812e-06
5.529885e-06
3.720049e-05
-3.0295838e-05
1.7341927e-06
-1.4762905e-05
1.5218697e-05
2.095482e-05
-1.1598801e-05
-3.072063e-05
3.7124984e-05
1.1497687e-06
-2.7140137e-05
3.4935605e-05
-3.67584e-05
4.68698e-05
-1.9277522e-05
-3.3977776e-06
-3.429372e-05
2.916682e-05
2.2558008e-05
7.562572e-06
-5.5385655e-05
-9.570722e-07
2.1961805e-05
3.3504548e-06
1.0057436e-05
-1.3680736e-05
2.889552e-06
1.5081347e-05
8.432218e-06
-5.1562354e-05
1.9389026e-05
2.8940685e-05
1.0667387e-05
-1.4855508e-05
1.6780428e-05
-2.0596814e-05
1.850275e-05
-3.5014345e-06
-4.942267e-05
5.0916453e-05
-2.727473e-05
2.9299841e-05
-2.4183739e-05
-1.0590908e-05
1.3576084e-05
-4.80171e-06
-2.6739748e-05
1.1248639e-05
3.8126673e-05
1.9290856e-06
-4.8463466e-05
1.4432662e-05
-3.0701176e-06
2.1972386e-05
-3.6983347e-05
7.1030736e-06
-3.7604464e-06
4.1809028e-05
2.359946e-06
-3.4675006e-05
1.8171204e-06
-1.5338177e-05
8.602026e-06
2.735071e-05
-6.833029e-06
-1.111255e-05
-9.033945e-06
3.5175126e-05
-2.1654698e-05
3.4433237e-05
-3.5215257e-05
4.1024578e-08
3.3118693e-05
-5.2245596e-05
4.7404923e-05
5.3295407e-06
-1.1054068e-05
-5.067072e-05
1.4684503e-05
4.3225635e-05
-1.8359544e-05
6.7556557e-06
-2.2163744e-05
-5.9573968e-06
1.43080015e-05
-1.211396e-06
1.6248327e-05
-4.3793756e-05
1.6892463e-05
3.376088e-05
-3.3892004e-05
-4.0637906e-06
3.8442042e-05
-1.2299592e-05
-1.5589188e-05
2.3587623e-05
-3.590806e-05
3.597777e-05
-1.0154556e-05
-2.4509089e-05
3.802891e-05
-2.9788844e-05
-9.100629e-06
2.8965702e-05
-3.1732918e-05
2.1975397e-05
-3.1306503e-05
-3.127297e-06
3.7868576e-05
-2.2249791e-05
1.31425495e-05
-1.768185e-07
1.2708664e-05
-7.210925e-06
2.0496012e-05
-3.6611313e-05
2.5290787e-05
-1.7613118e-05
2.7107202e-05
-2.2509048e-06
-4.515941e-05
3.497857e-05
-2.3247183e-05
2.3516168e-05
-1.4432844e-06
2.858911e-06
-3.642442e-05
1.1341212e-05
3.4074197e-05
2.1475244e-06
1.813496e-06
-5.0430845e-05
2.7229735e-05
-1.8013669e-05
1.7959965e-05
1.1606808e-05
-1.5018684e-05
5.789816e-06
-2.2232329e-05
3.7740254e-05
3.1119744e-06
-2.1376936e-05
2.4344703e-05
-1.9081112e-05
-3.0619052e-05
4.7243837e-05
-3.072992e-05
6.740671e-06
1.6308437e-05
7.0523784e-06
-8.751267e-07
-1.8997387e-05
3.998084e-06
4.6305904e-06
8.597242e-06
-4.761337e-05
1.517542e-05
-1.592517e-06
3.2981388e-06
8.321692e-06
-1.8458166e-05
4.826293e-05
-1.8436418e-05
-6.8617746e-06
7.129649e-06
-1.8484187e-05
-1.5300062e-05
4.4431996e-05
-2.5745183e-05
-1.14956665e-05
1.7192997e-05
1.1477625e-05
-2.854193e-05
2.2741015e-06
-7.9933125e-06
3.2593558e-05
-2.9519406e-05
8.336436e-06
3.1625044e-05
-2.5007002e-05
1.2851628e-05
1.24732e-05
-1.0555665e-05
6.299524e-06
8.378989e-06
-2.4898985e-05
-5.854259e-06
3.527523e-05
-3.942698e-05
-5.8868827e-06
4.4844113e-05
-3.138405e-05
2.17347e-05
-4.1512903e-06
6.344264e-06
-4.1323357e-05
4.539494e-05
-2.3445882e-05
1.3583107e-05
-3.91638e-05
-5.1266297e-06
5.6802248e-05
-3.9530318e-05
0.000108705026
-6.3692e-05
-4.1814106e-05
3.4858273e-05
-1.7132348e-05
-3.9210947e-05
1.2368557e-05
2.437699e-05
-2.2291088e-05
2.9526245e-05
-1.9696105e-05
1.2723696e-05
1.8219565e-05
-3.562966e-05
-1.7456758e-05
2.7670401e-05
1.1733839e-05
2.3584344e-06
-3.755815e-05
4.4131328e-05
-4.6849582e-05
4.1079737e-05
-2.7170208e-06
8.969673e-06
3.1752606e-06
-4.2426283e-05
-5.2603655e-06
4.0420528e-05
-2.1787038e-05
-1.8315443e-05
4.6750858e-05
-2.8653256e-05
1.26849645e-05
-1.9666812e-05
-1.4791952e-05
3.8467006e-05
-8.730902e-06
-1.4206326e-05
-1.45938475e-05
2.88427e-05
-2.8158089e-05
-1.976389e-06
1.664715e-05
3.5060195e-05
9.147629e-06
-5.688308e-05
1.9328974e-05
-4.045023e-06
1.193984e-05
-1.978732e-05
-2.8239187e-06
3.773195e-05
-2.2873855e-05
2.6135502e-05
-4.9749127e-05
5.074631e-05
2.534376e-06
-4.507588e-05
5.2272637e-05
-1.2983754e-05
-5.447837e-06
-3.7917136e-05
1.557009e-05
-2.1881224e-05
4.2492036e-05
-8.027753e-06
-9.001571e-06
-2.5884721e-05
3.28854e-05
-4.7832145e-07
-8.622141e-06
-1.8936213e-05
1.5140847e-05
-1.4239346e-05
2.5179914e-05
2.4965197e-05
-4.191159e-06
-1.5412541e-05
-2.325197e-05
-1.005752e-05
-3.048686e-06
6.1345934e-05
-4.4413286e-05
3.8641825e-05
-3.8884173e-06
1.063156e-05
-2.1569358e-06
-5.080387e-05
-1.6449344e-06
1.31095685e-05
1.4577046e-05
-1.2418483e-05
1.7551047e-06
-1.8464689e-05
5.405586e-05
-1.2266453e-05
-5.8300066e-07
-2.154951e-05
-5.4016455e-06
2.8687291e-05
-1.716364e-05
-5.7692614e-06
-1.0127274e-05
2.4115847e-05
2.0812531e-05
-4.0536186e-05
7.699882e-06
3.0148281e-05
-4.197758e-05
4.5247063e-05
-5.044613e-05
1.3394884e-05
-1.39863805e-05
5.2090276e-05
-5.8158585e-05
3.1122767e-05
-2.0763515e-05
3.7388727e-05
-1.7786977e-05
-6.4100577e-06
-1.8610088e-05
4.2978332e-05
-2.2257715e-05
1.5267255e-05
-1.654289e-05
-1.2274083e-05
-1.5108635e-05
6.2125735e-05
-5.702787e-05
1.7714934e-05
-2.1669664e-05
1.9033992e-05
1.4040515e-05
-2.7226353e-05
2.0695312e-05
1.9158535e-05
-1.4858741e-05
-3.04788e-05
8.97196e-06
2.7702577e-05
-4.1386156e-06
1.6661917e-05
-2.8857485e-05
-3.0171796e-06
-1.4994439e-05
1.0672615e-05
4.4619315e-05
-5.3601725e-05
1.9759696e-05
-1.2536475e-08
3.3991295e-05
-8.191404e-06
-2.2650995e-05
-1.8984609e-05
4.3066462e-05
-3.640243e-05
2.6437989e-05
1.3123386e-05
-5.5440792e-05
1.6904589e-05
1.3461396e-05
3.37671e-06
1.1383881e-05
-4.9358096e-06
-1.39944195e-05
-2.3424931e-05
5.8150945e-05
-5.0147843e-05
4.367579e-05
-1.7854836e-05
-1.6945934e-05
2.685216e-05
-4.4238823e-05
2.6537073e-05
-1.5556132e-05
1.8652976e-05
-2.4098325e-05
2.9073693e-05
-6.9193875e-06
2.4245426e-05
-4.652647e-05
1.2716706e-05
5.2871765e-06
3.262748e-05
-3.712425e-05
4.9391674e-06
-2.2644275e-05
6.159659e-06
2.0066673e-05
-6.987024e-06
-9.191141e-06
7.162078e-06
1.840303e-05
-3.8209735e-05
4.0207824e-06
3.9169874e-05
-7.482089e-06
2.3743865e-05
-3.5718862e-05
-3.7178534e-06
-6.4029373e-06
-6.640057e-06
-9.45704e-06
3.3548026e-06
6.819182e-05
-2.6522428e-06
0.64206856
-1.0426748e-05
1.3159835
-1.2848746e-05
2.026587
6.6254244e-05
0.00014385063
-0.0001923102
-3.1927138e-06
-3.6519068e-06
0.00025099126
-0.0002472037
-2.8363866e-07
-3.4426776e-06
5.281654e-06
-9.7250695e-06
0.00018026071
-0.00014621
-2.0864987e-05
-7.2024577e-06
2.931109e-05
-2.0771426e-05
0.00011752853
-0.00012005499
-3.2618118e-08
-3.4361656e-06
4.0460873e-06
-7.035849e-06
9.088089e-05
-8.9872534e-05
-1.6289887e-06
7.163162e-05
-7.643672e-05
1.1262233e-07
6.9562055e-05
-1.2414614e-05
2.3190612e-05
-6.9849666e-05
2.895471e-06
-1.15079065e-05
1.0029722e-05
-1.1072079e-06
-9.799431e-06
1.31223405e-05
-1.6310396e-06
-8.233361e-06
-3.4410273e-06
-1.7897619e-06
-7.4383934e-07
9.054644e-06
5.7868834e-05
-5.940083e-05
5.1215702e-05
-7.7506935e-05
-7.98781e-06
0.6998167
-1.2998984e-05
0.9263412
-1.3096724e-10
2.6193447e-10
0.672374
0.81281465
-1.2657893e-06
-1.2414403e-06
0.00012604916
-0.00012354192
7.275958e-12
-6.6056127e-06
2.9329058e-06
3.672707e-06
-5.7561383e-06
4.8867496e-06
-1.7314305e-06
3.5683297e-07
-2.7346978e-06
2.385672e-06
9.716268e-06
6.174306e-05
0.73902774
-8.55461e-05
1.7600303e-05
-5.3795193e-05
-1.0665899e-06
2.217618e-05
2.1178768e-05
4.445159e-06
2.6746018e-05
-3.3309916e-06
4.575115e-06
8.759942e-05
-0.00013243801
-3.1812153e-05
-2.217218e-06
1.9631192e-05
0.00011947146
-0.00010806941
-3.0780742e-05
4.4087836e-05
2.2243075e-05
0.00012392097
-0.00018578197
8.350336e-05
2.3864297e-05
5.9616465e-05
-5.6406876e-05
3.2235323e-05
-0.00015431731
1.0336913e-05
2.4248751e-05
-1.7292659e-06
6.72142e-05
-8.680452e-05
-5.700388e-06
-5.8241712e-06
1.8586215e-06
-5.1225325e-06
0.00016076493
-0.00012465779
-2.7832582e-05
-8.0810065e-07
0.75980663
-1.1459619e-05
1.4803387e-05
-3.350593e-06
0.0003285701
1.672232
-9.3998984e-05
5.4793927e-06
1.5122139e-05
-1.49057305e-05
2.1190353e-06
7.498311e-05
-3.5083758e-05
0.43167257
0.19108981
2.823708e-05
-1.1410463e-05
4.250784e-05
9.488309e-06
-4.5955563e-05
-1.2628692e-05
4.2520176e-05
-3.168389e-05
5.405306e-06
-1.1824886e-05
3.848396e-05
0.0011948475
-0.0012252486
-2.2087035e-05
0.056177117
-7.012087e-06
0.8194852
-2.9913626e-05
0.00064322574
0.50963914
-8.051535e-05
0.6676592
-5.274429e-05
0.00012432842
-0.0005324005
-0.00060819666
1.8379018e-05
4.3881264e-06
-1.6914455e-05
3.385886e-05
-4.3098145e-05
-2.8016702e-06
4.0866635e-06
0.49103498
0.91910255
0.7212896
0.72676706
-0.001132746
6.6126813e-07
-5.1887764e-07
2.3503162e-07
3.629175e-07
-1.0403892e-07
1.1017873e-06
1.6034155e-06
0.12813395
0.00018055571
-0.00017863724
0.4530504
-1.3196697e-08
0.66837394
-5.6956087e-06
0.00012568686
0.00010063119
-0.00019874572
0.00016671835
-0.000105210696
-7.11474e-05
0.00017575307
2.2074855e-05
-0.00019764321
3.403843e-05
0.00019093952
-0.0001513981
-2.892821e-05
9.872019e-05
-0.00014115678
0.0001597616
6.0504535e-06
-0.00010002116
6.811526e-06
-8.3098625e-05
-7.4890704e-06
6.740468e-05
-4.6753335e-05
0.00014388928
-0.00012343311
0.00010892426
5.7378344e-05
-9.9827594e-05
-9.6336524e-05
-1.8380088e-06
2.0487205e-06
-2.1454169e-05
2.1709042e-05
1.6916165e-06
-4.4912904e-06
2.5100599e-07
-2.8651048e-06
6.0266466e-06
-1.0411604e-06
9.91633e-07
-6.37182e-06
6.8602967e-06
-7.953024e-06
6.6790817e-06
-3.1830838e-05
3.0216208e-05
-8.571282e-06
-2.39258e-05
1.1476193e-05
2.2854685e-05
-2.9637726e-05
-1.592256e-06
1.4395046e-06
1.0080636e-05
1.6494902e-05
-3.9077713e-07
1.4986435e-06
-5.446316e-06
4.253001e-06
-3.2489042e-06
6.0711463e-06
-8.6375803e-07
-6.527818e-06
5.423615e-06
-5.328664e-06
2.6581256e-06
2.8325449e-06
-5.5416895e-06
2.8780778e-06
3.368972e-06
-5.760492e-06
-7.543713e-08
7.035531e-06
-2.9130606e-06
-4.0120212e-06
8.8339e-06
-3.5000521e-06
-3.7733698e-06
3.3074466e-06
-5.489943e-06
1.0523945e-06
4.413945e-06
-4.064117e-06
-6.7416113e-07
9.123993e-06
-4.331934e-06
-5.1430543e-06
6.1939936e-06
4.049565e-06
-7.0412425e-06
6.3680054e-06
-1.5709084e-06
-1.3683748e-06
-5.6285353e-07
-1.908229e-06
-2.5853224e-06
1.0859221e-06
-2.4141918e-06
5.085836e-06
2.7203932e-06
-8.128341e-06
4.407426e-06
-1.3780664e-07
-4.0855084e-06
9.4377465e-06
-8.353891e-06
7.689028e-06
1.3342069e-06
-3.2118523e-06
-1.2437813e-06
1.2344608e-06
3.3443212e-06
-2.7092701e-06
-3.9002916e-06
4.630594e-06
-4.9147056e-06
6.031012e-06
4.3874024e-07
-6.2793806e-06
3.8297294e-06
-5.090551e-06
4.738351e-06
2.3600587e-06
-8.228395e-06
1.028151e-06
4.013913e-06
1.808512e-06
-1.3240788e-06
1.3794051e-06
-1.377899e-06
1.7055427e-06
-1.7072744e-06
2.0277803e-06
-7.491908e-06
5.3755066e-06
-6.5486383e-06
9.556126e-06
-1.0311051e-06
-1.3477984e-06
-1.9230356e-07
-3.4181649e-06
6.0889142e-06
-1.9319486e-06
-1.4308571e-06
-1.5776022e-06
3.6575875e-06
-1.4169564e-06
-1.3160316e-06
-6.6300156e-05
7.054047e-05
-7.0688166e-06
4.4195476e-06
2.7161004e-06
-1.0440608e-05
9.827636e-06
-1.1140655e-06
-1.5266123e-06
1.0665317e-06
-2.4053006e-06
-1.2667442e-06
3.5652338e-06
-2.7611444e-05
2.6299938e-05
3.5592893e-06
0.573705
-2.4183437e-05
-2.9969006
0.5688142
