0.076240554
0.42300305
0.76794976
0.3895706
0.6041263
0.67100424
0.47670737
0.47809416
0.28081718
0.28300136
0.31161106
0.8889931
0.040847473
0.30071622
0.96507585
0.8860611
0.8921559
0.8802561
0.9416091
0.19905417
0.13210244
0.6400621
0.4011082
0.68167365
0.012664518
0.33828107
0.7620148
0.3160651
0.2883536
0.4125526
0.30908954
0.81838936
0.24344449
0.12054835
0.9582838
0.9573317
0.7383128
0.7064494
0.44655177
0.97290695
0.21947724
0.66690505
0.38438618
0.29210556
0.64613396
0.37489107
0.34229144
0.27510294
0.932381
0.50521296
0.49909416
0.85412306
0.2783795
0.46765438
0.5132873
0.27999255
0.90674746
0.44289082
0.33745277
0.7282738
0.96900856
0.86249316
0.5460555
0.4750832
0.63622564
0.13161997
0.05869065
0.74708855
0.7257072
0.42439622
0.41653955
0.13900131
0.19721082
0.8190341
0.6460689
0.8153091
0.51399726
0.70510536
0.46832493
0.45865065
0.33843648
0.8824584
0.80161077
0.73992604
0.060845982
0.86203563
0.1589792
0.16581492
0.93038183
0.9398198
0.54643965
0.44217226
0.6070218
0.014611
0.21315597
0.7441399
0.9944807
0.24451983
0.7099861
0.08932362
0.89260316
0.791405
0.8323759
0.26134017
0.8604507
0.16089234
0.18707101
0.52180064
0.21846735
0.17696899
0.31010726
0.99171513
0.1091516
0.19719264
0.59695274
0.122089855
0.8432925
0.9714099
0.3935147
0.5879871
0.702187
0.13505284
0.6794842
0.9935282
0.27760145
0.33353248
0.9968923
0.3524352
0.5518923
0.6477281
0.95102316
0.45195994
0.93929654
0.5967483
0.48711622
0.6248769
0.26027653
0.3279795
0.006839345
0.5983538
0.464713
0.6516041
0.108029805
0.7773563
0.103194445
0.8184789
0.021384817
0.17657088
0.9867163
0.9496819
0.12470247
0.055200513
0.91314185
0.50661623
0.69469
0.21948868
0.74888587
0.94586676
0.17573227
0.6516366
0.31424704
0.09161171
0.60457426
0.79487866
0.15651715
0.9465887
0.00059435057
0.38580254
0.75819874
0.9304926
0.88002294
0.09464873
0.8190363
0.7475804
0.8883091
0.4490372
0.1666674
0.66389
0.7894497
0.6805583
0.62557405
0.59817475
0.62952703
0.63540447
0.27507418
0.46789193
0.74559313
0.30475006
0.18687856
0.23844105
0.9774991
0.8697754
0.13433143
0.500459
0.8997039
0.28190973
0.0930389
0.12780063
0.41144085
0.64433736
0.3031534
0.3476261
0.051519632
0.8901836
0.42163584
0.8059354
0.14311445
0.9372249
0.14430867
0.7605687
0.93122506
0.6252342
0.085193485
0.882815
0.31646165
0.06228835
0.5866553
0.79755175
0.49785542
0.88917035
0.88836986
0.21159999
0.5222933
0.55670226
0.06324762
0.38813856
0.6161742
0.21137458
0.94459486
0.4461042
0.70858264
0.29962048
0.3653158
0.60359347
0.28831413
0.19920494
0.411167
0.11750402
0.04154429
0.09612586
0.81613195
0.7652042
0.53354317
0.3757398
0.6119106
0.22256203
0.8319874
0.028659886
0.0033857068
0.8816897
0.21847844
0.049698174
0.8216068
0.94436574
0.91811424
0.99564904
0.9977873
0.84704983
0.1679035
0.9225406
0.059034135
0.73321784
0.7513281
0.24015485
0.3747814
0.36167696
0.8452204
0.6906302
0.087822326
0.042391945
0.3062895
0.43090636
0.99352455
0.1183688
0.64457667
0.94860995
0.46408212
0.49392894
0.15511118
0.14001349
0.20787586
0.2581501
0.6605797
0.074196056
0.40324157
0.11209142
0.53302914
0.6865325
0.99800974
0.44828632
0.46747345
0.119453005
0.41753653
0.12445555
0.7562159
0.018484052
0.027849216
0.9692532
0.5631051
0.6202335
0.93959856
0.68313056
0.6466509
0.26093024
0.9941703
0.21331161
0.6205736
0.82691664
0.62914765
0.51329976
0.61640096
0.936326
0.3729969
0.56943315
0.5007944
0.71984017
0.33643574
0.76443076
0.060037315
0.3391283
0.81901956
0.84415674
0.56829494
0.59067225
0.94650286
0.19831829
0.2883108
0.41155037
0.674968
0.23529588
0.3834087
0.5616547
0.5390362
0.27986756
0.28048334
0.24647643
0.3844434
0.1498004
0.64039963
0.24943912
0.95200783
0.6460865
0.12828724
0.028102001
0.06756815
0.66426724
0.46376845
0.59150076
0.8763508
0.47086632
0.41946092
0.66509384
0.08290055
0.6645032
0.56218046
0.1766484
0.6165999
0.12532617
0.26517498
0.24563715
0.57687664
0.7085654
0.0114550395
0.43957624
0.9516263
0.25833988
0.65740424
0.2645552
0.8181113
0.7194808
0.65765077
0.55048954
0.18494523
0.077945255
0.24538615
0.21643871
0.2295887
0.10647309
0.3666595
0.39253372
0.91711783
0.38634795
0.13297622
0.3780444
0.14507996
0.24003743
0.8242017
0.17695881
0.6471607
0.36856914
0.3538414
0.6827141
0.36595744
0.57944995
0.39799422
0.3981239
0.74252135
0.4788402
0.028844252
0.07766696
0.7526287
0.3590204
0.2865942
0.122080415
0.30878142
0.8015158
0.9149499
0.07704879
0.49551898
0.16874865
0.7361188
0.7327034
0.9081795
0.18188211
0.4114666
0.01626766
0.23124632
0.55500174
0.46920943
0.9703154
0.12563215
0.97360164
0.45597726
0.83034575
0.9808969
0.6454669
0.060758106
0.9688545
0.867784
0.6241676
0.3738258
0.5380307
0.7104812
0.072937235
0.34453848
0.54169863
0.4514962
0.016452638
0.26402298
0.16686818
0.8695479
0.84248096
0.19797294
0.30480036
0.28760356
0.817269
0.5490333
0.67159855
0.44076884
0.36605865
0.6018423
0.8865683
0.6560388
0.7845318
0.7253418
0.5173968
0.5888473
0.7964125
0.18377948
0.44239107
0.63342214
0.83041525
0.48827648
0.6308817
0.012793976
0.51043254
0.33561197
0.28482437
0.558263
0.37517568
0.49897563
0.68133914
0.18088411
0.13808818
0.7447059
0.73021895
0.92312866
0.8881009
0.7492882
0.5118546
0.95697534
0.6968372
0.6697406
0.790848
0.9822079
0.32973617
0.29687864
0.36058494
0.024631321
0.4801747
0.9783346
0.713705
0.45449105
0.8811729
0.41385978
0.8278582
0.36790514
0.65723604
0.58234364
0.8699696
0.62060153
0.7096226
0.23920953
0.42715913
0.63568664
0.07308887
0.8189868
0.73545474
0.9725996
0.92582655
0.23992468
0.60534126
0.050517358
0.21489607
0.5313765
0.9216144
0.9332233
0.268391
0.24700204
0.026358413
0.8453235
0.22002009
0.27178755
0.7996645
0.23616432
0.5580354
0.19864346
0.8980572
0.6846075
0.24905817
0.20887382
0.99041235
0.8007252
0.66360235
0.25543076
0.7302368
0.50033695
0.4863762
0.5479638
0.6768563
0.27168894
0.90957236
0.13904044
0.3404335
0.6917377
0.5600004
0.3909389
0.18078718
0.68247813
0.24953812
0.63512236
0.22525801
0.9380758
0.46475953
0.93188053
0.65093327
0.37724495
0.5416436
0.89039236
0.7850392
0.28157622
0.44810277
0.1500622
0.035213098
0.2021045
0.38427582
0.19895402
0.8633345
0.5060036
0.023107454
0.8284628
0.6577114
0.87129724
0.72471964
0.062409196
0.49560672
0.17276719
0.32782716
0.59758234
0.37626174
0.95901304
0.97852486
0.29108074
0.8316312
0.32483354
0.9234215
0.50709563
0.99856895
0.9495264
0.34680542
0.84078866
0.8673947
0.25570735
0.88159734
0.12236054
0.71119
0.00943884
0.15693471
0.035223417
0.27255124
0.6262635
0.5222156
0.7477161
0.33460364
0.06612215
0.18181324
0.713686
0.1408279
0.8893083
0.07182665
0.23468766
0.6387607
0.57842344
0.8547865
0.46339998
0.30151924
0.28454226
0.9255408
0.7079124
0.13879415
0.622624
0.26742333
0.27881312
0.59056145
0.05634229
0.24247876
0.51362157
0.06415064
0.6465886
0.75760764
0.91143477
0.041548796
0.58369213
0.40854844
0.47445965
0.0946998
0.08065726
0.6311386
0.72520626
0.67437583
0.7968172
0.8920004
0.92886955
0.98682034
0.8430216
0.26072487
0.6540504
0.58172095
0.34246287
0.9829917
0.7122333
0.97202677
0.5578885
0.97317755
0.26934233
0.9577261
0.61546975
0.7349495
0.13703418
0.25034568
0.101591714
0.95194334
0.16306925
0.26721036
0.1997375
0.4010677
0.32423887
0.593933
0.7180007
0.016129
0.7877024
0.1538597
0.7596734
0.85963994
0.60059404
0.78284764
0.025859877
0.5413347
0.7301459
0.7026491
0.54171395
0.2568291
0.7341579
0.14379714
0.71038723
0.16902134
0.980026
0.24710059
0.78405994
0.35335428
0.7419072
0.6094435
0.07214069
0.4516021
0.90194625
0.5186472
0.63009524
0.4676893
0.62425125
0.6331559
0.8427831
0.02849497
0.1687896
0.5206165
0.8602662
0.788838
0.54658574
0.82612944
0.4768951
0.5111257
0.25126067
0.36636347
0.36044833
0.21987487
0.8214261
0.8204139
0.92504096
0.75513357
0.47241333
0.3888981
0.5626624
0.3717965
0.26276138
0.67561454
0.12937999
0.64208657
0.61947757
0.62350416
0.0761449
0.68620783
0.40246883
0.9599686
0.34405595
0.44546345
0.7804419
0.2942374
0.28856686
0.60698134
0.06952042
0.86084074
0.7645702
0.1432786
0.96707475
0.8194205
0.54001004
0.5082866
0.4182443
0.9942503
0.24149658
0.7834816
0.22896437
0.03806679
0.6203022
0.096543826
0.9393683
0.39604554
0.5386732
0.4931284
0.49666873
0.3307028
0.52859527
0.44882184
0.7619053
0.3399375
0.036980685
0.53330827
0.4985762
0.5940503
0.16207033
0.37327826
0.010666259
0.09052021
0.24277577
0.28281343
0.15647438
0.8953104
0.6167982
0.16111414
0.3738451
0.22970879
0.20770492
0.14811648
0.2242936
0.9995503
0.114752635
0.023828965
0.3224144
0.8319381
0.1835156
0.7055996
0.93742317
0.6991601
0.37238404
0.16470324
0.83869225
0.963928
0.11432445
0.19840334
0.48646542
0.30412093
0.9832002
0.5336179
0.09326703
0.6240878
0.58301765
0.1567752
0.38692495
0.4785081
0.906569
0.08316571
0.9058613
0.84921145
0.5138554
0.5578746
0.5431761
0.5918627
0.96873474
0.50001204
0.07566291
0.97658014
0.1384094
0.45923617
0.7400831
0.2821055
0.9996777
0.8968739
0.22960906
0.9720923
0.09155259
0.936891
0.6950729
0.9598859
0.4790944
0.80955386
0.517406
0.63143516
0.7600986
0.8400648
0.82767904
0.023718782
0.14896369
0.62177664
0.33391428
0.37073997
0.069687106
0.580836
0.07150374
0.8949843
0.4968841
0.90759826
0.6006147
0.8990624
0.5421454
0.6398358
0.0501413
0.533117
0.48441532
0.38195214
0.685796
0.39539152
0.51966745
0.6530753
0.5999933
0.48819706
0.85211676
0.6232888
0.9344324
0.2031486
0.44052374
0.7888183
0.64155686
0.55767405
0.72154564
0.18566793
0.99098444
0.994463
0.434896
0.27162135
0.38671705
0.120266646
0.53666186
0.38429967
0.09490714
0.58142483
0.17659149
0.3793748
0.611746
0.1282085
0.14451015
0.98907536
0.29611453
0.43337423
0.8750748
0.94643104
0.43820503
0.45098877
0.14127372
0.100408494
0.9613373
0.6155351
0.7246411
0.8508736
0.79283583
0.8464847
0.19500837
0.85931635
0.74542975
0.9415006
0.27387008
0.70128506
0.64393187
0.1450765
0.46840778
0.85478795
0.7517405
0.8362439
0.7254113
0.05566918
0.4063965
0.08282967
0.5141707
0.7909179
0.37653837
0.10312257
0.49103346
0.15443341
0.66280156
0.19622652
0.76001596
0.79832196
0.20031479
0.3967893
0.32542503
0.23654473
0.8985205
0.19544163
0.03331874
0.3754664
0.61668855
0.18873806
0.51887465
0.5049098
0.84251714
0.21628198
0.88512117
0.5788553
0.2647867
0.14770924
0.6421548
0.4177457
0.61980605
0.45577514
0.47893882
0.3855195
0.44929475
0.52376205
0.0716001
0.42516428
0.23159231
0.18783817
0.8097812
0.6608748
0.47714594
0.18940216
0.34042934
0.29443365
0.6550621
0.4840642
0.46480453
0.28757092
0.839564
0.6154547
0.7516281
0.6016699
0.038356323
0.2470172
0.77518106
0.71798074
0.4826319
0.46373662
0.9235565
0.7606323
0.8954633
0.59061694
0.15978025
0.27907255
0.46865734
0.281728
0.49244738
0.75286865
0.48904154
0.2449103
0.89562637
0.73706764
0.7759982
0.8788603
0.66179055
0.6796157
0.69850343
0.8302418
0.7326392
0.5754901
0.9285355
0.32581085
0.23494971
0.6399196
0.6693603
0.51995796
0.3034011
0.5596518
0.9518944
0.8587202
0.54369706
0.9406247
0.53039443
0.7090127
0.67186874
0.7727938
0.93682325
0.5338252
0.8751839
0.34437472
0.76524436
0.2503904
0.28414375
0.90740687
0.99894357
0.63695276
0.8312874
0.88409775
0.8576153
0.8522783
0.64313626
0.21184629
0.78019154
0.13601421
0.28437304
0.35711816
0.5377715
0.6489207
0.98319197
0.16925669
0.74467313
0.8509807
0.1555637
0.96198153
0.76070887
0.9965967
0.09336501
0.7711245
0.7857289
0.6593168
0.53176147
0.6137707
0.23924549
0.5967792
0.95366096
0.47327518
0.9682606
0.16207823
0.6969099
0.96878713
0.21940544
0.86200684
0.94993347
0.43475324
0.45358974
0.15956719
0.92192745
0.040624898
0.06908718
0.4473043
0.9378884
0.6199488
0.03346797
0.22815074
0.5923464
0.6825691
0.9828711
0.82792187
0.7609773
0.6457997
0.39403707
0.21248749
0.07618765
0.9588505
0.061347563
0.9605091
0.5133685
0.06992333
0.42122543
0.5876667
0.6101867
0.06157909
0.78912234
0.41269273
0.5117737
0.64325804
0.5661449
0.91123575
0.17230648
0.95488256
0.19096278
0.14550193
0.11973669
0.6394023
0.040630523
0.0158383
0.9684211
0.2882847
0.056654684
0.7924421
0.74459743
0.18828288
0.07884612
0.24637061
0.09634885
0.6791872
0.64552045
0.78312683
0.34302697
0.051032167
0.44116518
0.294799
0.5973092
0.65160096
0.79885036
0.20508787
0.4576698
0.5472987
0.83981097
0.032810327
0.5974052
0.61195767
0.8598064
0.68929785
0.74682164
0.5097496
0.523196
0.08286197
0.18163328
0.697906
0.41851738
0.45335984
0.33264315
0.5106976
0.91751486
0.5823241
0.4614318
0.48306444
0.6944738
0.22775696
0.37596372
0.7289879
0.904341
0.25577343
0.17198366
0.284136
0.6499326
0.9973892
0.7810022
0.80263746
0.9733665
0.2777492
0.34153622
0.020907704
0.104077525
0.43646216
0.09289481
0.5916147
0.5812254
0.24060856
0.028634263
0.7392751
0.58564943
0.20978576
0.6278813
0.17421801
0.102761164
0.33442283
0.8919645
0.005658667
0.033797406
0.70846325
0.8276304
0.3587935
0.24763677
0.6863442
0.56418097
0.24297138
0.13411312
0.3834378
0.5701632
0.07075262
0.29324862
0.12770426
0.82935834
0.118993334
0.17562936
0.28117388
0.4350923
0.28448412
0.9151547
0.14504768
0.42250493
0.600757
0.9987405
0.4549944
0.7588923
0.9355868
0.31468388
0.6156867
0.23635118
0.7447279
0.79196316
0.9053789
0.6413129
0.52496535
0.98736066
0.6029082
0.14287862
0.963483
0.624612
0.7273238
0.7465316
0.49256882
0.7458547
0.3934253
0.45430598
0.5764895
0.16673048
0.39085817
0.7131546
0.8609771
0.63437414
0.34690213
0.9072819
0.12834914
0.2244749
0.97367144
0.75917125
0.40132362
0.010095788
0.15707287
0.66128814
0.6625246
0.2811151
0.10390413
0.5044366
0.19109865
0.6095268
0.9016646
0.8716121
0.23113002
0.7598824
0.531709
0.8854607
0.5360547
0.2839255
0.95816404
0.86695766
0.88105994
0.546728
0.28179437
0.8233137
0.8065069
0.8935775
0.9838813
0.6306066
0.521646
0.64267313
0.78139913
0.70841444
0.31139126
0.022041198
0.84808135
0.36884758
0.60067606
0.56699413
0.6516246
0.60393006
0.91075325
0.3310173
0.210087
0.736101
0.76720893
0.17077062
0.8279157
0.13824636
0.4426869
0.41812718
0.48782843
0.36100996
0.2868166
0.8915901
0.23935674
0.98547053
0.61794096
0.005053479
0.4894897
0.13440579
0.21810782
0.7889916
0.12248689
0.5336031
0.28826827
0.5015119
0.6730462
0.008410925
0.9890368
0.7204023
0.14769444
0.665203
0.71326023
0.21004273
0.091455415
0.8092996
0.16814943
0.51981103
0.315909
0.5654313
0.009554213
0.2928736
0.105865486
0.19251531
0.5392325
0.8717982
0.78259206
0.84439826
0.69067055
0.08481633
0.60820574
0.4197995
0.08866805
0.871467
0.1275916
0.8818596
0.8840849
0.5447438
0.57171464
0.61328876
0.52524436
0.50032324
0.47325823
0.007888927
0.97358006
0.4765708
0.14218685
0.63123965
0.3324232
0.07099222
0.93624926
0.57517755
0.16296041
0.1478244
0.32675567
0.46809077
0.37779513
0.027799182
0.24770837
0.44752473
0.55660415
0.03810356
0.8377245
0.0025466233
0.043262966
0.47809714
0.07132746
0.3814356
0.8305941
0.7810944
0.23166849
0.882635
0.4139509
0.22386439
0.9655118
0.21935442
0.69412374
0.20913327
0.5628862
0.25142944
0.2222729
0.3532518
0.09218983
0.23408562
0.8994779
0.10400063
0.8017144
0.67652667
0.10436013
0.43117344
0.9957774
0.10080598
0.26636535
0.5960937
0.58828557
0.91224396
0.30966505
0.7910831
0.0009287548
0.94991773
0.18754777
0.5574608
0.39943695
0.009662134
0.8887815
0.2129524
0.2743054
0.09163943
0.08724662
0.036270875
0.13444202
0.2602422
0.7445081
0.45342192
0.7052668
0.43627363
0.026261128
0.31971467
0.440286
0.7808889
0.16907078
0.21119705
0.8288348
0.3455447
0.98709786
0.84642756
0.7833815
0.20048426
0.41058764
0.5730799
0.13499032
0.78970295
0.8877468
0.24231957
0.80939984
0.55532414
0.1406629
0.1867868
0.84754014
0.46327904
0.19161737
0.21808328
0.9742956
0.9092793
0.21395263
0.14705329
0.7372121
0.18460256
0.7362053
0.8909218
0.35135484
0.69822735
0.08435807
0.7817032
0.8772918
0.21315472
0.98362535
0.4234081
0.6622229
0.9752958
0.4629573
0.4084255
0.2524597
0.37886587
0.3174649
0.07555866
0.37623566
0.46885696
0.6454483
0.8555781
0.88156193
0.9772481
0.22613324
0.07993051
0.30591404
0.61917794
0.9806999
0.7379262
0.7720874
0.25255057
0.018032461
0.41122285
0.6752645
0.37015432
0.81017506
0.06442817
0.6911046
0.4653623
0.5008031
0.8476287
0.9338103
0.37145966
0.27421352
0.65717065
0.29892832
0.48994547
0.8624035
0.21634978
0.87092566
0.67751855
0.15560596
0.037571594
0.26105854
0.57638085
0.84285706
0.42093614
0.951457
0.5350169
0.09730656
0.24777673
0.20144053
0.22128291
0.15201218
0.67568946
0.7807471
0.32535493
0.17261828
0.08546682
0.33953586
0.5314132
0.7559628
0.8600845
0.9843612
0.63343126
0.6038667
0.6774334
0.4056381
0.41170773
0.39397413
0.29075283
0.71641076
0.061853793
0.074067555
0.40292808
0.26489285
0.15437569
0.6831515
0.27198905
0.2273509
0.7256726
0.8634999
0.45719206
0.16170564
0.32949334
0.68436784
0.6646667
0.8816728
0.7712173
0.010499513
0.5214021
0.2519824
0.79794717
0.682892
0.7704319
0.16167234
0.7503136
0.13200533
0.5711061
0.41540584
0.33548367
0.6407242
0.44725093
0.74406374
0.1754797
0.9316224
0.061387867
0.8419715
0.75574553
0.28061813
0.09609111
0.33788395
0.9342654
0.84787834
0.42112213
0.44496396
0.78798443
0.89976203
0.8978053
0.0390647
0.492224
0.8774927
0.7116811
0.013086427
0.99157435
0.56804544
0.880075
0.701539
0.5781632
0.076343104
0.112770185
0.030519487
0.95085746
0.55676377
0.45805788
0.027468666
0.23823105
0.20732608
0.28744996
0.87785864
0.5532834
0.9665018
0.89050007
0.4213306
0.805816
0.71330893
0.62926364
0.05655919
0.7536716
0.28742355
0.04935227
0.6005731
0.7656814
0.6206756
0.9883304
0.16958721
0.3754863
0.56867135
0.734741
0.8293345
0.5520124
0.79269564
0.94126207
0.3500507
0.42635164
0.6673294
0.6279028
0.985968
0.5519964
0.74144566
0.29230213
0.02828277
0.5176689
0.82739925
0.022334486
0.100693844
0.8839199
0.63130325
0.33104312
0.025918808
0.8485521
0.3557289
0.74413913
0.7545063
0.20047325
0.5479499
0.3245811
0.5137889
0.6184674
0.44059584
0.9490704
0.09514757
0.16021453
0.18374446
0.21083012
0.06311833
0.76995087
0.49534354
0.6828137
0.08581898
0.43442845
0.27778098
0.38607097
0.9517549
0.7936599
0.73693156
0.29177386
0.8794677
0.7385211
0.27489698
0.9174275
0.4451643
0.50306207
0.41051447
0.1472656
0.21182996
0.575763
0.46439835
0.71794415
0.51417696
0.09711964
0.42729396
0.5330704
0.550267
0.6839573
0.7297999
0.84128946
0.4464141
0.7490502
0.9169147
0.27231523
0.68535197
0.7671482
0.09355519
0.37106493
0.7773764
0.9656787
0.8746603
0.5620856
0.7310557
0.48190677
0.13499075
0.23414743
0.95450133
0.13336216
0.199287
0.49333954
0.4163076
0.017647317
0.5794697
0.2452162
0.3481555
0.6247282
0.13391498
0.8223265
0.22243881
0.53923535
0.2909718
0.810858
0.5186188
0.5864795
0.2909892
0.60297567
0.7873982
0.5909298
0.7900838
0.9986474
0.4862542
0.8738981
0.18354702
0.070100546
0.16624919
0.065099105
0.28539765
0.44232234
0.5292418
0.7314296
0.83573866
0.44728473
0.051302955
0.5135491
0.3240464
0.5717044
0.87805
0.63038313
0.9451982
0.0016891069
0.8584516
0.40735117
0.40280545
0.32758114
0.077073164
0.08651744
0.16869767
0.93785536
0.35668245
0.4971678
0.19413047
0.82614285
0.31385896
0.20930345
0.6659197
0.50190645
0.59929144
0.5782653
0.09381732
0.6827404
0.7480847
0.374205
0.544528
0.801971
0.85770446
0.6965548
0.43696415
0.46104786
0.03387538
0.66747314
0.6489896
0.2590313
0.8564431
0.87286854
0.70120066
0.6615081
0.41064614
0.85736215
0.22832938
0.6549501
0.31939545
0.41880184
0.6738674
0.9947934
0.63808006
0.13099559
0.52107877
0.327582
0.92498255
0.3099175
0.72593796
0.60496235
0.28078115
0.5700248
0.4726571
0.45477378
0.4132997
0.91524786
0.3634423
0.3583375
0.5612701
0.0649813
0.20515601
0.69487906
0.8271955
0.93030035
0.22043204
0.25597563
0.98582566
0.44742972
0.8103782
0.8611947
0.56713533
0.42434564
0.28184173
0.7756056
0.43038422
0.03924431
0.51024354
0.91002107
0.24058986
0.44977343
0.62751466
0.47902274
0.71617967
0.8099943
0.9057076
0.8012608
0.71152467
0.2615677
0.4219405
0.24289283
0.549422
0.0004873966
0.4067033
0.2189502
0.90256983
0.16052991
0.15716386
0.24909617
0.446716
0.56699204
0.07234168
0.885054
0.33447906
0.40801746
0.5336389
0.9639268
0.38255775
0.5788774
0.119835146
0.87637764
0.1015776
0.4202281
0.6293989
0.028532224
0.83697915
0.6161934
0.707926
0.2635569
0.36964548
0.8909023
0.22343121
0.99928784
0.63083637
0.38531744
0.013947079
0.77957755
0.48853973
0.5372051
0.0004432174
0.043896765
0.049724072
0.41576785
0.88422877
0.89157456
0.54365087
0.876154
0.14431049
0.65133256
0.14114468
0.52293175
0.25309914
0.9726887
0.24154599
0.038617086
0.8855684
0.8602327
0.64714885
0.7180186
0.09329835
0.96855587
0.42184404
0.121900074
0.0066000656
0.3877106
0.5138689
0.08964326
0.02786906
0.7922059
0.5204376
0.44135067
0.0654005
0.85203594
0.28243068
0.94722414
0.38149387
0.553326
0.05050093
0.7376829
0.31846473
0.5077467
0.95155686
0.6134533
0.23920584
0.6198648
0.5349564
0.2798646
0.6560216
0.88473815
0.06447104
0.58944714
0.5006787
0.11472556
0.6784934
0.43126062
0.7032191
0.28483132
0.020452624
0.654336
0.14160734
0.59062076
0.29266486
0.6482819
0.39600834
0.6529559
0.028610067
0.3500318
0.66628003
0.05419665
0.9535175
0.12301053
0.2521505
0.52789706
0.4059691
0.25505796
0.95739716
0.68153775
0.38859364
0.764732
0.23880558
0.75701976
0.95067686
0.63393396
0.9165251
0.9606944
0.16648541
0.14097333
0.26873106
0.8660132
0.292984
0.53454417
0.022635268
0.8013519
0.2900391
0.14099593
0.62514067
0.19796409
0.18429977
0.8083955
0.52995056
0.21412748
0.97678137
0.30006477
0.9132985
0.89860964
0.85185987
0.96862185
0.56329507
0.4968084
0.6482724
0.10043757
0.12557547
0.7166533
0.4209398
0.911269
0.108086914
0.14554547
0.6098608
0.2036269
0.24998604
0.7971146
0.21195424
0.16280583
0.7888171
0.47172716
0.99880457
0.073687375
0.3823678
0.16190803
0.81732243
0.5794484
0.70434153
0.9257912
0.05616167
0.2903266
0.94322765
0.7575847
0.6570464
0.54454273
0.4573687
0.39539987
0.008062147
0.64555585
0.13945323
0.109602906
0.3783246
0.032245044
0.48071763
0.41321567
0.18492694
0.70622987
0.44526762
0.7389872
0.90681267
0.1657315
0.31409234
0.7323549
0.97099644
0.11935139
0.2954125
0.4389294
0.73085433
0.85353863
0.60546654
0.83829856
0.8651771
0.9063405
0.16412187
0.4944652
0.10645311
0.30740756
0.7744299
0.4446462
0.46849224
0.06136923
0.7594785
0.3949007
0.962591
0.8808369
0.14275143
0.34263363
0.30995566
0.88786966
0.0032704726
0.22497192
0.9024276
0.44648638
0.055609867
0.50488925
0.60145515
0.21806072
0.8607204
0.70241064
0.7241795
0.37024733
0.8965337
0.36677378
0.28624022
0.46827978
0.94953173
0.24140158
0.76408666
0.7621635
0.8673955
0.78977066
0.6659914
0.4576737
0.7086898
0.78730905
0.9515374
0.6674309
0.17506942
0.64639485
0.85062957
0.4453892
0.06667164
0.35142216
0.14034592
0.355101
0.31804186
0.26804516
0.09143767
0.90808386
0.10873755
0.32773355
0.011160198
0.82609266
0.76802623
0.0756797
0.053718865
0.5848647
0.1264082
0.5491963
0.19118446
0.95101726
0.5648824
0.7161169
0.45453057
0.9301263
0.18681526
0.4508913
0.5971473
0.9047587
0.89985275
0.9907025
0.3535127
0.5222192
0.2050235
0.5162875
0.67658687
0.5139417
0.876444
0.9073309
0.76071304
0.03555931
0.67558
0.70232093
0.4172841
0.46292946
0.32505852
0.5583117
0.8745652
0.53585595
0.5601669
0.60323304
0.81952477
0.04468159
0.56666464
0.62108153
0.7358244
0.11414343
0.9329184
0.2766939
0.98833746
0.6238255
0.7021067
0.97023314
0.24152131
0.84997404
0.6743435
0.6915233
0.671156
0.9966194
0.5761046
0.51567376
0.27294677
0.85643566
0.16396247
0.28996235
0.6621542
0.28476307
0.504707
0.2550231
0.27162895
0.09614763
0.59607047
0.1838111
0.53512424
0.23998226
0.6363493
0.61093897
0.91300076
0.5995468
0.09657268
0.5598698
0.0021292816
0.9856244
0.22227058
0.72589856
0.96579623
0.8155991
0.1311527
0.45020816
0.9201094
0.20614079
0.48463795
0.85912067
0.6690557
0.9935745
0.6456226
0.33313543
0.56054986
0.39771232
0.47222498
0.42634755
0.4063868
0.35997292
0.8104821
0.70794255
0.13124387
0.08136001
0.24960478
0.9850562
0.2586687
0.7508355
0.47722906
0.86333776
0.41172916
0.68388
0.9482887
0.6846474
0.12946238
0.3799671
0.014655802
0.68275607
0.5525995
0.18276918
0.4345573
0.62824774
0.0834892
0.58064085
0.28219342
0.6340034
0.6040717
0.74298257
0.051174402
0.95483565
0.8803219
0.072925426
0.18110417
0.19238797
0.65826476
0.988447
0.71156967
0.48673028
0.42243814
0.2936287
0.6495234
0.21771124
0.07469637
0.9089587
0.042883765
0.89613503
0.8289594
0.7787321
0.20490809
0.99735063
0.32337907
0.79059917
0.49125376
0.20307821
0.03985231
0.37889227
0.16785245
0.06145807
0.76199895
0.42939216
0.78364813
0.39281064
0.096031025
0.1362338
0.8270816
0.61668134
0.854546
0.16822585
0.28009814
0.78862184
0.092761286
0.3376976
0.66986895
0.5210655
0.65487605
0.26405573
0.29966375
0.12488391
0.4266022
0.8994448
0.55260116
0.9199402
0.1534738
0.75203335
0.2154143
0.5538876
0.38467032
0.37202114
0.059721697
0.11589567
0.81768966
0.22949609
0.2900016
0.25592032
0.24242415
0.48589954
0.06795386
0.32853705
0.20609692
0.025461473
0.38516983
0.816368
0.30852336
0.69289684
0.317199
0.07217487
0.24074532
0.13898739
0.34773853
0.5394465
0.60640216
0.3266803
0.6887434
0.9366435
0.23893256
0.006749438
0.55405915
0.30235627
0.89748895
0.8845349
0.39901116
0.6045662
0.79028225
0.53143066
0.70055443
0.11654256
0.43924046
0.23540077
0.42902985
0.038251888
0.09070338
0.20217189
0.7249773
0.0752986
0.6428726
0.21332622
0.19316547
0.11545966
0.56257826
0.85865843
0.7066816
0.0604702
0.9717986
0.67209464
0.12120523
0.15230592
0.11823495
0.1619122
0.5050503
0.84107
0.17100626
0.47722897
0.594227
0.18834881
0.26589334
0.24536172
0.75338477
0.93857676
0.6490101
0.07601152
0.4544015
0.38490695
0.2676098
0.7318186
0.043681256
0.28657538
0.09585301
0.040859636
0.0021381306
0.9487635
0.610786
0.091123946
0.35824943
0.14772344
0.39138266
0.6816204
0.6430318
0.1968389
0.049902413
0.60688615
0.019251205
0.776454
0.30631414
0.4068819
0.110428736
0.4164205
0.013721591
0.69205517
0.22933348
0.6287782
0.76049143
0.44689453
0.9190348
0.98040146
0.9746161
0.86966825
0.936145
0.42620698
0.113883086
0.9201003
0.039977647
0.89138025
0.58372825
0.6676018
0.55385673
0.1363136
0.18511549
0.54582566
0.513082
0.28350592
0.5771446
0.31681758
0.54100996
0.947769
0.21554972
0.09222758
0.39538643
0.773719
0.6911159
0.2703738
0.31576928
0.62911826
0.021637993
0.69360715
0.5582385
0.5272503
0.538298
0.29066074
0.41782314
0.5302433
0.66062
0.022664713
0.40680134
0.9690966
0.24005245
0.1641126
0.23747352
0.87225425
0.6040863
0.882545
0.354105
0.11783315
0.015806913
0.8878142
0.9673734
0.6277034
0.6368196
0.91606516
0.11024011
0.9334771
0.1824188
0.43556687
0.12755848
0.14906418
0.019732274
0.07602384
0.9621017
0.825968
0.6660039
0.07418322
0.9505841
0.076768026
0.38821667
0.4485167
0.49089652
0.033478107
0.050938852
0.42183143
0.6398002
0.17578617
0.34789285
0.38574785
0.18840934
0.1659098
0.3923921
0.43785083
0.100219384
0.6164999
0.6052573
0.65100765
0.4018252
0.4536943
0.94772106
0.57744557
0.56795937
0.7631123
0.88153964
0.3416888
0.10959839
0.25220364
0.85452825
0.13943419
0.18646188
0.08256697
0.36761162
0.21892959
0.6593886
0.7437885
0.20084582
0.064732626
0.5311404
0.12897022
0.3104217
0.76643467
0.7717698
0.5305615
0.31039986
0.21604374
0.9634005
0.59537244
0.14178258
0.97998345
0.96658885
0.6348993
0.50320435
0.7771812
0.32196212
0.32393336
0.8098073
0.98427266
0.5416812
0.42237765
0.94267565
0.2749514
0.713168
0.8481366
0.18725114
0.045436252
0.9815472
0.09607958
0.6715497
0.7512041
0.62688607
0.45751294
0.38829082
0.47608998
0.8868427
0.17349786
0.9174149
0.89990395
0.6517838
0.22384831
0.6646039
0.2684693
0.011283078
0.51123106
0.148332
0.657157
0.7082624
0.45612985
0.9405917
0.47840708
0.6141762
0.4052137
0.91940933
0.07466058
0.0150152445
0.33734566
0.06110292
0.05673315
0.8579197
0.15981476
0.21432473
0.007828667
0.54801625
0.6230485
0.49647933
0.943996
0.48366538
0.87497973
0.4917608
0.8408334
0.5127062
0.5715329
0.6771961
0.968524
0.64727175
0.7977948
0.64711
0.2576931
0.71730155
0.976472
0.079423994
0.87830967
0.9251101
0.09805957
0.5323623
0.08495557
0.6392891
0.054581344
0.18033311
0.84552854
0.924913
0.27514392
0.48176336
0.5520683
0.9372197
0.04503673
0.69965047
0.44127423
0.73529875
0.45208967
0.7624862
0.7980138
0.6032275
0.29815876
0.8834486
0.058664303
0.6124318
0.30252758
0.47439277
0.41526696
0.63601154
0.87399364
0.20893906
0.95785475
0.040615786
0.31332496
0.8177065
0.1088984
0.8891543
0.8440364
0.48829585
0.5403787
0.48295256
0.2763202
0.32754466
0.8392511
0.9459348
0.94652236
0.30979374
0.5010621
0.66384286
0.59100074
0.7672492
0.9414373
0.6527729
0.63558125
0.77413595
0.31537774
0.54781497
0.6330839
0.84729797
0.6422037
0.22208327
0.46986556
0.034525882
0.49056634
0.62366027
0.46579298
0.061451994
0.50134915
0.114181645
0.33643904
0.31329468
0.7943133
0.7745088
0.103126824
0.8800332
0.7620831
0.05837124
0.017103188
0.2229993
0.9606255
0.50204617
0.62424916
0.5650626
0.36197478
0.96404964
0.7461177
0.8365783
0.93014216
0.82881474
0.8590852
0.5993661
0.23357606
0.30224392
0.3549493
0.36326364
0.3114453
0.2384555
0.20203395
0.8222901
0.36405087
0.9694741
0.6713685
0.20331717
0.7442888
0.4839305
0.9667228
0.46675184
0.78082067
0.54969877
0.33683056
0.09880796
0.5542001
0.52834165
0.5982344
0.97485584
0.9160547
0.15095623
0.04675736
0.013339311
0.98384726
0.7268779
0.44183975
0.5392169
0.04962554
0.22231774
0.4151507
0.4532934
0.7012115
0.17004956
0.17140605
0.52229524
0.91184366
0.90843093
0.6745578
0.8592996
0.06849264
0.5280476
0.10097266
0.16127256
0.38271028
0.6230828
0.24999739
0.82797796
0.27790436
0.8360381
0.42746755
0.18868825
0.20292717
0.7589714
0.06913053
0.23217034
0.7697787
0.22010583
0.13388301
0.9153479
0.0894598
0.9671847
0.21227133
0.39543837
0.81619847
0.46166292
0.3543671
0.973578
0.34202597
0.8185909
0.82310414
0.47306713
0.36175534
0.24920358
0.021726709
0.9233359
0.1811801
0.69044346
0.26851863
0.8843999
0.6526006
0.27677965
0.16445938
0.4563714
0.73922557
0.96930945
0.11582461
0.8026793
0.5526071
0.074516825
0.7441075
0.47856855
0.6879176
0.5194898
0.332094
0.34887904
0.009490599
0.08437483
0.5720478
0.7868402
0.14768077
0.70442486
0.18399046
0.43723974
0.9419401
0.4578617
0.7740653
0.20686038
0.4962393
0.14152268
0.87633544
0.9300597
0.71215993
0.22990344
0.26585278
0.11679514
0.5868324
0.30165505
0.902461
0.9474736
0.6948253
0.49111104
0.2590245
0.045206256
0.26859665
0.9343159
0.7462545
0.08134752
0.52426696
0.031845383
0.7184882
0.58109725
0.7930155
0.83955944
0.09986941
0.15917231
0.22482978
0.9096203
0.36155447
0.39499554
0.053543467
0.62278694
0.021826493
0.08762265
0.28584495
0.6664089
0.6442277
0.41026807
0.3463741
0.64162755
0.6675914
0.87175137
0.3413824
0.8724464
0.006108176
0.5713884
0.1791906
0.88745177
0.6870222
0.56554765
0.046067275
0.9327602
0.86885715
0.5713696
0.30456305
0.6585507
0.98407775
0.6241733
0.99174094
0.8348363
0.16907
0.3411581
0.124247834
0.27997535
0.49643034
0.34355196
0.2587261
0.65692925
0.321308
0.57113105
0.8861401
0.84817314
0.89534444
0.7067048
0.75262135
0.02412683
0.97453076
0.59101534
0.8884213
0.69400847
0.027608218
0.75060374
0.31766942
0.8606715
0.6378964
0.44258016
0.29326233
0.7174898
0.6092966
0.23221235
0.6587857
0.27167863
0.6236252
0.85899705
0.2788702
0.8073752
0.24988024
0.027008388
0.11228977
0.38331872
0.11694455
0.9722044
0.13593052
0.39871463
0.3704499
0.36234125
0.7024586
0.9603614
0.6855674
0.6062597
0.85672474
0.98294556
0.57991993
0.0708031
0.1029183
0.9500472
0.5858943
0.80981857
0.4468793
0.4651044
0.042599563
0.8345907
0.5258
0.39752877
0.58349955
0.82820123
0.5121174
0.76260877
0.1920317
0.0032892707
0.197864
0.60078675
0.6204221
0.5256411
0.43833303
0.8338308
0.7529552
0.3646132
0.8966348
0.97066396
0.4077861
0.35466745
0.94791746
0.2689155
0.38669056
0.7260626
0.08546982
0.6535196
0.56617486
0.7856033
0.4529333
0.007135384
0.3981702
0.66627747
0.60976523
0.21726713
0.4050158
0.5660811
0.31818226
0.60005313
0.12549056
0.83273906
0.7667184
0.32823116
0.53125185
0.73054713
0.28060403
0.078380056
0.39480013
0.8596279
0.30329147
0.38212886
0.31826857
0.22236697
0.38159338
0.8795573
0.19361816
0.14387196
0.65639776
0.72100705
0.17880666
0.46652752
0.20956014
0.1872753
0.6866209
0.9637877
0.59954655
0.3519163
0.42968166
0.83383596
0.9480368
0.45452955
0.63170034
0.69118357
0.14533567
0.32200077
0.86220205
0.525559
0.37725005
0.37285003
0.87693965
0.2501477
0.45847073
0.29032376
0.7775292
0.46013844
0.02039448
0.7514095
0.18679814
0.043424502
0.18544434
0.56979257
0.46012875
0.45612726
0.4431379
0.66505116
0.32408533
0.025829207
0.23639342
0.7858615
0.7829074
0.4047379
0.6261406
0.77514684
0.14092211
0.67714876
0.98824066
0.967449
0.5852076
0.610523
0.76996756
0.5692215
0.0013736794
0.43000698
0.15755805
0.39110756
0.0148140155
0.2446522
0.096440054
0.32514846
0.018975122
0.1772046
0.9538963
0.5440554
0.85114205
0.32550997
0.79892045
0.54253685
0.120360635
0.38810185
0.42824104
0.8452033
0.24082506
0.8472874
0.76857626
0.46777558
0.9564412
0.6429328
0.06737395
0.8329458
0.5278923
0.5499639
0.18555678
0.8156472
0.74395716
0.3885258
0.5076331
0.32876658
0.6958583
0.6912978
0.18674187
0.37077805
0.19193222
0.086851485
0.7773343
0.3096969
0.531637
0.94925416
0.91744566
0.099019565
0.009759384
0.23891935
0.5747253
0.43809
0.07180116
0.25735193
0.22408094
0.614049
0.8357395
0.030547494
0.08524188
0.50463605
0.17848705
0.6366197
0.48522508
0.66063744
0.86807454
0.89115417
0.06697063
0.12073346
0.1155463
0.8870522
0.04551476
0.83000994
0.0060201306
0.8716438
0.18223292
0.6101934
0.2522627
0.6150717
0.75159466
0.7245224
0.6382308
0.80194116
0.95898277
0.29414362
0.87922025
0.5436655
0.54910576
0.66518
0.82185084
0.7493443
0.16825862
0.19454166
0.557933
0.5115818
0.22380887
0.2966775
0.80783933
0.21217282
0.9537074
0.91379607
0.4911197
0.9209406
0.21727614
0.7002567
0.4380578
0.88140213
0.33672076
0.5489961
0.025984906
0.6201788
0.7396141
0.7419424
0.8542131
0.49762306
0.7488585
0.13933016
0.2628694
0.13324256
0.052039266
0.53854626
0.61309886
0.12806545
0.81588715
0.7689966
0.12609622
0.028032906
0.15404159
0.9925989
0.6929938
0.7238055
0.31267154
0.97242457
0.915047
0.7269352
0.4875331
0.9592205
0.3020196
0.43473983
0.33700022
0.8990038
0.3835487
0.07555576
0.8392605
0.9916324
0.8662581
0.05675467
0.90270895
0.06187432
0.44422534
0.11329267
0.2690575
0.9632572
0.75093204
0.6835891
0.836097
0.43511096
0.52813995
0.0501822
0.025439914
0.35228574
0.97562295
0.21183774
0.79553455
0.6877304
0.3866121
0.69237894
0.63866395
0.5701216
0.812538
0.57192665
0.7974736
0.19168194
0.6374005
0.017856454
0.5177651
0.04710362
0.98204833
0.43513045
0.33037114
0.3435532
0.26769596
0.123895146
0.048091605
0.42982647
0.5037016
0.5364094
0.21921602
0.54705566
0.029688831
0.08523671
0.9494705
0.39407587
0.038770832
0.12368463
0.09773037
0.5962058
0.3061873
0.62171775
0.68940985
0.23430948
0.7373279
0.18498331
0.59142625
0.46265113
0.32521594
0.8302438
0.034825556
0.5230687
0.032302603
0.4022464
0.5495456
0.4138085
0.025517689
0.13531855
0.67425317
0.20301265
0.799714
0.50127894
0.8207282
0.82563436
0.12044001
0.7751108
0.35891977
0.7533927
0.9370081
0.8604443
0.73288894
0.64787084
0.32667243
0.9528318
0.38433778
0.02809694
0.55336183
0.41436705
0.4833265
0.038611162
0.37396795
0.1116215
0.6235148
0.4099697
0.45635214
0.0906235
0.9553764
0.8486198
0.41317433
9.496212e-05
0.8764376
0.7922712
0.9328328
0.6816645
0.69115543
0.6849028
0.48501247
0.06278893
0.8782765
0.82343036
0.37422708
0.89434916
0.6392522
0.026012031
0.4577158
0.6557122
0.09891534
0.9868039
0.07231554
0.16939782
0.10017966
0.9644839
0.35131156
0.7423471
0.9533098
0.07566911
0.86411893
0.73881185
0.6186059
0.47216976
0.27830228
0.75033265
0.34497932
0.07715923
0.5865289
0.59706944
0.392996
0.16064312
0.29219958
0.28134352
0.48070863
0.030143114
0.9265882
0.68893385
0.42446706
0.2723939
0.47175986
0.25949666
0.32935646
0.9428783
0.9776657
0.34261805
0.101747796
0.66645914
0.7701306
0.5940223
0.8391376
0.055843722
0.8344884
0.03771826
0.19622955
0.32015938
0.3491653
0.45884457
0.105260044
0.5472005
0.99948794
0.52324474
0.48710808
0.8023075
0.27308097
0.5820308
0.0717052
0.9378821
0.79407513
0.8589717
0.105434574
0.92356664
0.5284213
0.1173838
0.83717495
0.25374055
0.8869981
0.19712992
0.7893665
0.7431717
0.3808179
0.25882757
0.51366025
0.86706007
0.34904256
0.75391823
0.73227036
0.4670036
0.1580336
0.83471346
0.63768566
0.39095882
0.8475385
0.730428
0.16656752
0.15446873
0.2349386
0.92969364
0.01305858
0.77751327
0.74914896
0.6276138
0.39479783
0.9715291
0.33116645
0.028306942
0.29346848
0.7389091
0.51600087
0.53492564
0.38625485
0.21374865
0.26515105
0.3152161
0.08430906
0.7392919
0.64637667
0.42448452
0.5694568
0.43807384
0.06142736
0.83454365
0.039011423
0.025677403
0.6705252
0.30357808
0.049900316
0.6917096
0.9410018
0.19961277
0.26484182
0.122038834
0.8823233
0.4971627
0.20478024
0.61090714
0.55993587
0.88742626
0.28287172
0.16383962
0.29476318
0.32089797
0.8775614
0.20414698
0.67659837
0.3997643
0.91406476
0.5032243
0.75295943
0.78486663
0.94114476
0.68417877
0.9083626
0.09436093
0.68405056
0.9383495
0.8872706
0.088762335
0.37368017
0.8740112
0.9145369
0.107747026
0.5302293
0.5219245
0.7594267
0.58559984
0.3153197
0.679313
0.03319658
0.90035164
0.561689
0.83344597
0.66907454
0.28060296
0.27178365
0.56411135
0.9457381
0.568929
0.07536948
0.22973332
0.42714584
0.7388511
0.32586023
0.021327795
0.27676
0.41441986
0.48383394
0.27821976
0.8484451
0.661069
0.37650624
0.962045
0.70067275
0.14193718
0.57816666
0.9646059
0.92670625
0.9008933
0.9443011
0.99580014
0.29659477
0.7502352
0.43874267
0.7601351
0.63536155
0.93456566
0.9885455
0.35814986
0.3824165
0.41762215
0.84067005
0.62208027
0.37730473
0.24989694
0.99349207
0.63688123
0.8401004
0.9885749
0.92835253
0.3875369
0.8098634
0.31116015
0.3312612
0.26075095
0.2759446
0.5988821
0.8950098
0.44037458
0.54192483
0.9843139
0.36809203
0.54409856
0.65728885
0.9638865
0.34790796
0.061277363
0.4922514
0.48185793
0.25475013
0.77796483
0.010069715
0.2609301
0.39290768
0.63257635
0.78974354
0.6714487
0.21147974
0.77626777
0.8692469
0.31047454
0.6466164
0.059191532
0.37543756
0.6406303
0.953973
0.81898934
0.065436356
0.8800762
0.7413078
0.553903
0.8101644
0.3472488
0.16583611
0.9444982
0.056200344
0.88265216
0.9907971
0.20958592
0.22931582
0.79148203
0.51242685
0.9564165
0.26639748
0.9369879
0.6256242
0.90502906
0.9216357
0.22213246
0.08259362
0.7766859
0.05784838
0.5202142
0.96042615
0.1286084
0.16985753
0.6805751
0.49761513
0.31199148
0.46712798
0.8333395
0.60615814
0.5760613
0.033543065
0.5052161
0.24501874
0.7225925
0.23145762
0.46098763
0.5357601
0.42013836
0.80029553
0.19671811
0.103699036
0.18332505
0.40541622
0.17612292
0.03733827
0.16191687
0.6559723
0.2664819
0.048833165
0.40098247
0.49236515
0.93572336
0.20115477
0.643901
0.83639103
0.28455538
0.11173387
0.63063145
0.52813804
0.20721899
0.70890635
0.871416
0.43583238
0.77722293
0.5142419
0.25197858
0.81044126
0.30303684
0.9801292
0.5947796
0.95384884
0.25254002
0.52579933
0.93088776
0.2890396
0.5702651
0.9313825
0.21374433
0.31385702
0.003654775
0.69268936
0.6531736
0.05886077
0.6422209
0.09598294
0.05831477
0.2115578
0.17941903
0.25417206
0.9472869
0.4875441
0.6087438
0.49012223
0.15062904
0.6966939
0.90407187
0.9339985
0.8443391
0.58651155
0.23747808
0.4693495
0.3482251
0.9328523
0.16888863
0.9746735
0.6057187
0.037572306
0.7894767
0.39083
0.1699131
0.08503761
0.30494902
0.6510146
0.22594406
0.82093775
0.8670315
0.12458525
0.5696923
0.5781362
0.18422571
0.8657944
0.92372715
0.51106143
0.60258406
0.59462005
0.3446238
0.18080111
0.7763799
0.6104626
0.22177127
0.045841318
0.07796489
0.8001691
0.9545055
0.46789202
0.109430656
0.48298508
0.8032654
0.87463963
0.32766587
0.6930632
0.36995924
0.8013355
0.45526817
0.8825746
0.56073207
0.5744084
0.6933059
0.81205153
0.04389447
0.22975266
0.7416179
0.7607162
0.43405658
0.11136605
0.9702254
0.163345
0.91866237
0.881923
0.10679694
0.7302756
0.35635787
0.18871127
0.046789117
0.22076772
0.9441469
0.6826108
0.16954027
0.42941225
0.8391436
0.97471416
0.48700115
0.19061385
0.9493787
0.9450664
0.5847338
0.28812888
0.5671946
0.110363804
0.7798434
0.655804
0.61401266
0.68206626
0.33646557
0.53117406
0.2860644
0.77866066
0.72342336
0.91617787
0.4617585
0.6838888
0.37391466
0.7258261
0.11496758
0.99982935
0.27600288
0.93690133
0.11578007
0.9574564
0.23495255
0.86358476
0.67740506
0.31270713
0.6905306
0.13401511
0.17780353
0.15574087
0.027485913
0.70706373
0.99215925
0.0055468567
0.15182889
0.5403364
0.28346837
0.78144115
0.3985676
0.2926694
0.6128114
0.14849004
0.51611805
0.14058448
0.050577007
0.89186007
0.03410596
0.36419585
0.42876887
0.17186378
0.688481
0.6407118
0.36526823
0.6009522
0.7097791
0.4832771
0.6207417
0.5389255
0.79357886
0.85490805
0.5773228
0.0027929398
0.32377267
0.86724156
0.57842845
0.828065
0.44414082
0.49356127
0.39057413
0.1603392
0.51557696
0.06292702
0.5028563
0.3395486
0.32056904
0.02086649
0.39987826
0.0813756
0.37055808
0.41457373
0.6016662
0.39532858
0.1771086
0.4457424
0.9927006
0.9318096
0.8443999
0.993603
0.928313
0.40986156
0.7447568
0.056396343
0.9102815
0.74681324
0.96423686
0.65777713
0.14822258
0.32576096
0.15712385
0.4571267
0.15723693
0.832892
0.109534346
0.5025811
0.36473352
0.57766575
0.0834974
0.85513985
0.15334748
0.5759786
0.48444825
0.5870934
0.01955139
0.8875309
0.8441526
0.3515887
0.46682754
0.729755
0.5840843
0.20698124
0.70179045
0.3631689
0.7289885
0.7455132
0.31994554
0.46266833
0.41084817
0.7233428
0.2557741
0.6524638
0.69539726
0.7741522
0.057304394
0.682175
0.48925316
0.12797427
0.88929915
0.46367067
0.2766264
0.9750685
0.8782523
0.7243429
0.5585453
0.51939386
0.024218736
0.12433552
0.23656245
0.8568565
0.9133889
0.42061943
0.8615564
0.9781046
0.81220114
0.1701992
0.69764644
0.18212277
0.28425792
0.27896136
0.63473123
0.06817419
0.28899616
0.37075964
0.53148425
0.15578759
0.77302086
0.7975232
0.7042652
0.4519101
0.14504038
0.43719387
0.8900648
0.4732772
0.013386142
0.52242917
0.16266681
0.21312422
0.34333077
0.9115162
0.028402444
0.79690385
0.7433547
0.4326118
0.07014083
0.2671613
0.34736207
0.1616595
0.594977
0.1060398
0.5868367
0.5829817
0.14730285
0.7987196
0.49503103
0.64443475
0.26298797
0.4489113
0.10923173
0.31449068
0.87939113
0.13866326
0.50350195
0.55295765
0.94547015
0.5981089
0.20346844
0.30650926
0.47011727
0.16823626
0.7783517
0.7164585
0.7849425
0.43631962
0.4052849
0.5694522
0.18639186
0.78557086
0.3956302
0.28289333
0.33403426
0.14676271
0.24149469
0.33897012
0.4733161
0.5211696
0.3483075
0.9061031
0.67535526
0.66235626
0.8113441
0.37395912
0.86961156
0.8931273
0.11607131
0.89671737
0.80637556
0.30981696
0.71630126
0.44056094
0.4576035
0.13421944
0.5439067
0.85326004
0.9239259
0.1409155
0.09228491
0.58558965
0.21069683
0.20061913
0.29072687
0.63905
0.77656883
0.7313077
0.9458627
0.3984948
0.68297595
0.9339372
0.8842185
0.6515062
0.3834285
0.9280873
0.9056607
0.11419027
0.37055203
0.23829037
0.23950924
0.25315326
0.2607375
0.031481717
0.51272833
0.3370032
0.40764353
0.42251176
0.9669419
0.32631058
0.22706878
0.22729869
0.35052952
0.43989176
0.7655052
0.03655162
0.439897
0.3976155
0.73129284
0.96754444
0.87769824
0.17020594
0.041259494
0.5246647
0.66563773
0.057511926
0.45505598
0.70232683
0.8259567
0.1690372
0.70553976
0.68950003
0.5558836
0.74530447
0.4849658
0.29425237
0.11829837
0.981254
0.5799725
0.019056203
0.051875442
0.7875587
0.21327446
0.043126464
0.111215696
0.71096957
0.61191344
0.6708918
0.6677329
0.3610848
0.8892962
0.40170872
0.9237932
0.56610805
0.38237327
0.779624
0.5667925
0.15054448
0.08291825
0.50783294
0.9921121
0.9600827
0.5203722
0.5640053
0.8193986
0.3699341
0.07265206
0.20863159
0.6092156
0.6925033
0.97975683
0.5029283
0.61988944
0.7222087
0.5907087
0.3386761
0.25893152
0.9832174
0.2276667
0.7716403
0.25515524
0.90390116
0.045042112
0.006353074
0.38980514
0.9600733
0.05365625
0.0017545666
0.05534062
0.6450305
0.59122896
0.6728996
0.6704844
0.90145046
0.07582552
0.44167316
0.06449923
0.7336933
0.90088356
0.79661834
0.69205475
0.62434155
0.64269465
0.0068001556
0.13177177
0.8057179
0.4179485
0.14341201
0.28639293
0.6659172
0.051024977
0.86004996
0.2435635
0.20278038
0.95017505
0.67919
0.8993939
0.3616707
0.70399904
0.99878997
0.6949398
0.8353306
0.26423708
0.062266234
0.4487648
0.27445406
0.028192692
0.7627426
0.217473
0.9259899
0.46412522
0.57519597
0.4518237
0.98125225
0.53081965
0.4302581
0.9799931
0.65863335
0.1720274
0.25970346
0.52150387
0.2908091
0.08629214
0.0047836103
0.7163852
0.74951965
0.606495
0.5078626
0.97770804
0.4229988
0.79158145
0.73393446
0.22097744
0.9955715
0.93046796
0.014709382
0.2516221
0.85740376
0.6054379
0.65580803
0.5940544
0.7504505
0.11408628
0.9790147
0.9894341
0.28533447
0.71327287
0.055372186
0.21011417
0.015348315
0.24671109
0.7135094
0.8058232
0.99971366
0.979721
0.9571294
0.18238291
0.39158782
0.11865259
0.0034865038
0.575473
0.98332405
0.29956347
0.5356839
0.081632905
0.26518592
0.47811216
0.45378333
0.0035662632
0.6405135
0.27462056
0.33966398
0.08160736
0.75233084
0.87820905
0.11244068
0.243174
0.5614068
0.6304041
0.09773404
0.88157094
0.55007744
0.8440147
0.4436279
0.012768146
0.7825764
0.95272917
0.5381797
0.8957685
0.8783031
0.01794121
0.07802506
0.09972214
0.26418674
0.68428826
0.9102436
0.0943064
0.97710043
0.9669302
0.15390156
0.05450769
0.92403233
0.11602504
0.21784355
0.43369773
0.35019976
0.31104076
0.76498526
0.29744762
0.03195141
0.72323394
0.6262642
0.86882144
0.8953184
0.5278989
0.23108077
0.2628974
0.4638538
0.97745043
0.27094752
0.44813815
0.5142083
0.09525023
0.8763639
0.9805256
0.12803198
0.8881643
0.097879365
0.9449642
0.4545647
0.91875225
0.273836
0.028725853
0.9171509
0.8573665
0.6255383
0.21412256
0.4495064
0.8299459
0.69007593
0.59966964
0.8615252
0.88567615
0.38876468
0.77308136
0.14085081
0.28994495
0.72171223
0.12116441
0.94543475
0.0002675182
0.6804017
0.9165298
0.09668142
0.5513911
0.15521318
0.28110316
0.5053399
0.37520602
0.020227967
0.06083973
0.41865513
0.7410643
0.95108575
0.43661687
0.7255189
0.8111577
0.35379985
0.46741265
0.33731288
0.21426806
0.31574965
0.8015504
0.73643076
0.28823224
0.06685629
0.8903208
0.2392517
0.5633368
0.16102041
0.5004325
0.60350233
0.9219622
0.40275246
0.85833055
0.6144311
0.4279825
0.20354131
0.27421665
0.1511619
0.21650006
0.19322698
0.70432854
0.66401184
0.19860955
0.9778857
0.22423778
0.42839608
0.42904878
0.106122576
0.6860146
0.94304085
0.93919677
0.7795077
0.837025
0.9801418
0.8479065
0.6761507
0.82183856
0.046577923
0.99661887
0.9150903
0.5561185
0.6021072
0.84264416
0.98309153
0.9645587
0.7569869
0.61647147
0.9874086
0.58338046
0.72377306
0.5169093
0.18330105
0.6423615
0.8328521
0.25907704
0.53174555
0.087473944
0.9766855
0.6753905
0.039937712
0.7496466
0.82769537
0.96088594
0.6306299
0.037062444
0.5145769
0.34185073
0.23027457
0.49899086
0.36024907
0.098439135
0.048572626
0.21284738
0.23303744
0.76104045
0.012421491
0.2080335
0.86207587
0.45718056
0.8478646
0.6829838
0.15281714
0.9156325
0.40987852
0.9152939
0.46034884
0.1698094
0.8719851
0.056256592
0.23490138
0.70722055
0.37420422
0.1693046
0.68222576
0.286645
0.2624548
0.5180961
0.29081818
0.7091361
0.8099332
0.40512955
0.36707672
0.04600977
0.70511943
0.8379599
0.9435114
0.5506611
0.8029167
0.16295424
0.95648855
0.55876
0.8505126
0.5191248
0.3561328
0.898616
0.94484884
0.50241446
0.29639292
0.65386903
0.12134832
0.07813906
0.49154815
0.5853783
0.05218573
0.10515342
0.57480013
0.6154375
0.9159751
0.7092639
0.28922057
0.95536685
0.5465922
0.02511063
0.7631818
0.30396318
0.6967752
0.4189811
0.8980102
0.13454346
0.4755139
0.29468474
0.61809045
0.6462417
0.5481838
0.5883125
0.57409453
0.63234663
0.63504726
0.8692872
0.7304648
0.57330954
0.70904493
0.3907384
0.71842676
0.8487488
0.47282082
0.020124808
0.9845647
0.5370604
0.7622674
0.4755504
0.55124557
0.42714635
0.26973963
0.27434784
0.34515682
0.05512163
0.09348828
0.8241509
0.13204665
0.041509073
0.7505114
0.9780434
0.25591034
0.6054872
0.991111
0.69310325
0.16697234
0.94654137
0.07066809
0.20894995
0.7382919
0.45744666
0.4112333
0.34713823
0.64958775
0.6348704
0.011355946
0.44083753
0.02436246
0.13224079
0.922863
0.52551556
0.08498201
0.43414405
0.2518814
0.016688889
0.6659559
0.05063078
0.89566183
0.40788046
0.9671675
0.2701071
0.899957
0.068793975
0.8391436
0.045764428
0.2500996
0.37331384
0.6942869
0.7073863
0.817815
0.65035945
0.6222292
0.059033293
0.9422629
0.9129664
0.11508477
0.08694073
0.4869588
0.9942106
0.35819384
0.53019637
0.7789373
0.2490333
0.22547874
0.9775413
0.651517
0.23607771
0.44995677
0.94834745
0.32474285
0.83888537
0.10145625
0.8397446
0.0073726447
0.42489216
0.3109322
0.08660423
0.24753796
0.7766862
0.13413112
0.8475781
0.8866329
0.43964547
0.016796924
0.8943271
0.040233538
0.8845524
0.11876263
0.07575581
0.17973384
0.105413504
0.37330914
0.84822726
0.24588993
0.0075444966
0.84068406
0.68753314
0.70457244
0.7230146
0.34088567
0.050429173
0.41160762
0.056737673
0.6461182
0.6354157
0.41431198
0.93124396
0.6644379
0.58428276
0.51691383
0.4793679
0.814758
0.8360658
0.24964945
0.094103314
0.3620142
0.6663287
0.5776502
0.07203835
0.6835096
0.13466805
0.65316164
0.069261454
0.31377482
0.3467713
0.33220333
0.25121093
0.81795996
0.5721727
0.20609686
0.65865505
0.89575946
0.858515
0.1693659
0.7458621
0.76820534
0.61067295
0.24776496
0.1736694
0.47425088
0.50215423
0.3121238
0.06622045
0.88613933
0.32522994
0.7725886
0.43837437
0.07044392
0.9193562
0.78742635
0.7364695
0.19968256
0.452938
0.7718694
0.35582912
0.30594268
0.25606003
0.3151979
0.8665833
0.008857534
0.3022389
0.19068615
0.37022954
0.93087727
0.7188305
0.95416087
0.16594793
0.4160281
0.3128967
0.38768739
0.9872514
0.29184908
0.03665951
0.8123423
0.3178586
0.44212756
0.06472622
0.07359319
0.89381623
0.9800706
0.6438069
0.20836279
0.3694347
0.027348977
0.5752989
0.16798003
0.7502514
0.2917581
0.6847162
0.56238735
0.5607702
0.6164282
0.9555792
0.99746126
0.97337174
0.5254789
0.42513272
0.9968282
0.34852254
0.538123
0.7348101
0.7906641
0.41671798
0.7240982
0.04135605
0.7745462
0.2891204
0.3546021
0.92186195
0.10898189
0.81071246
0.875369
0.8372331
0.45358366
0.1759887
0.8296087
0.020316424
0.1069383
0.49005806
0.6716612
0.86767435
0.5637852
0.17201373
0.26001576
0.49493182
0.50853413
0.7261337
0.3159559
0.89556915
0.112284
0.92974675
0.08793955
0.88486284
0.83002967
0.16489828
0.13277933
0.059784006
0.60960263
0.25625065
0.5934709
0.96690536
0.69890875
0.65467066
0.43365872
0.4243476
0.12068429
0.81900686
0.08219869
0.3624587
0.85251033
0.76588273
0.90304005
0.10190443
0.9369281
0.47213882
0.034398556
0.97768813
0.31195423
0.62115407
0.713368
0.80320936
0.3826686
0.9727343
0.72159374
0.3784085
0.0032616386
0.2560763
0.15935485
0.0303343
0.26571465
0.8181791
0.2398119
0.7450609
0.24609914
0.09273669
0.01911208
0.9419593
0.40423974
0.9354457
0.11011434
0.048463102
0.21383306
0.0018301005
0.8072873
0.30649596
0.8379243
0.7175244
0.7336722
0.65738314
0.17117825
0.5966725
0.092134126
0.050653346
0.335096
0.07409131
0.81743276
0.08461088
0.93125415
0.951165
0.93757915
0.9080601
0.13931406
0.18023074
0.12669477
0.18923767
0.88299334
0.75785565
0.3722175
0.1675496
0.9788928
0.7643878
0.86686826
0.91408235
0.44742125
0.18004677
0.46731848
0.7186688
0.08472696
0.9622421
0.616703
0.7843362
0.1593668
0.76772684
0.42384383
0.9298463
0.74605006
0.30946642
0.18412194
0.19611873
0.78291786
0.12136619
0.61714417
0.71612716
0.24944001
0.8379653
0.24109475
0.25585923
0.34165677
0.30086046
0.1650829
0.22343785
0.5205552
0.39262336
0.9747731
0.19720875
0.25752127
0.89929396
0.32895455
0.012598774
0.118852265
0.21014506
0.020504382
0.22935405
0.4577474
0.37842458
0.95517474
0.9341845
0.72649324
0.15593964
0.06292564
0.87242764
0.3016352
0.02931677
0.7890897
0.9702848
0.33097667
0.26987574
0.24664761
0.5236952
0.18310492
0.6094733
0.6834776
0.8300655
0.13550025
0.78893775
0.53675395
0.24559988
0.849859
0.99311507
0.90075135
0.100686684
0.93903613
0.80464214
0.64054006
0.6874973
0.34091714
0.28072724
0.36681184
0.56512046
0.8871331
0.41284695
0.13374874
0.16314991
0.7248157
0.660279
0.5338829
0.31283414
0.39036566
0.47991383
0.20474054
0.26802382
0.48693043
0.69078934
0.31539148
0.32685485
0.16914868
0.013309656
0.27849457
0.73016024
0.5247714
0.98906314
0.018762777
0.75897014
0.34847125
0.19025162
0.14077479
0.21454778
0.6672505
0.7279128
0.45540184
0.6199423
0.2800929
0.15129443
0.9193317
0.9806743
0.11587804
0.06790493
0.05122586
0.5398142
0.1546359
0.7780279
0.8507327
0.29015064
0.66265494
0.6571565
0.16302781
0.083499774
0.791239
0.8980048
0.6428537
0.58606076
0.1265826
0.6058189
0.15615894
0.050133355
0.6804216
0.88399583
0.88273007
0.5281198
0.5847461
0.24064405
0.19765115
0.1931227
0.054071248
0.9328339
0.2687907
0.63046634
0.7909657
0.6486146
0.20486417
0.420492
0.4353883
0.74404246
0.029597724
0.35900536
0.44399247
0.16654432
0.58751595
0.93517023
0.72714096
0.11205739
0.5226764
0.09911767
0.7590305
0.64168215
0.8155169
0.3034236
0.56288373
0.4524795
0.92627525
0.23168439
0.23105574
0.8011791
0.81177294
0.24759324
0.94043744
0.13530649
0.22285183
0.30686456
0.845004
0.43468753
0.9861453
0.25047222
0.58065987
0.8935803
0.1901771
0.60131556
0.80333924
0.47476113
0.14345743
0.8966434
0.21420653
0.44148165
0.043864224
0.36121723
0.6779368
0.19211684
0.20549072
0.029821867
0.47727543
0.007813972
0.6201156
0.6164212
0.5455522
0.80560344
0.42692277
0.21554631
0.78496534
0.38285092
0.8308362
0.5011249
0.7647664
0.35186073
0.8546456
0.40439552
0.024678323
0.21163206
0.26275048
0.017952159
0.7167981
0.32723367
0.97472775
0.17864583
0.26202634
0.6103493
0.75779015
0.054067533
0.2941243
0.6025521
0.27068755
0.68004507
0.6899176
0.6472413
0.37401858
0.35005197
0.6766819
0.5679502
0.39112875
0.7486709
0.79930687
0.47457996
0.048791435
0.3160697
0.9371372
0.12913275
0.08689758
0.6149767
0.44586062
0.617053
0.46353173
0.7106074
0.07411775
0.2991307
0.29368147
0.65353113
0.47754326
0.011415862
0.20031945
0.17130436
0.44214615
0.47604144
0.57503563
0.35474595
0.3683592
0.67503095
0.40240222
0.86657786
0.49697283
0.2528665
0.28527576
0.30219364
0.25941148
0.8595393
0.39435688
0.062458966
0.46639094
0.5204209
0.14408249
0.06392263
0.31125012
0.68413186
0.3145693
0.20355055
0.14724694
0.7518962
0.44077203
0.4240624
0.16645125
0.61772335
0.59105504
0.28315195
0.97986704
0.0004589954
0.85521704
0.7967137
0.9936179
0.5046973
0.7121574
0.20880535
0.41252196
0.9634478
0.01293487
0.40882382
0.43434814
0.68140316
0.009475088
0.8770572
0.661474
0.4813664
0.33191776
0.99318606
0.56595534
0.615236
0.83550686
0.7145021
0.8291166
0.20138016
0.54736716
0.97377294
0.11967984
0.7536041
0.104977764
0.41569784
0.44361228
0.70854634
0.6676448
0.71438545
0.21424526
0.28975794
0.9962298
0.7066855
0.4833018
0.9995667
0.07413995
0.15636726
0.76318735
0.31566948
0.37182423
0.7365201
0.28087264
0.37846518
0.40248787
0.94588023
0.8520253
0.86610156
0.21130714
0.38761738
0.480905
0.58065957
0.9804791
0.6850474
0.7063953
0.7384662
0.663078
0.72747475
0.8455031
0.015029293
0.6780906
0.6800025
0.7937088
0.5970691
0.3757633
0.3495406
0.52863204
0.9510396
0.19367714
0.92566264
0.44858316
0.0678336
0.6434621
0.22171538
0.8084339
0.7500796
0.21396953
0.22255892
0.5022336
0.5777699
0.17755999
0.36582944
0.32955694
0.31198314
0.002962627
0.5240839
0.32659864
0.39127752
0.2669691
0.6109352
0.27404353
0.3999047
0.20035455
0.17596574
0.8554411
0.5362309
0.8925623
0.3646867
0.40383673
0.72474843
0.29910317
0.85410637
0.48926532
0.095493004
0.6744157
0.26637232
0.09646511
0.65136653
0.9922449
0.576462
0.5701718
0.18749435
0.1565347
0.6696308
0.83539516
0.043840792
0.048507895
0.02003614
0.4289393
0.27449644
0.9767881
0.7164049
0.9389617
0.47522464
0.6849545
0.84390056
0.46868354
0.6846559
0.52295345
0.76230764
0.85287327
0.94161403
0.28166702
0.55051666
0.10134832
0.5161967
0.97858876
0.042972177
0.43338475
0.8812304
0.8931871
0.1708002
0.60922927
0.86435145
0.23463875
0.40203053
0.22463213
0.24856596
0.6967436
0.16814883
0.5352259
0.8806313
0.95131016
0.70237166
0.43984395
0.984367
0.7550119
0.22021805
0.5140952
0.65552765
0.406618
0.9612758
0.5453127
0.31178406
0.58782685
0.47877523
0.9709341
0.82314956
0.7327539
0.879049
0.30310276
0.96298057
0.77542615
0.396972
0.8031529
0.49814922
0.10109732
0.850715
0.60873646
0.7757387
0.41699842
0.69588685
0.56158143
0.6575988
0.30697292
0.007977836
0.33382854
0.613543
0.70675707
0.5912769
0.31692934
0.37153944
0.23138183
0.124192074
0.52106166
0.13409276
0.7776891
0.15222675
0.75179166
0.9670978
0.6184626
0.7470941
0.7147225
0.86329746
0.62592
0.8564069
0.801333
0.50065935
0.08984454
0.52409106
0.8867676
0.48423725
0.556038
0.7490172
0.7214274
0.91231614
0.98480743
0.9576535
0.77070373
0.9355995
0.89461184
0.8839404
0.9815807
0.1457628
0.044644937
0.6310118
0.29754052
0.10010335
0.9582761
0.03530514
0.8117544
0.43042684
0.83006394
0.73266757
0.6695087
0.9027655
0.10182696
0.018707214
0.66709435
0.39696562
0.1334942
0.53399557
0.9833017
0.9562468
0.77575415
0.053596154
0.9869367
0.075462244
0.9664265
0.54904234
0.17891267
0.0318433
0.7010049
0.72726166
0.043293983
0.31325197
0.8757399
0.3024935
0.48227116
0.853983
0.7000816
0.3671333
0.29560292
0.7193045
0.3246566
0.24926867
0.2773761
0.9085617
0.72418344
0.027803482
0.29499918
0.760956
0.049533147
0.2667227
0.41741642
0.87696975
0.89159846
0.4671018
0.13121706
0.35587463
0.10450175
0.56723386
0.3541012
0.7172733
0.8715738
0.92557657
0.16512573
0.4056163
0.17148222
0.32994208
0.3389178
0.34127033
0.53531367
0.7387308
0.3420028
0.6208296
0.05938385
0.48578516
0.28621218
0.21714066
0.021803191
0.25744918
0.56576693
0.69431233
0.9393841
0.55543727
0.8771936
0.25889722
0.120130345
0.7713013
0.1844943
0.2721633
0.592447
0.5516801
0.34770152
0.3715669
0.6285706
0.29790348
0.3939872
0.4564161
0.56128097
0.61386204
0.36785007
0.3202016
0.061076503
0.43622157
0.84115195
0.7918199
0.09661261
0.20568311
0.75074327
0.2884172
0.49635774
0.15488173
0.29477805
0.9882816
0.4062419
0.44536537
0.24752593
0.24177016
0.81199914
0.15653665
0.17719938
0.7008786
0.3014321
0.92100203
0.4731412
0.36053783
0.04252965
0.06648225
0.251307
0.9147719
0.437803
0.29312637
0.4761869
0.724627
0.73256415
0.34191632
0.17546579
0.2344549
0.9955391
0.22242753
0.58036304
0.5726369
0.16858381
0.51036304
0.090349495
0.13830052
0.935772
0.95740527
0.29077986
0.19283353
0.9967637
0.21590789
0.69103265
0.17389376
0.3565462
0.44673318
0.58490384
0.12288067
0.09205143
0.59931266
0.06950333
0.8405781
0.52634674
0.6601352
0.47727627
0.66955817
0.90575
0.5343832
0.40537643
0.6380567
0.27489835
0.63698006
0.77061224
0.23552506
0.5595689
0.96419096
0.65147245
0.66162145
0.19142559
0.6082189
0.51898015
0.8551969
0.88180333
0.9190889
0.4860863
0.0849972
0.192307
0.99750805
0.21139641
0.0031608792
0.8514713
0.08168208
0.47862092
0.9156301
0.5612782
0.7508527
0.73608357
0.6994206
0.6666159
0.9082418
0.692171
0.47754735
0.82523525
0.52533644
0.7653193
0.5385652
0.3684019
0.9971253
0.13636747
0.646057
0.5306179
0.00980981
0.29125237
0.8478426
0.23866683
0.33561772
0.9516273
0.98357195
0.3722598
0.6985229
0.5957494
0.9725359
0.1746924
0.50573534
0.92972624
0.9000006
0.44111055
0.2627201
0.40438658
0.7464253
0.2544756
0.82400554
0.85817146
0.7851276
0.6807962
0.08160341
0.5021277
0.3971201
0.5084147
0.97456574
0.40137416
0.4717124
0.4101194
0.7365664
0.78854066
0.9646268
0.64103585
0.42665085
0.28528926
0.9041916
0.6833129
0.59820336
0.36992788
0.7390035
0.5138069
0.46262133
0.952236
0.36475527
0.020775992
0.13208854
0.28660882
0.9655896
0.069583215
0.09673198
0.23275986
0.56345755
0.3916406
0.77173555
0.5576143
0.093984015
0.19161014
0.019750087
0.9263595
0.4247586
0.04388609
0.7046425
0.3281536
0.64679754
0.81669724
0.97171134
0.56529313
0.45966822
0.34351796
0.8097092
0.47672516
0.5782753
0.017954824
0.36300856
0.9679503
0.763091
0.34049416
0.5358717
0.02896638
0.5453962
0.82724273
0.44753042
0.17947513
0.7823859
0.40550992
0.7514038
0.2531274
0.2311557
0.5879635
0.9867574
0.800521
0.076936685
0.39764524
0.90180385
0.5548956
0.2023415
0.81328034
0.00687286
0.95929396
0.89822185
0.93481016
0.6770445
0.72215253
0.2840062
0.67773783
0.8378488
0.1986043
0.08164683
0.42014447
0.56500864
0.9792347
0.057808675
0.1102121
0.30127943
0.4225361
0.2482697
0.41799754
0.4914268
0.9353879
0.11555758
0.15784374
0.93191063
0.97241163
0.89806473
0.6325377
0.18326338
0.37837428
0.40700138
0.53812
0.32241997
0.8965537
0.5994349
0.072806105
0.9732563
0.6706044
0.12529059
0.8560388
0.8438191
0.74465185
0.3533083
0.084831014
0.51411974
0.4417265
0.7807086
0.45858264
0.36469942
0.40677404
0.25058612
0.10711127
0.81506306
0.28991726
0.9571503
0.06792302
0.6561484
0.34459087
0.9460227
0.10719771
0.7261044
0.43306014
0.24425952
0.5529236
0.15333149
0.5150263
0.68958676
0.080187954
0.98195666
0.7345298
0.7702567
0.35501978
0.47024438
0.55629593
0.92432237
0.5639874
0.5509865
0.27132952
0.7092268
0.13261613
0.5010765
0.53277916
0.68878853
0.8289479
0.44019505
0.42886117
0.1453406
0.5295981
0.22465926
0.29250693
0.68832844
0.8039816
0.43661606
0.092499875
0.68305737
0.06765627
0.17527878
0.5021882
0.9238874
0.20369597
0.46934864
0.7044025
0.48987114
0.40330246
0.9968023
0.71057564
0.36894688
0.6852996
0.11444863
0.29327226
0.5633379
0.027882943
0.12370852
0.058560316
0.5948202
0.1460706
0.61520344
0.10339407
0.29564807
0.58061737
0.32511795
0.34097666
0.9755222
0.9250648
0.5745373
0.21767727
0.014969996
0.6970623
0.7867494
0.7833611
0.898004
0.27727324
0.2968897
0.5142023
0.6446929
0.5360779
0.34670964
0.81254894
0.527784
0.5467283
0.3660094
0.96210325
0.56929475
0.7306972
0.29940295
0.78636074
0.3048406
0.3049407
0.53220993
0.29958865
0.49112067
0.2496687
0.74243367
0.15582064
0.98003215
0.5147883
0.5619402
0.28789887
0.4133252
0.96456546
0.7223105
0.5160061
0.91883224
0.92308986
0.57107884
0.89437234
0.15201657
0.065984614
0.30155697
0.87064725
0.026277525
0.35287842
0.06565743
0.14696997
0.80812436
0.44265166
0.42717108
0.26567784
0.24682224
0.26842427
0.09250307
0.2986218
0.22135167
0.43092877
0.09145246
0.07751495
0.07260744
0.29573116
0.03640634
0.7319909
0.5192479
0.25796413
0.16721559
0.77333516
0.29717365
0.19085442
0.6942937
0.4651297
0.2893967
0.11638861
0.5126301
0.3605729
0.9386212
0.917858
0.3500208
0.70651186
0.5985255
0.56966746
0.77972096
0.42900443
0.7226836
0.33603722
0.142012
0.15337767
0.6503839
0.029133433
0.49527112
0.4174605
0.43804464
0.5604072
0.87370014
0.3543662
0.34844276
0.71769315
0.1851452
0.61164564
0.6886151
0.48137254
0.54150087
0.780889
0.57880443
0.2931079
0.4895226
0.2953666
0.99254894
0.50267565
0.5559809
0.01699109
0.18450037
0.32115036
0.7462017
0.23137295
0.59633577
0.07046165
0.27259013
0.66973776
0.65888673
0.7604908
0.0040522693
0.2828035
0.2894005
0.33719775
0.0003191126
0.9595459
0.5056042
0.3956887
0.7809347
0.08163612
0.45773685
0.6453776
0.40091956
0.19040425
0.9183858
0.855921
0.7646058
0.9067133
0.049477722
0.38321263
0.13404702
0.6741739
0.14214155
0.42378366
0.7955843
0.66150284
0.84347725
0.4038295
0.46026534
0.7770671
0.10964559
0.2168299
0.87507945
0.51570517
0.5528635
0.79452664
0.905348
0.9050772
0.6250193
0.8834592
0.2765135
0.29191408
0.6100778
0.27680245
0.18584721
0.9460336
0.2827941
0.89481133
0.32562265
0.882513
0.34011525
0.24419859
0.85053873
0.63793325
0.9391795
0.80905175
0.9609905
0.40604615
0.357898
0.35078612
0.02822689
0.19731538
0.87603754
0.1924816
0.91158366
0.7506414
0.45106843
0.2604886
0.074521825
0.37318408
0.049971763
0.50481045
0.31401107
0.15791972
0.8609623
0.3438623
0.39579734
0.6136908
0.43387976
0.9652245
0.622323
0.44055712
0.12669344
0.55435693
0.031803228
0.6836831
0.082291014
0.88864034
0.52289546
0.28338376
0.885694
0.10603102
0.49678534
0.65648437
0.12171784
0.04312725
0.052678544
0.15177616
0.10307295
0.07808957
0.5508235
0.42425254
0.09396107
0.29169226
0.9647083
0.00929043
0.361567
0.745932
0.8363811
0.26551843
0.6515658
0.7214325
0.12600236
0.18966219
0.81840444
0.07791623
0.5987364
0.022685865
0.20837656
0.7646383
0.23437615
0.32369283
0.7590599
0.1560356
0.8508208
0.6229389
0.98668975
0.9122736
0.7858286
0.4190838
0.35823908
0.033666074
0.23467292
0.85229105
0.71691793
0.3182129
0.9003998
0.643031
0.36609387
0.47556892
0.3115921
0.10271243
0.9255053
0.17483209
0.99144477
0.63716406
0.8468157
0.10044109
0.062453616
0.7562366
0.6261362
0.033034436
0.63682026
0.24271156
0.34396192
0.8015145
0.5898992
0.9481857
0.75256497
0.9221404
0.105201505
0.24209556
0.52351665
0.7322696
0.38522834
0.9858769
0.7168892
0.8894939
0.8373864
0.29962155
0.68481743
0.4453622
0.7384105
0.10584842
0.025913386
0.93687373
0.4752776
0.0942406
0.7661632
0.25539583
0.4396017
0.5257616
0.058877636
0.19086123
0.17024428
0.7674996
0.96677136
0.74940854
0.75613755
0.8713188
0.042751584
0.89593804
0.67422605
0.66635996
0.34847924
0.84210175
0.071680345
0.68603927
0.58636993
0.8111339
0.6070488
0.80978733
0.71193475
0.17225082
0.5457755
0.72640777
0.46173713
0.13106446
0.7163201
0.8116336
0.022150574
0.03174817
0.8873015
0.30869934
0.4131256
0.4462674
0.113112204
0.16565652
0.23442513
0.07292079
0.1260737
0.56214476
0.5050588
0.35541925
0.34516495
0.890587
0.28944835
0.46874928
0.38103706
0.15622972
0.34949183
0.24036346
0.6041367
0.9341314
0.13140386
0.24322867
0.69598055
0.16572557
0.5820018
0.2805628
0.42848876
0.16504867
0.6782528
0.0017975216
0.43728375
0.21939592
0.816554
0.82731396
0.613505
0.8267643
0.26059386
0.20322014
0.7102141
0.97395223
0.82186496
0.12541775
0.8151891
0.5864216
0.7062297
0.6264704
0.821758
0.46212405
0.31036294
0.46318033
0.31256875
0.75225765
0.8864028
0.8936754
0.80954236
0.8110813
0.32896766
0.98688006
0.42455417
0.289849
0.64631516
0.17989567
0.12895623
0.23114952
0.9497249
0.44208184
0.5253853
0.33776665
0.38885725
0.20987329
0.09032649
0.5868575
0.74847955
0.40878722
0.117827624
0.3053521
0.338716
0.08008687
0.42741424
0.6736374
0.96311736
0.013997655
0.17106546
0.45161298
0.2647984
0.29424578
0.054858997
0.5473045
0.8707334
0.5713285
0.42095566
0.9908264
0.9803934
0.10749515
0.38240016
0.9228587
0.20851922
0.92664725
0.93271524
0.5074103
0.72451115
0.97128046
0.2329939
0.29436013
0.8767752
0.66397434
0.88187325
0.8518048
0.43793872
0.43725148
0.10372278
0.5259282
0.35307297
0.21975687
0.527709
0.8822611
0.9582072
0.5248753
0.74003756
0.019945845
0.0043303086
0.21579969
0.96631336
0.6132984
0.6690865
0.77038753
0.74405885
0.92350787
0.8915024
0.55308217
0.030287659
0.07053553
0.3188442
0.34393775
0.24794628
0.5939788
0.17446913
0.41705737
0.49526206
0.1762237
0.9249097
0.21027437
0.44039235
0.38293594
0.7106841
0.6734161
0.69540745
0.3611455
0.76515275
0.86072314
0.31973562
0.55229086
0.40858114
0.039842118
0.71754944
0.9893288
0.6338041
0.20186734
0.9834642
0.48120335
0.17846856
0.5249337
0.6223289
0.7713983
0.7143119
0.34673196
0.1586416
0.7610739
0.9932598
0.91236454
0.30015233
0.13726473
0.8435828
0.4554806
0.51644176
0.14912286
0.24752909
0.17190446
0.47161984
0.7321761
0.95125866
0.81090456
0.74724174
0.5443559
0.9574356
0.22194879
0.07749218
0.5991442
0.41329846
0.38922894
0.7038354
0.7639901
0.843405
0.17322023
0.84645814
0.5041161
0.20935866
0.8855761
0.070995934
0.46635252
0.72783524
0.063845895
0.01660572
0.061359454
0.48899648
0.9238066
0.57907724
0.46387583
0.1305426
0.0087105865
0.96582156
0.64391
0.70943916
0.0023278983
0.108585924
0.37577087
0.95752454
0.15877338
0.026872717
0.9030183
0.42165735
0.41377795
0.9690767
0.47769585
0.27271193
0.21127233
0.4756869
0.13937362
0.27096176
0.8958691
0.10782179
0.14089787
0.5955875
0.64351344
0.33635762
0.14288154
0.5325656
0.41694596
0.89793706
0.8894735
0.3149517
0.41383436
0.7590981
0.50141346
0.1665668
0.31193027
0.6072024
0.20301302
0.10653867
0.9012421
0.8594429
0.6629192
0.7551405
0.95016235
0.8483594
0.7514653
0.4762573
0.58047444
0.79645485
0.26067576
0.620847
0.27071387
0.7757949
0.0060670474
0.93944794
0.40285766
0.66126204
0.9334831
0.7778927
0.32948223
0.7426767
0.76427925
0.26123276
0.26110125
0.946015
0.3360135
0.3049781
0.66744035
0.41165203
0.98084605
0.9601089
0.020124901
0.7606749
0.4733974
0.71151316
0.41168898
0.93945026
0.13213351
0.76483023
0.71734124
0.64740956
0.13609573
0.5507575
0.063869014
0.6951594
0.20396869
0.64985627
0.8377326
0.6897826
0.58456314
0.062171996
0.4608013
0.15435424
0.9255125
0.57788885
0.82029027
0.23869161
0.34553832
0.50289625
0.7152886
0.19480321
0.74140364
0.90458715
0.23767689
0.56488895
0.7382572
0.21849799
0.8047421
0.18275866
0.20652092
0.7362761
0.2571279
0.29855213
0.7577827
0.59484303
0.43182796
0.02330352
0.67249167
0.60414255
0.09531461
0.88483304
0.71612954
0.19875492
0.3714511
0.6874089
0.80833715
0.6261658
0.6904367
0.29668534
0.24262044
0.4277594
0.0534179
0.39390555
0.34218615
0.5225625
0.30835256
0.6046653
0.3241275
0.5616235
0.4696622
0.5850041
0.2693885
0.80969906
0.041998923
0.89987975
0.42157608
0.074562214
0.6923617
0.45486012
0.7001351
0.7084131
0.4691928
0.7688729
0.16111861
0.06840783
0.098370075
0.13955411
0.5222901
0.7558267
0.9160967
0.6723706
0.38699582
0.7522293
0.15743487
0.06345207
0.8757427
0.6771446
0.5675596
0.8627751
0.7389299
0.6520287
0.25521967
0.39254677
0.85583156
0.83881927
0.124268584
0.7770071
0.67146534
0.9708341
0.74260336
0.6511659
0.51702595
0.53016824
0.12021201
0.848734
0.31420153
0.9758626
0.15657352
0.65386254
0.8665828
0.31969213
0.4008967
0.60130847
0.3224073
0.44469178
0.38934332
0.9153139
0.15824872
0.15993379
0.2133251
0.43799183
0.15932892
0.40942773
0.27392426
0.7475071
0.2048832
0.7496762
0.89223635
0.3507526
0.5042676
0.7302209
0.6130146
0.43507698
0.54623646
0.89204353
0.6924587
0.89283437
0.44979018
0.94258994
0.6488732
0.48943207
0.27453038
0.5659109
0.631705
0.29792508
0.04039375
0.1717034
0.47626588
0.58288425
0.17260017
0.2465304
0.306444
0.7572968
0.03645241
0.8348105
0.7384942
0.94559073
0.6546338
0.72696203
0.3439976
0.24473491
0.0072120475
0.54640144
0.24951032
0.5936598
0.7650132
0.8996151
0.4557634
0.047152072
0.67418677
0.1481371
0.11679427
0.600887
0.9347641
0.7405218
0.07623341
0.7096277
0.7702501
0.43847695
0.023385083
0.111214526
0.38581446
0.53192246
0.022416648
0.91913664
0.62907606
0.2729177
0.93227446
0.37715623
0.7931522
0.6613388
0.01400628
0.54934835
0.92092586
0.7684547
0.91401327
0.045059904
0.06261154
0.54070055
0.43480152
0.8664471
0.9376272
0.70855516
0.57358533
0.09929512
0.18945862
0.2909599
0.6704298
0.48572218
0.6778868
0.9656226
0.3938369
0.25424013
0.1595374
0.2952987
0.14479609
0.8831674
0.047347944
0.25169483
0.54748774
0.5242206
0.18337618
0.39692956
0.694905
0.30379805
0.45508054
0.9820781
0.8313747
0.47810686
0.013527672
0.78808165
0.6795163
0.643129
0.8176995
0.20931359
0.4643214
0.56938946
0.8293037
0.89593714
0.7016329
0.33677545
0.059754048
0.8844777
0.8224836
0.24216852
0.2692456
0.72067267
0.90406
0.39602044
0.77234125
0.0045011668
0.11368653
0.84463906
0.18506725
0.45450792
0.9070021
0.83210534
0.55028254
0.5088522
0.7043761
0.06442112
0.020246899
0.37997377
0.8444939
0.89021516
0.28104025
0.2689538
0.30653754
0.073486425
0.53479713
0.85635704
0.16559784
0.6557721
0.6034439
0.30222726
0.10398325
0.1045093
0.9810695
0.7953069
0.5528195
0.5350192
0.6460675
0.5852549
0.6784793
0.7913571
0.2749241
0.24272868
0.67411417
0.5563427
0.5619809
0.72747487
0.47161797
0.8133346
0.24375921
0.6945337
0.10135744
0.52472335
0.9021161
0.6476299
0.2366684
0.6300277
0.83174866
0.83903813
0.9866178
0.0332489
0.4335816
0.70962965
0.49463734
0.6352449
0.9519908
0.21780981
0.48816985
0.80509984
0.9334789
0.8006423
0.975489
0.69638836
0.95913416
0.5785175
0.9026013
0.40800008
0.97606665
0.4918202
0.27399665
0.9222658
0.8645453
0.66572976
0.40257296
0.19087158
0.37587392
0.6838263
0.015744673
0.8800143
0.85597724
0.6913334
0.26274925
0.7252854
0.26046115
0.9241904
0.36904454
0.25153258
0.9757782
0.44092414
0.8424361
0.71801704
0.7028435
0.7375981
0.655219
0.56357664
0.059846487
0.5693639
0.047354374
0.28214553
0.6146195
0.6069881
0.66888285
0.5294883
0.43704495
0.6311226
0.48338994
0.5024235
0.40490317
0.6413384
0.07775986
0.4578917
0.10590144
0.7650136
0.64295495
0.91004336
0.6384703
0.13344638
0.41392484
0.901702
0.6571133
0.38109636
0.9651334
0.98360187
0.5002772
0.6258464
0.5663994
0.22525512
0.8590055
0.87951785
0.7212654
0.84982646
0.513668
0.8391759
0.25386268
0.25667453
0.9752576
0.86440367
0.95364314
0.21220312
0.2882947
0.6216885
0.32156193
0.3477568
0.8289864
0.924134
0.55167484
0.46942443
0.40356645
0.14639793
0.59145033
0.68491745
0.7197711
0.658457
0.3089165
0.23961711
0.95843655
0.65184164
0.3671284
0.44667512
0.3728656
0.17835173
0.9180379
0.2191256
0.85700566
0.5577237
0.5292633
0.2496487
0.5362736
0.7435976
0.46298903
0.15920512
0.22263974
0.33384338
0.056985896
0.078124814
0.55825275
0.0031614832
0.5841083
0.6116613
0.09924616
0.9081264
0.47169876
0.0018388882
0.06756076
0.6393527
0.49299493
0.56250614
0.160181
0.99012095
0.65380067
0.6826038
0.71257484
0.91253406
0.5577997
0.18315987
0.5549631
0.024108432
0.7249074
0.60381716
0.130839
0.7012264
0.5903824
0.18620783
0.046014033
0.6688666
0.056293856
0.27304682
0.51319003
0.54705894
0.3267405
0.16430923
0.90685815
0.12169691
0.66976625
0.7133653
0.80337
0.8417407
0.0634594
0.7693597
0.8871289
0.68047893
0.7103442
0.0960394
0.9574934
0.6861084
0.57268906
0.14105
0.37208048
0.14514516
0.34458914
0.17478205
0.3560467
0.8711999
0.5317235
0.11544086
0.46973833
0.7427323
0.14689726
0.44637448
0.47651178
0.35473934
0.8294728
0.64348894
0.85320103
0.16908395
0.95434594
0.643095
0.10256663
0.8320028
0.8540269
0.4522757
0.8307335
0.021610215
0.23804995
0.33980417
0.275955
0.5963813
0.10600358
0.82256645
0.06997358
0.37348595
0.043789566
0.81656384
0.9259237
0.46020555
0.6366204
0.3438592
0.3797633
0.075048804
0.14961432
0.4477047
0.055986498
0.40310088
0.8051219
0.6576212
0.3188196
0.98261935
0.20596531
0.00031319595
0.69423306
0.6813298
0.24141371
0.19619861
0.21029381
0.52861667
0.35442728
0.792699
0.20397705
0.91304183
0.070602104
0.35226265
0.8090219
0.86576587
0.6004338
0.40276104
0.045291714
0.9506499
0.13989182
0.039752327
0.39424595
0.6268959
0.48917255
0.0064829453
0.6119223
0.23206176
0.80331635
0.958129
0.80860955
0.9060637
0.82986975
0.45062155
0.74653906
0.58535534
0.21691631
0.18063475
0.02260192
0.18934505
0.7222166
0.55282104
0.717813
0.8879263
0.20619869
0.8095248
0.42940354
0.8311182
0.73576176
0.098826334
0.3503402
0.7523613
0.062006865
0.64716375
0.74286747
0.70163286
0.14291202
0.59507555
0.04555189
0.82148004
0.40018383
0.11160541
0.4073635
0.82223684
0.47047627
0.74130094
0.5553332
0.120202966
0.62303096
0.26363775
0.5005845
0.4079343
0.8489584
0.5175642
0.5204836
0.86824006
0.8016873
0.19228782
0.640187
0.4168127
0.8636232
0.6116804
0.46055964
0.51201826
0.58573127
0.8441588
0.8603393
0.33248195
0.53993136
0.97534454
0.327606
0.048168246
0.25546864
0.24440014
0.49119923
0.08617947
0.45629618
0.06713813
0.7255446
0.8169196
0.7738759
0.43516353
0.9663514
0.6852347
0.10847049
0.9070796
0.9873185
0.19603106
0.5350245
0.66155857
0.73730695
0.80659574
0.73730934
0.47261685
0.3947114
0.36166266
0.38015553
0.5001361
0.84159356
0.439962
0.120043635
0.21071035
0.9754237
0.26729813
0.91510254
0.11050536
0.4760223
0.66374314
0.67277163
0.7365893
0.91003996
0.396312
0.4111075
0.6831263
0.33150932
0.6543886
0.25758505
0.78233224
0.04652657
0.68581665
0.007958707
0.016531115
0.09544491
0.61786014
0.6594669
0.4296578
0.23562628
0.2768997
0.170326
0.8324245
0.40816638
0.15018588
0.29942524
0.6562972
0.5636991
0.07790828
0.6918407
0.40611446
0.46861714
0.5878839
0.4433526
0.05845139
0.40108842
0.6143997
0.5450095
0.76181996
0.9136978
0.86544144
0.47789526
0.7998281
0.6300606
0.33129823
0.06519757
0.95775276
0.50274414
0.09039861
0.053457215
0.81188196
0.38754466
0.61278886
0.023439463
0.15002596
0.4606712
0.8164721
0.3276846
0.75228643
0.672101
0.42538455
0.58747596
0.44811574
0.5839568
0.66747427
0.1276321
0.94967675
0.03243309
0.6085408
0.088076174
0.98641247
0.93811345
0.66886634
0.20159039
0.1174405
0.31448644
0.117351875
0.06923592
0.87054896
0.9841344
0.20576613
0.4819074
0.8143932
0.59030086
0.6561081
0.27908587
0.823329
0.021569075
0.061574444
0.3296249
0.83549905
0.20710507
0.31537613
0.07105956
0.5241654
0.8326808
0.80350214
0.19462425
0.41373298
0.22650388
0.31702533
0.25794846
0.06986161
0.49554682
0.2687636
0.5385304
0.13556884
0.8822379
0.08766413
0.67531174
0.77958983
0.46568316
0.9048565
0.17982103
0.8784165
0.369881
0.8345392
0.34353265
0.70614433
0.022818595
0.007096252
0.87949115
0.68877363
0.82150173
0.074431695
0.34267735
0.20095693
0.93420285
0.1891058
0.61697304
0.61577904
0.3519955
0.41450533
0.8662911
0.18460049
0.5781678
0.039528295
0.7004255
0.66564447
0.56005764
0.50585514
0.8166258
0.9358615
0.7727619
0.867069
0.65253055
0.3495196
0.21249804
0.03454253
0.9435953
0.62717074
0.85597813
0.812858
0.762121
0.14096431
0.7288868
0.042065714
0.3739086
0.18339027
0.13090844
0.20334747
0.743916
0.97075355
0.15744236
0.98012996
0.5139714
0.06146527
0.9143145
0.2526254
0.8062123
0.51158273
0.182658
0.40935022
0.7245073
0.17516539
0.4628918
0.672118
0.8840764
0.21881315
0.66792905
0.67452174
0.69557214
0.6553593
0.85275924
0.7438883
0.98724467
0.48939034
0.76824456
0.17389761
0.20528379
0.16836815
0.5652653
0.36708876
0.6511327
0.02349647
0.51234484
0.23890662
0.9953282
0.62600684
0.6177569
0.32475644
0.2719587
0.21453847
0.49346814
0.77106154
0.006932034
0.6129748
0.97576076
0.21341527
0.713837
0.81627566
0.2786177
0.039018933
0.2486238
0.56743205
0.1520592
0.40280786
0.054616347
0.44894353
0.11981482
0.85987556
0.4180145
0.36357373
0.20910984
0.55757636
0.82857245
0.8195353
0.33175036
0.23862605
0.96513784
0.782149
0.528786
0.08952472
0.25221246
0.22770336
0.0879772
0.0874049
0.41251734
0.38903308
0.46292427
0.048273742
0.86585414
0.6106453
0.9357229
0.5035383
0.7439117
0.27661425
0.31995353
0.03125571
0.93025273
0.46971646
0.36746994
0.48169497
0.0041603637
0.5585122
0.8125584
0.7977795
0.34541568
0.13676514
0.42816266
0.12792942
0.9586462
0.21709305
0.80906093
0.6823882
0.5498267
0.12839323
0.703912
0.4402197
0.3817089
0.51246566
0.49677184
0.54473984
0.43886128
0.21918924
0.7571104
0.3744535
0.8587101
0.049724568
0.38006455
0.28100714
0.25336686
0.19021223
0.14564689
0.9545692
0.01437542
0.29970318
0.99455285
0.4715507
0.09451784
0.1410888
0.024860224
0.59885156
0.45171493
0.3119782
0.29471132
0.7056829
0.37340984
0.98512477
0.9689461
0.7670437
0.9050711
0.6072876
0.3000602
0.47372073
0.06511176
0.32714403
0.756782
0.42281988
0.365694
0.34234935
0.7816449
0.079787634
0.2196186
0.7440515
0.42891684
0.82197034
0.8175691
0.99927235
0.40130264
0.73385185
0.8632703
0.9820221
0.92014486
0.9468781
0.040593643
0.6287942
0.056315575
0.4438581
0.10565833
0.2585182
0.6750628
0.71514195
0.8291584
0.50253236
0.45318636
0.43641648
0.37345746
0.45862535
0.7621004
0.8480695
0.90195304
0.81560117
0.23731194
0.21513215
0.424443
0.24623115
0.17668235
0.37775984
0.95018256
0.58025515
0.42767632
0.5470856
0.9306916
0.46501982
0.74738604
0.052829526
0.49021742
0.75401187
0.22058849
0.27473596
0.7723994
0.6868181
0.08235174
0.57192916
0.60868055
0.20491552
0.79228806
0.006436737
0.7358764
0.37619343
0.87780493
0.23719932
0.3639754
0.6360244
0.5106989
0.25108463
0.18893665
0.007810274
0.22262235
0.25397977
0.17968139
0.28508073
0.94772094
0.43848133
0.8300235
0.5535025
0.6589298
0.6021852
0.30367306
0.39567697
0.50481796
0.17397258
0.25752428
0.16927491
0.19144084
0.6541211
0.3373623
0.24230105
0.84743035
0.4839693
0.63727015
0.007410672
0.68902016
0.5335043
0.21183231
0.7664505
0.2851279
0.34459966
0.21321544
0.60768104
0.71831644
0.17509641
0.83516574
0.6101674
0.016929384
0.64247835
0.18998127
0.51177305
0.033716664
0.4447686
0.54320896
0.45608687
0.100853786
0.6984902
0.4513412
0.72668195
0.3950405
0.7000762
0.7059418
0.110421464
0.4954762
0.96466106
0.9802803
0.48057804
0.052665103
0.97611576
0.4057065
0.57676244
0.33285263
0.60188144
0.6150723
0.44360787
0.7759317
0.63729125
0.8865576
0.022827603
0.11263897
0.362482
0.47970703
0.14227052
0.7565871
0.6927735
0.59461915
0.9427051
0.7418753
0.20074052
0.53722525
0.72202975
0.6042884
0.032373555
0.549291
0.7780038
0.5130062
0.67209005
0.85447645
0.12848775
0.10916055
0.27811944
0.5943211
0.6346161
0.04670346
0.40627927
0.28376323
0.2597815
0.89435416
0.3177984
0.8232706
0.66493297
0.3359739
0.33530578
0.7240855
0.6262248
0.025213784
0.33516824
0.31080353
0.6458088
0.06630293
0.5551988
0.12290965
0.02402722
0.014064524
0.23103498
0.52119726
0.3619835
0.05893818
0.8332141
0.84726375
0.5956007
0.426759
0.9100546
0.77343357
0.22900276
0.45520306
0.33265927
0.5767596
0.74269724
0.1781857
0.41115224
0.76851577
0.7588844
0.37162676
0.65810704
0.48052245
0.33270934
0.8712214
0.86932427
0.47957987
0.682911
0.095701575
0.34672618
0.8273638
0.8243593
0.37831128
0.58272535
0.09777694
0.65277624
0.45606843
0.17934123
0.39921558
0.196742
0.5868052
0.7650894
0.2385788
0.5150704
0.7127592
0.78727293
0.25454384
0.06681032
0.90410775
0.26587966
0.5767697
0.4860902
0.32080236
0.95457596
0.42607498
0.15283057
0.7178844
0.7666269
0.3676729
0.92035496
0.010016348
0.9487578
0.31482676
0.076002695
0.04726972
0.4876093
0.51096535
0.66370046
0.9269728
0.095228165
0.589226
0.11610172
0.44777355
0.41345784
0.39037377
0.88069564
0.7070026
0.24342026
0.83935857
0.03245842
0.33436298
0.111339964
0.7304348
0.20746672
0.64807487
0.73642546
0.31652808
0.29593113
0.37367406
0.39582032
0.22163689
0.4934616
0.8097716
0.9439724
0.79510075
0.15146784
0.50762683
0.93559086
0.80032015
0.13539556
0.27601883
0.15026051
0.7813122
0.9382576
0.9363039
0.40783536
0.41315123
0.7460089
0.65519035
0.67439854
0.38828015
0.6484643
0.2198227
0.45099875
0.998932
0.22283271
0.581763
0.19564863
0.7700181
0.614661
0.055923395
0.30508643
0.70072025
0.581532
0.93727255
0.50462186
0.32254583
0.6949456
0.93217313
0.3142521
0.8286955
0.041049723
0.03409227
0.085020095
0.96199924
0.83878237
0.80690974
0.058602992
0.22529548
0.29488507
0.9888827
0.86142373
0.98453796
0.26626164
0.411236
0.864492
0.6633364
0.24652089
0.7327261
0.99672437
0.97022504
0.39372846
0.35012332
0.50479454
0.9334128
0.65348256
0.05657161
0.22758159
0.97192216
0.36849067
0.5863031
0.33588198
0.4000766
0.786706
0.012598248
0.5510392
0.8153696
0.46518257
0.45731333
0.78348637
0.56026375
0.26545274
0.2644614
0.3569244
0.92018634
0.68867236
0.15912473
0.15287383
0.29964605
0.049579225
0.5437677
0.94380534
0.38909173
0.901165
0.9593097
0.3096967
0.49828386
0.5077633
0.9303324
0.74295026
0.74225897
0.81036276
0.74291295
0.017395435
0.7094048
0.8140708
0.3534445
0.021464406
0.040171716
0.5571504
0.3822774
0.3671504
0.729561
0.15620416
0.094496794
0.9517815
0.86003155
0.73419005
0.63164353
0.36778903
0.07577288
0.48570025
0.19055909
0.974221
0.2289689
0.9424171
0.2515973
0.9754368
0.2068687
0.5097185
0.82866174
0.6093051
0.1531878
0.16592482
0.38519573
0.47643268
0.6717136
0.9332533
0.37172708
0.81025505
0.83262026
0.75772464
0.49207056
0.9042912
0.5669453
0.21692304
0.5613739
0.31426007
0.39777103
0.59301883
0.09405494
0.6502918
0.07307888
0.61790806
0.27855146
0.011721633
0.77426183
0.5824804
0.27025685
0.2856507
0.8707799
0.43431827
0.18220729
0.45952466
0.7170886
0.8733471
0.9501732
0.15487093
0.8085993
0.48277584
0.98983306
0.26356915
0.2079866
0.66204596
0.17575516
0.32116657
0.76233494
0.67776865
0.40779313
0.3328692
0.71143365
0.95695585
0.9888582
0.9921867
0.85497934
0.2418106
0.7738307
0.8830981
0.742639
0.5745411
0.89639485
0.35067794
0.29629752
0.91778624
0.06459955
0.8419285
0.48650092
0.38051605
0.533466
0.7612084
0.93397737
0.74874365
0.20499428
0.78336716
0.38938382
0.5454066
0.99018943
0.6573976
0.9372626
0.57271236
0.6418067
0.56889737
0.2949926
0.9882804
0.9230792
0.6389492
0.21251845
0.042763643
0.61561745
0.12576306
0.43109223
0.24729714
0.37304017
0.06632471
0.11012071
0.9313573
0.46099338
0.91964734
0.59635633
0.61156166
0.086249605
0.43954504
0.45543388
0.062875815
0.7513023
0.27506426
0.7568561
0.34199125
0.8079253
0.7206291
0.27064872
0.35491517
0.48055112
0.36838648
0.3619598
0.34999242
0.10130804
0.8518092
0.1687931
0.29538488
0.28844056
0.48486567
0.7690073
0.26477838
0.022744041
0.8620732
0.3253067
0.24972531
0.30328327
0.11893852
0.12255153
0.43726712
0.7012458
0.17215933
0.25689715
0.810423
0.33765182
0.3617791
0.9123384
0.109653115
0.6812438
0.6768344
0.4909308
0.129428
0.7161438
0.4748426
0.2390056
0.1457666
0.60176957
0.85278344
0.20500596
0.4906511
0.26353237
0.09132266
0.74344265
0.91951376
0.4922237
0.029338188
0.8548932
0.94857883
0.6240372
0.028709799
0.08836397
0.66335887
0.34995028
0.25190297
0.95471007
0.92748684
0.5305935
0.7705245
0.41247517
0.65088373
0.9675372
0.8859815
0.62153625
0.8280168
0.8703566
0.5732145
0.140205
0.7957535
0.6331997
0.48549452
0.3965165
0.023910027
0.15293029
0.16069077
0.22913794
0.7244437
0.16653584
0.4602106
0.3172311
0.757404
0.17293988
0.97706723
0.5389769
0.542744
0.29028186
0.6079747
0.68054426
0.03268284
0.267203
0.70886636
0.51797396
0.8835216
0.20923498
0.929138
0.64647675
0.57114106
0.64403987
0.609992
0.48999748
0.32838914
0.067449816
0.4237154
0.45656973
0.22814159
0.0315184
0.25845742
0.62521803
0.8515224
0.12600508
0.3720426
0.8645424
0.32812536
0.18006362
0.87382585
0.42862883
0.5415645
0.88235116
0.7072811
0.063286796
0.067987315
0.26788473
0.18395686
0.7085624
0.63871545
0.75594527
0.07042911
0.75553197
0.67362237
0.34238774
0.4275954
0.32766098
0.48558676
0.51956993
0.3861373
0.5522868
0.85207015
0.020519402
0.12832558
0.8932868
0.7957133
0.99206233
0.079638064
0.921969
0.24385594
0.16631351
0.0016792292
0.7866108
0.71252483
0.31979397
0.4039403
0.9464612
0.674248
0.69546586
0.05889555
0.78520894
0.13185838
0.85514027
0.33409727
0.16681379
0.39532137
0.22175956
0.6457107
0.4828507
0.037684314
0.17783749
0.7002073
0.0040923255
0.9848713
0.33058068
0.0949066
0.42964667
0.92966413
0.08350537
0.49894196
0.7682973
0.13067289
0.9594716
0.34690014
0.9071273
0.60703844
0.18593168
0.49154997
0.14224501
0.58181864
0.58812404
0.097485945
0.18184014
0.60838383
0.51988596
0.5816534
0.047114026
0.32196832
0.95274574
0.9445263
0.4296238
0.78630036
0.26067692
0.54499906
0.7344352
0.9884713
0.11407276
0.5130343
0.27846038
0.4602592
0.1806861
0.8431972
0.98942167
0.32769543
0.59672
0.54304427
0.7805606
0.21765226
0.45967755
0.6296549
0.6017411
0.9176828
0.9956923
0.9335178
0.15408765
0.12636591
0.8129836
0.48764122
0.14051023
0.35629582
0.049047355
0.9582602
0.08133826
0.6988421
0.4877794
0.61511505
0.7288532
0.992971
0.9647847
0.31536782
0.1437996
0.07051053
0.649939
0.1674513
0.9523056
0.2866917
0.16333413
0.970615
0.012213336
0.54362625
0.4850043
0.058247596
0.48519334
0.18350287
0.94631135
0.044102374
0.768818
0.0377331
0.75046647
0.72912145
0.37354618
0.87557256
0.13840283
0.4981587
0.40834185
0.7054599
0.27971593
0.49819392
0.093180865
0.26796535
0.9748462
0.54409146
0.811185
0.14928795
0.33751684
0.4645375
0.65672004
0.3746856
0.75970024
0.5995543
0.965238
0.02307971
0.41467676
0.8153955
0.90728194
0.4144714
0.53534245
0.43316197
0.017218126
0.8516676
0.30839694
0.62285584
0.62224907
0.004225614
0.092509665
0.82276267
0.781075
0.96816796
0.299084
0.7869468
0.3171307
0.10059504
0.17056191
0.358666
0.6617055
0.3594049
0.6088446
0.16766554
0.4147262
0.07915138
0.48892665
0.2558309
0.5864205
0.09001857
0.81132686
0.31317663
0.5371027
0.81525725
0.9179017
0.27278876
0.64172834
0.6795673
0.8928535
0.43765506
0.14185122
0.9370642
0.13689093
0.05675407
0.16479462
0.23325251
0.39590847
0.34893987
0.11507541
0.8629523
0.7399095
0.88612163
0.051723666
0.39898595
0.57234246
0.73390996
0.6890475
0.56288046
0.67129505
0.65700674
0.8445615
0.10316592
0.23230477
0.07981493
0.9410089
0.33517376
0.35783494
0.7348093
0.23702054
0.4415398
0.14466086
0.09701951
0.24029015
0.60639834
0.75517106
0.27397415
0.7603299
0.28247863
0.40835753
0.19486172
0.43694967
0.92728174
0.15937196
0.36205882
0.16186145
0.5968158
0.38586262
0.8041995
0.08619645
0.9455774
0.09921658
0.2523819
0.032929815
0.930631
0.7494705
0.112503454
0.75576746
0.82973814
0.6370634
0.17626634
0.35044312
0.9260674
0.8983406
0.9376711
0.86532426
