0.0
0.0
0.0
0.0
0.0
0.0
0.0
0.0
0.0
0.0
0.0
0.0
0.0
0.0
0.0
0.0
0.0
0.0
0.0
0.0
0.0
0.0
0.0
0.0
0.0
0.0
0.0
0.0
0.0
0.0
0.0
0.0
0.0
0.0
0.0
0.0
0.0
0.0
0.0
0.076240554
0.0
0.0
0.0
0.076240554
0.0
0.0
0.0
0.0
0.0
0.0
0.0
0.0
0.0
0.0
0.0
0.0
0.0
0.0
0.0
0.0
0.0
0.0
0.0
0.0
0.0
0.0
0.0
0.0
0.0
0.0
0.0
0.0
0.0
0.0
0.0
0.0
0.0
0.0
0.0
0.0
0.0
0.0
0.0
0.0
0.076240554
0.0
0.0
0.0
0.0
0.0
0.0
0.0
0.0
0.0
0.0
0.0
0.0
0.15248111
0.0
0.0
0.0
0.0
0.076240554
0.0
0.0
0.076240554
0.0
0.076240554
0.0
0.0
0.0
0.0
0.0
0.0
0.42300305
0.0
0.0
0.0
0.0
0.0
0.0
0.0
0.0
0.0
0.0
0.0
0.0
0.0
0.0
0.0
0.0
0.0
0.0
0.0
0.0
0.0
0.42300305
0.0
0.0
0.0
0.0
0.0
0.0
0.0
0.0
0.0
0.0
0.0
0.0
0.0
0.42300305
0.0
0.0
0.0
0.0
0.0
0.0
0.0
0.0
0.0
0.0
0.0
0.0
0.0
0.0
0.0
0.0
0.42300305
0.42300305
0.0
0.0
0.0
0.76794976
0.0
0.76794976
0.76794976
0.0
0.0
0.0
0.0
0.0
0.0
0.0
0.0
0.0
0.0
0.0
0.0
0.0
0.0
0.0
0.0
0.0
0.0
0.0
0.0
0.0
0.0
0.0
0.76794976
0.0
0.76794976
0.76794976
0.0
0.0
0.0
0.76794976
0.0
0.0
0.0
0.0
0.3895706
0.0
0.0
0.0
0.3895706
0.0
0.0
0.0
0.3895706
0.3895706
0.0
0.0
0.3895706
0.0
0.0
0.0
0.0
0.0
0.0
0.0
0.0
0.3895706
0.0
0.0
0.0
0.0
0.0
0.0
0.0
0.0
0.0
0.0
0.0
0.3895706
0.0
0.0
0.0
0.0
0.6041263
0.0
0.0
0.0
0.0
0.0
0.6041263
0.0
0.0
0.0
0.0
0.0
0.0
0.0
0.0
0.0
0.0
0.0
0.0
0.0
0.0
0.0
0.0
0.0
0.0
0.0
0.0
0.0
0.0
0.6041263
0.6041263
0.0
0.0
0.67100424
0.0
0.0
0.67100424
0.67100424
0.0
0.0
0.0
0.0
0.0
0.0
0.67100424
0.0
0.0
0.0
0.0
0.0
0.0
0.0
0.0
0.0
0.0
0.67100424
0.0
0.67100424
0.0
0.0
0.0
0.0
0.0
0.0
0.0
0.0
0.0
0.0
0.0
0.0
0.0
0.0
0.67100424
0.0
0.0
0.0
0.0
0.0
0.0
0.0
0.67100424
0.0
0.0
0.0
0.0
0.0
0.0
0.0
0.47670737
0.0
0.0
0.0
0.0
0.0
0.47670737
0.0
0.0
0.0
0.0
0.0
0.0
0.0
0.0
0.0
0.0
0.47670737
0.0
0.0
0.0
0.0
0.0
0.0
0.0
0.0
0.0
0.0
0.0
0.0
0.47670737
0.47670737
0.0
0.0
0.0
0.0
0.0
0.0
0.0
0.47809416
0.0
0.0
0.0
0.0
0.47809416
0.0
0.0
0.0
0.0
0.0
0.0
0.0
0.0
0.0
0.0
0.0
0.0
0.0
0.0
0.0
0.0
0.0
0.0
0.0
0.0
0.0
0.0
0.0
0.47809416
0.0
0.47809416
0.9561883
0.0
0.0
0.0
0.0
0.0
0.28081718
0.0
0.0
0.0
0.0
0.0
0.0
0.0
0.0
0.0
0.28081718
0.0
0.0
0.0
0.0
0.0
0.0
0.0
0.0
0.0
0.28081718
0.0
0.0
0.28081718
0.28081718
0.0
0.0
0.28081718
0.0
0.0
0.28081718
0.0
0.0
0.0
0.0
0.0
0.5638186
0.5660027
0.0
0.28300136
0.0
0.0
0.28300136
0.0
0.0
0.31161106
0.31161106
0.0
0.31161106
0.0
0.0
0.0
0.0
0.0
0.0
0.0
0.0
0.31161106
0.0
0.0
0.0
0.31161106
0.0
0.31161106
0.8889931
0.0
0.0
0.8889931
0.0
0.0
0.8889931
0.040847473
0.0
0.040847473
0.040847473
0.0
0.040847473
0.0
0.0
0.0
0.0
0.0
0.0
0.0
0.0
0.081694946
0.0
0.0
0.0
0.0
0.0
0.040847473
0.30071622
0.0
0.30071622
0.0
0.30071622
0.30071622
0.0
0.0
0.0
0.0
1.2657921
0.0
0.0
0.96507585
0.96507585
1.9301517
0.0
0.96507585
0.8860611
0.0
0.8860611
0.8860611
0.8860611
2.670373
0.0
0.0
0.8921559
0.8921559
0.8921559
0.8921559
1.7724121
0.0
0.8802561
0.0
0.8802561
2.7021213
0.0
0.0
0.0
0.9416091
0.0
0.9416091
0.0
0.9416091
2.8248272
0.19905417
0.0
0.19905417
0.19905417
0.39810833
0.5284098
0.2642049
2.0522888
0.0
1.0411704
0.8022164
0.4011082
0.0
1.2033246
1.3633473
0.0
0.68167365
0.68167365
0.0
0.0
1.3760118
0.012664518
0.0
0.012664518
0.3509456
0.33828107
0.67656213
0.67656213
1.1002959
0.0
0.7620148
0.0
1.5240296
0.7620148
0.94819534
0.6321302
0.0
0.3160651
0.3160651
0.8927723
0.5767072
1.6502104
0.4125526
0.30908954
0.30908954
0.6181791
0.30908954
4.0919466
1.0618339
0.48688897
0.0
0.0
0.24344449
0.0
0.0
0.24344449
0.0
0.36399284
0.0
0.0
0.12054835
0.2410967
0.9582838
1.9165676
1.9165676
5.744942
0.9573317
0.9573317
0.0
0.7383128
0.0
0.7383128
0.0
0.7383128
0.7383128
2.183075
2.119348
1.8594506
1.7862071
0.0
0.44655177
0.0
0.44655177
1.4194587
0.97290695
0.97290695
3.8916278
0.0
0.21947724
0.0
0.21947724
0.21947724
0.21947724
0.0
0.0
0.21947724
0.21947724
0.0
0.66690505
0.0
0.66690505
0.66690505
1.0512912
1.1531585
0.76877236
0.0
0.29210556
0.0
0.29210556
0.0
0.29210556
0.29210556
0.87631667
0.64613396
1.2922679
0.0
1.2922679
0.0
0.37489107
0.0
0.0
0.0
0.0
0.0
0.0
0.0
0.37489107
0.37489107
0.37489107
0.0
0.0
0.6845829
0.34229144
0.0
0.0
0.34229144
0.34229144
0.6173944
0.27510294
0.27510294
0.5502059
0.0
0.27510294
2.797143
0.932381
1.4375939
0.50521296
1.0104259
0.0
2.0024955
0.49909416
0.49909416
1.3532172
0.85412306
0.0
0.0
0.85412306
0.85412306
0.0
0.2783795
0.2783795
0.2783795
0.2783795
0.0
0.2783795
0.46765438
0.46765438
0.93530875
0.0
0.0
0.46765438
0.0
0.0
0.46765438
0.46765438
0.98094165
1.0265746
0.0
1.0265746
0.5132873
0.0
0.5599851
0.27999255
0.0
0.0
0.5599851
0.90674746
0.90674746
0.0
0.0
0.90674746
0.0
0.90674746
0.0
0.90674746
0.0
0.0
0.0
0.90674746
0.44289082
1.3286724
0.67490554
0.0
0.33745277
0.33745277
0.0
0.0
0.0
1.0657265
1.4565476
0.0
0.0
0.7282738
0.0
0.7282738
1.9380171
0.0
2.9070258
0.0
0.0
0.0
1.8315017
0.86249316
0.86249316
0.86249316
0.86249316
0.0
0.86249316
0.0
0.0
0.86249316
0.0
0.5460555
0.0
0.0
0.5460555
1.6381664
0.0
0.0
0.4750832
0.0
0.9501664
0.4750832
0.63622564
1.9086769
0.0
0.63622564
0.0
0.0
0.0
0.63622564
0.63622564
0.0
0.0
0.0
0.0
0.0
0.13161997
0.0
0.0
0.0
0.0
0.13161997
0.13161997
0.0
0.0
0.0
0.0
0.0
0.0
0.13161997
0.0
0.13161997
0.05869065
0.1173813
0.0
0.1173813
0.8644698
0.0
0.74708855
0.0
0.0
0.0
0.74708855
2.2198844
0.0
1.4514143
0.0
0.0
0.7257072
0.7257072
0.7257072
0.42439622
0.0
0.0
0.42439622
0.42439622
0.42439622
0.41653955
0.8330791
0.0
0.0
0.41653955
0.8330791
0.41653955
0.0
0.0
0.0
0.27800262
0.13900131
0.41700393
0.19721082
0.0
0.0
0.19721082
0.0
0.19721082
0.19721082
0.0
0.19721082
1.6380682
0.0
0.8190341
0.0
0.0
0.8190341
0.8190341
0.0
0.0
0.6460689
1.2921377
0.6460689
0.0
0.6460689
0.0
0.6460689
0.0
1.2921377
1.6306182
0.0
1.6306182
0.8153091
0.8153091
0.0
0.0
0.0
1.0279945
0.0
1.0279945
1.0279945
0.51399726
0.70510536
0.70510536
0.0
0.0
1.4102107
1.8785356
0.46832493
0.0
0.46832493
0.0
0.0
0.93664986
0.46832493
0.45865065
0.9173013
0.45865065
0.33843648
0.67687297
0.33843648
0.67687297
2.647375
0.0
0.8824584
0.8824584
0.0
0.80161077
0.80161077
0.0
1.6032215
1.5415368
0.0
0.0
1.4798521
0.0
1.4798521
2.219778
0.0
0.060845982
0.060845982
0.0
0.0
0.060845982
0.060845982
0.9837276
1.7240713
0.0
0.86203563
0.3179584
0.47693762
0.0
0.0
0.16581492
0.0
0.16581492
0.16581492
0.0
0.16581492
1.0961968
0.0
0.0
0.0
0.93038183
0.93038183
0.0
0.0
0.0
0.93038183
0.0
0.9398198
0.0
0.0
0.9398198
0.9398198
0.0
0.9398198
0.0
1.4862595
1.0928793
0.54643965
0.0
0.0
0.98861194
0.44217226
0.0
0.0
0.0
0.0
0.44217226
0.8843445
0.0
0.0
0.0
0.44217226
0.0
0.0
0.0
0.0
0.44217226
0.0
0.0
0.0
0.0
0.0
0.6070218
0.0
0.0
1.2140436
0.0
0.6070218
0.0
0.0
0.0
0.6216328
0.014611
0.0
0.0
0.029222
0.014611
0.21315597
0.6394679
0.0
0.0
0.9572959
0.0
0.0
0.7441399
1.4882798
1.4882798
1.9889615
0.0
0.0
0.9944807
0.9944807
0.0
0.0
0.9944807
0.24451983
0.48903966
0.0
0.24451983
0.48903966
0.0
0.7099861
0.0
0.7099861
1.4199722
0.7099861
0.0
0.0
0.7099861
0.7099861
0.17864724
0.08932362
1.0712504
0.0
1.7852063
0.0
0.0
0.0
0.0
0.89260316
0.0
0.89260316
0.89260316
0.89260316
0.0
0.791405
0.791405
0.0
0.791405
0.0
0.0
1.58281
0.791405
0.0
0.791405
1.58281
1.6647518
0.0
0.8323759
0.0
1.093716
0.0
0.26134017
0.0
0.26134017
0.0
0.0
0.0
0.26134017
0.26134017
0.0
0.8604507
0.8604507
0.0
1.7209014
0.0
1.7209014
0.16089234
0.32178468
0.0
0.53503436
0.0
0.561213
0.8959427
0.0
0.0
0.52180064
0.95873535
0.4369347
0.21846735
0.35393798
0.17696899
0.17696899
0.0
0.17696899
0.17696899
0.17696899
0.48707625
0.0
0.31010726
0.0
0.0
0.0
0.31010726
0.31010726
0.0
0.0
0.31010726
0.31010726
0.99171513
1.9834303
0.99171513
0.99171513
0.0
0.0
0.99171513
0.0
0.99171513
0.0
0.3274548
0.0
0.1091516
0.0
0.0
0.2183032
0.0
0.1091516
0.0
0.19719264
0.19719264
0.0
0.0
0.0
0.39438528
0.0
0.0
0.19719264
0.59695274
0.0
0.0
0.59695274
0.59695274
1.1939055
0.122089855
0.122089855
0.24417971
0.0
1.0874722
1.686585
0.0
0.8432925
0.8432925
0.8432925
1.9428198
0.0
0.9714099
1.9428198
0.9714099
0.0
0.9714099
0.7870294
0.0
0.3935147
0.3935147
0.0
0.0
0.0
0.3935147
0.3935147
1.1759742
0.0
0.5879871
0.5879871
0.0
1.2901741
0.0
0.702187
0.702187
0.702187
0.0
1.404374
0.0
0.13505284
0.13505284
0.13505284
0.94958985
1.3589684
0.6794842
0.6794842
1.3589684
0.9935282
0.9935282
0.9935282
1.9870564
0.0
1.5487311
0.0
0.0
0.27760145
0.0
0.27760145
0.27760145
0.5552029
0.0
0.33353248
0.33353248
0.0
0.33353248
0.0
0.66706496
0.33353248
0.0
0.0
0.33353248
1.9937845
1.9937845
0.9968923
0.9968923
0.0
0.3524352
0.3524352
0.7048704
0.3524352
1.1037846
1.1037846
1.1037846
0.0
0.0
0.0
1.2954562
0.0
0.6477281
1.2954562
3.5007975
0.0
0.0
0.0
0.95102316
0.9039199
0.45195994
0.45195994
0.0
0.9039199
0.45195994
1.8785931
0.93929654
0.0
0.0
0.0
0.93929654
1.5360448
1.1934966
0.5967483
0.48711622
0.48711622
0.48711622
0.48711622
0.48711622
0.48711622
1.1119931
0.0
0.0
1.8746307
0.0
0.6248769
0.52055305
0.0
0.0
0.0
0.0
0.26027653
0.26027653
0.0
0.3279795
0.3279795
0.3279795
0.0
0.3279795
0.0
0.0
0.0
0.0
0.006839345
0.01367869
0.0
0.0
0.006839345
0.0
0.006839345
0.0
0.006839345
0.0
1.1967076
0.0
0.0
0.0
0.5983538
0.0
1.0630668
0.464713
0.929426
0.929426
1.394139
1.3032082
1.3032082
1.3032082
0.108029805
0.108029805
0.0
0.21605961
0.0
0.0
0.0
0.108029805
0.7773563
2.332069
1.6579071
0.0
0.103194445
0.30958334
0.8184789
0.0
0.0
0.0
0.8184789
2.4554367
0.0
0.8184789
0.021384817
0.0
0.0
0.042769633
0.0
0.021384817
0.042769633
0.0
0.021384817
0.2193405
0.0
0.17657088
0.17657088
0.0
0.17657088
0.9867163
0.9867163
0.9867163
0.9867163
0.9867163
1.8993638
0.0
0.0
0.0
1.8993638
0.0
0.0
0.9496819
0.9496819
0.24940494
0.12470247
0.12470247
0.12470247
0.12470247
0.12470247
0.11040103
1.0235429
0.0
1.8262837
1.4197581
0.50661623
0.50661623
0.50661623
0.50661623
0.50661623
0.0
0.50661623
0.69469
1.38938
0.0
0.0
0.69469
0.0
0.69469
1.38938
0.21948868
0.21948868
0.65846604
0.74888587
0.0
0.74888587
0.74888587
0.0
1.4977717
0.0
0.74888587
0.74888587
0.0
0.0
0.74888587
1.8917335
1.8917335
1.8917335
0.35146454
0.17573227
0.6516366
0.6516366
1.3032732
0.6516366
0.0
0.0
0.0
0.0
0.0
0.6516366
0.6516366
0.0
0.9658836
0.0
0.31424704
0.31424704
0.6284941
0.31424704
0.49747047
0.0
0.09161171
0.27483514
0.0
0.09161171
1.2091485
0.60457426
0.60457426
0.0
0.0
2.0040271
3.1795146
0.79487866
0.3130343
0.0
0.0
0.15651715
0.0
0.15651715
0.9465887
1.8931774
0.0
0.9465887
0.9465887
0.9471831
0.0
0.00059435057
0.0
0.0
0.00059435057
0.0011887011
0.00059435057
0.00059435057
0.0
0.00059435057
0.0
0.0
0.00059435057
0.7716051
0.38580254
0.38580254
0.0
0.0
0.38580254
0.7716051
0.0
0.38580254
0.75819874
0.75819874
0.75819874
1.5163975
2.7914777
0.0
0.9304926
0.0
0.0
2.741008
0.88002294
0.88002294
0.88002294
1.7600459
0.88002294
0.18929745
0.0
0.0
0.0
0.0
0.09464873
0.0
0.09464873
0.0
0.18929745
0.0
0.09464873
0.09464873
0.8190363
1.6380726
2.242741
0.0
0.7475804
1.4951608
0.7475804
0.8883091
1.7766182
1.7863835
1.2314093
0.5000022
0.0
0.8305574
0.66389
0.0
1.32778
0.0
1.5788994
1.5788994
1.5788994
0.0
0.6805583
0.6805583
0.0
0.0
0.0
0.0
0.6805583
0.6805583
1.9317064
0.0
1.2511481
0.0
0.0
0.0
0.62557405
0.59817475
0.59817475
0.0
0.0
1.7945242
0.0
0.0
1.2277018
1.888581
0.62952703
0.0
0.62952703
0.0
0.0
0.0
0.0
0.63540447
1.2708089
0.63540447
0.0
0.0
0.0
0.0
0.0
1.2708089
0.27507418
0.0
0.27507418
0.0
0.0
0.27507418
0.27507418
0.27507418
0.0
0.93578386
0.46789193
0.0
0.0
0.0
0.46789193
0.46789193
0.0
0.46789193
0.0
0.0
1.4036758
2.2367795
0.74559313
0.74559313
0.0
0.0
0.0
0.30475006
0.0
0.30475006
0.6095001
0.30475006
0.0
0.6095001
0.0
0.18687856
0.0
0.0
0.18687856
0.18687856
0.0
0.37375712
0.18687856
0.23844105
0.0
0.0
0.0
0.4768821
0.23844105
0.0
0.23844105
0.4768821
0.0
0.0
0.9774991
0.0
0.9774991
1.9549983
0.0
1.9549983
0.0
0.8697754
0.8697754
0.8697754
0.8697754
0.8697754
1.7395508
0.8697754
1.0041069
0.4029943
0.26866287
0.13433143
0.0
1.000918
1.000918
0.0
0.0
1.000918
0.500459
1.4001629
1.7994078
0.0
0.8997039
0.0
0.0
1.7994078
0.0
0.56381947
0.0
0.28190973
0.28190973
0.0
0.0
0.0
0.37494862
0.0
0.0
0.0
0.1860778
0.0
0.1860778
0.0930389
0.38340187
0.12780063
0.0
0.12780063
0.5392415
0.8228817
0.41144085
0.41144085
1.0557783
0.0
0.0
0.0
0.64433736
1.2886747
0.0
0.64433736
0.64433736
0.6063068
0.0
0.3031534
0.0
0.3031534
0.3031534
0.0
0.3031534
0.0
0.0
0.6507795
0.6952522
0.0
0.3476261
0.0
0.6952522
0.103039265
0.051519632
0.0
0.0
0.0
0.103039265
0.8901836
0.8901836
0.8901836
0.0
0.8901836
1.7803673
0.42163584
0.42163584
0.0
0.0
0.42163584
0.0
0.42163584
0.0
0.42163584
1.6118708
0.8059354
0.0
0.0
1.6118708
0.0
0.8059354
0.94904983
0.2862289
0.14311445
0.0
0.9372249
0.9372249
0.0
0.9372249
0.9372249
0.14430867
0.14430867
0.0
0.0
0.14430867
0.14430867
0.0
0.0
0.14430867
0.0
0.7605687
0.7605687
0.7605687
0.0
0.7605687
0.93122506
0.93122506
0.0
0.93122506
0.93122506
0.93122506
0.93122506
2.1816933
0.0
0.0
0.0
0.0
0.6252342
1.2504684
0.0
0.0
0.6252342
0.0
0.6252342
0.71042764
0.17038697
0.085193485
0.085193485
0.882815
3.8477216
0.6329233
0.31646165
0.31646165
0.0
0.31646165
0.06228835
0.06228835
0.1245767
0.0
0.0
0.0
0.0
0.0
0.0
0.0
0.5866553
0.0
0.5866553
0.0
1.7599659
0.0
0.79755175
0.79755175
1.5951035
0.0
0.0
1.2954072
0.49785542
0.0
0.0
0.99571085
0.49785542
0.0
0.0
0.49785542
0.0
1.7783407
1.7783407
2.66591
0.0
1.7767397
0.88836986
1.3115698
0.63479996
1.2561867
0.0
0.5222933
1.0445867
0.5222933
0.55670226
0.0
0.0
0.0
0.55670226
1.1134045
1.1134045
0.06324762
0.0
0.12649524
0.06324762
0.0
0.06324762
0.0
0.0
0.0
0.38813856
0.38813856
0.7762771
0.0
0.0
0.38813856
0.0
0.7762771
0.6161742
0.0
0.6161742
0.0
0.0
0.6161742
0.8275488
0.42274916
0.63412374
1.8891897
0.94459486
0.94459486
0.8922084
0.4461042
0.8922084
0.4461042
1.1546868
2.125748
0.70858264
0.0
0.29962048
0.0
0.0
0.59924096
0.0
0.0
0.0
0.0
0.29962048
0.6649363
0.3653158
0.0
0.3653158
0.3653158
0.3653158
1.5725027
0.60359347
0.0
0.60359347
1.2071869
0.28831413
0.28831413
0.86494243
0.7758332
0.19920494
0.19920494
0.39840987
0.411167
0.0
0.0
0.411167
0.411167
0.0
0.411167
0.411167
0.411167
0.23500805
0.35251206
0.11750402
0.15904832
0.0
0.0
0.0
0.08308858
0.04154429
0.13767016
0.0
0.09612586
0.09612586
0.19225173
0.19225173
2.4483957
0.0
0.0
2.3465405
0.0
0.7652042
1.5304084
0.53354317
0.53354317
0.0
1.0670863
0.53354317
0.3757398
0.3757398
0.7514796
0.0
0.0
0.3757398
2.2114716
0.6119106
0.0
0.22256203
0.0
0.0
0.22256203
0.22256203
0.0
0.22256203
0.0
0.0
0.0
0.8319874
0.0
0.8319874
0.0
0.8319874
0.0
1.6639748
0.8319874
0.8319874
0.028659886
0.0
0.0
0.028659886
0.028659886
0.028659886
0.0
0.028659886
0.05731977
0.0
0.0
0.0
0.01015712
0.0
0.0
0.0
0.0033857068
0.0033857068
0.0033857068
0.0
0.8816897
0.0
1.7633795
0.0
0.8816897
0.8816897
0.6554353
0.0
0.0
0.43695688
0.21847844
0.26817662
0.049698174
0.049698174
0.0
0.0
0.049698174
0.049698174
0.049698174
0.8216068
0.8216068
0.0
1.6432136
0.8216068
2.5875793
0.94436574
2.8330972
0.94436574
0.91811424
2.7543428
0.99564904
2.986947
0.0
0.0
0.9977873
0.0
1.9955746
0.9977873
0.0
1.9955746
2.5411496
1.8620032
1.007421
1.8450812
0.0
0.0
0.0
0.9225406
1.8450812
0.9225406
0.9815747
0.11806827
0.1771024
2.1996536
1.484546
3.7566404
0.4803097
0.24015485
0.9606194
1.1243442
1.4860212
1.8083848
0.0
3.3808815
2.917111
1.3812604
2.0718906
0.26346698
0.13021427
0.25435168
1.225158
2.3362043
2.2862437
3.9740982
1.9870491
0.4734752
0.7629455
1.93373
1.8972199
4.7430496
1.3922464
2.3502574
1.4817868
0.6204447
0.5751516
0.8357922
0.20787586
0.6236276
1.6931801
0.6605797
1.3211594
2.0559351
0.14839211
0.9548753
2.1282992
0.67254853
2.3977113
1.373065
0.6865325
1.9960195
2.9940293
0.89657265
1.8123324
2.3373673
0.597265
1.3720626
1.2526096
0.2489111
0.4978222
0.88067144
3.8180475
0.08330137
0.111396864
1.9942048
4.846266
1.1262102
0.5631051
2.9869108
3.1196642
1.8791971
4.611719
2.012912
1.9399527
1.5542321
1.043721
3.9766812
0.9941703
2.0607285
1.0471969
3.1028678
3.9282403
2.4807498
1.887443
3.311494
1.5398993
2.3625026
1.2328019
5.6710277
0.7459938
2.0812964
3.0734053
1.9404747
2.8793607
1.7291474
1.7737379
3.8821912
0.3602239
0.45920292
0.6782566
0.6782566
1.6380391
4.989529
3.3931985
1.7272621
2.362689
1.5371752
3.7860115
2.2896423
0.39663658
0.8832656
0.8649324
0.8649324
1.2346511
0.82310075
1.349936
1.5852319
1.0892963
1.7118808
1.6849641
2.7404182
1.35794
0.5597351
1.4011852
1.6148862
0.7394293
0.7688868
1.1533302
0.4494012
0.1498004
0.79020005
1.2807993
1.4966347
3.8080313
1.5980943
1.292173
1.292173
0.3848617
0.3848617
0.15638924
0.112408005
0.36594278
1.3285345
2.2560713
4.221077
4.973255
0.8763508
0.47086632
0.47086632
1.412599
2.14871
1.0845548
1.9952815
2.078182
0.41450274
1.411907
4.3445544
1.1243609
0.73882884
1.4998419
2.4663997
1.2331998
0.37597853
0.25065234
0.25065234
1.4512011
0.7369114
3.3756576
1.4171308
2.8342617
0.022910079
0.045820158
1.758305
4.064845
1.6907637
2.629617
0.5291104
5.2405176
4.789046
2.3091195
1.8364139
0.0
0.7397809
0.31178102
1.0594898
1.7736073
0.6887661
0.2295887
0.44253486
2.412903
2.3552024
4.9781227
2.3180878
0.39892864
0.26595244
1.1341332
0.3780444
1.1341332
0.96543723
2.0243888
0.8242017
2.4726052
1.3550781
0.35391763
2.7656016
2.768598
1.0909797
0.7076828
0.7076828
2.7308564
2.7308564
1.4638298
2.4702647
2.1363442
1.1939826
2.388484
3.7126067
2.1790419
1.4653648
0.11537701
0.0
0.15533392
0.31066784
3.0105147
3.3695352
1.3636553
0.2865942
0.981863
0.36624125
0.36624125
0.5529423
1.543907
1.911813
2.4045475
1.7164657
1.8298998
2.7448497
2.2912316
0.8330163
1.2423648
5.1460004
2.19811
4.3654213
1.0900617
0.0
0.72752845
1.6458664
0.49280488
0.69373894
1.2487407
1.1100035
1.1100035
1.8768377
1.9087343
2.9109461
2.066263
0.2512643
0.2512643
2.0728354
3.8944066
0.9119545
2.1982775
1.6606915
0.83034575
2.7921395
1.9617938
1.6263638
2.5818677
0.6454669
0.18227431
5.8335724
3.471136
2.740287
1.9959868
1.659508
1.6140921
4.9733686
1.4209625
0.14587447
1.2524271
1.6250958
1.6250958
2.2739336
0.049357913
0.049357913
1.3365674
0.6674727
0.33373636
2.7755117
2.5815768
2.527443
0.79189175
1.0966921
0.30480036
1.1848078
0.8628107
2.451807
0.817269
2.7326045
1.6470999
2.0147958
2.6655035
2.129134
0.7321173
0.7321173
0.36605865
0.7321173
1.8055269
2.6920953
3.5462732
3.5107234
2.6241553
2.2251024
2.2944055
2.6934223
2.0695872
2.5629544
4.7784753
2.1441636
0.80995
2.6543465
4.194519
2.4912457
2.2952447
2.0957112
1.2617635
1.2617635
1.5824735
3.2093577
0.8544731
1.6861749
1.116526
1.116526
2.0589657
1.9996784
3.1762176
2.7253566
0.36176822
0.5426523
0.45706046
0.41426456
2.2341177
3.6945555
3.3066952
2.769386
4.4405046
5.245017
4.028103
5.918413
1.3936744
2.0092218
2.8000698
3.163392
2.7552638
2.9466238
1.9714165
1.4843931
1.4423398
0.45911023
0.9849807
1.9206988
1.9566692
2.6703742
3.568525
2.141115
1.6226871
1.3634732
3.5246916
3.4712384
1.2415793
2.483436
2.4835746
1.9315736
0.0
1.1037154
1.6823773
3.8685238
2.3293746
1.4523132
1.7399392
1.4905711
5.2318754
1.4272512
0.7176286
1.7086365
3.6055923
0.7818644
1.8572402
1.6379735
3.025351
2.443509
4.722679
2.3315024
0.47984937
0.71977407
0.8452659
2.4718823
0.050517358
0.74572295
0.6446882
1.5941294
3.9687347
3.6864576
1.8432288
4.6661167
0.80517304
1.299177
0.74100614
0.10543365
3.4076526
1.9454238
1.3071703
0.8153627
3.198658
1.599329
1.5026927
2.2321415
0.79457384
2.6941717
2.480722
2.551939
0.7471745
0.8756796
2.6074462
1.9808247
3.5822752
3.202901
0.66360235
1.990807
1.4298947
2.701572
2.4611475
1.9594655
0.9727524
1.5207162
1.6438913
2.0305688
2.707425
2.035301
2.0972257
0.41712132
0.47947395
0.0
0.680867
2.042601
4.1504264
1.6800013
1.1200008
1.1728168
1.353604
1.2248397
2.0474343
1.1815543
2.6539814
1.3108964
3.0394852
2.8142273
0.92951906
2.7932801
1.8637611
0.93188053
1.5828137
3.6812873
3.9978597
3.1401567
1.1263049
1.3443084
1.7924111
0.750311
0.070426196
0.17606549
0.60631347
1.3685641
2.9879115
2.2326727
2.530018
0.13864473
2.5084958
2.4853883
1.9731342
3.9293146
2.3207364
3.086106
0.55801594
1.0139083
2.8520079
2.766591
1.1287853
1.7115365
4.7950654
2.9355745
1.9570497
1.8517671
1.7048734
2.4948936
0.6496671
0.32483354
3.4199314
4.9333196
1.9971379
3.7981057
2.2458582
2.5748158
5.9653387
3.725286
2.018902
0.88159734
3.5263894
0.36708164
0.36708164
2.84476
0.71119
1.42238
0.02831652
0.1758124
0.38431627
2.4591165
2.505054
2.8191738
2.5398636
1.4954323
2.9908645
1.3384145
0.8014516
0.512424
0.5454397
3.7502432
0.84496737
4.728197
0.2873066
0.77588964
0.8734484
0.6387607
1.2775214
3.4448433
3.419146
1.9762614
0.5690845
0.0
4.627704
3.539562
1.1242949
1.5228362
1.867872
0.80227
1.6387093
0.55762625
1.738749
1.3501496
1.268736
1.6050154
1.2931772
2.161804
3.645739
0.08309759
0.08309759
1.2089331
3.2760377
0.5681988
0.24197178
2.5245545
1.2622772
3.5319638
4.2495766
4.2911377
0.0
3.1872687
5.4257407
4.9341016
5.3188543
0.7821746
2.8769264
2.3992133
2.0876257
2.0103803
1.9659834
4.8149166
4.340547
2.0878038
4.0353093
0.53868467
2.1847944
4.104118
2.7008386
1.469899
0.8719837
0.41110253
0.77475977
1.2517284
0.30477515
0.101591714
2.0054784
0.95194334
1.2780819
0.16306925
0.26721036
0.5344207
1.2658979
1.2032031
1.4506131
0.97271657
2.375732
2.8720028
0.7341297
0.048387
0.032258
3.1508095
3.3046691
0.3077194
3.346413
2.3789868
2.57892
4.121656
1.8017821
3.1313906
0.8604273
0.5930544
3.084296
2.162941
2.1079473
2.869505
2.1107445
3.193461
0.71898574
3.0105703
0.16902134
0.33804268
2.2980947
2.940078
2.7013538
2.0623212
2.6281826
0.35335428
2.2257216
2.835165
1.8283305
3.119358
0.21642208
1.0474856
2.2554946
2.0745888
1.0372944
3.1504762
1.0977845
0.4676893
2.962698
1.2485025
2.5237188
2.5326235
4.24241
0.02849497
0.02849497
0.25427452
0.6751584
3.2823818
4.087046
2.1242619
3.5590582
2.4783883
0.9537902
1.4306853
1.0222514
1.533377
0.75378203
2.6947873
0.36044833
0.9407715
1.2611759
1.6428522
4.1071305
4.1020694
5.4456186
1.6801746
1.5102671
1.8896533
1.5555924
0.9515605
2.2506497
0.9344589
1.1153895
0.743593
0.63455784
2.4022746
2.0268435
2.2856035
0.12937999
3.8525193
2.4779103
2.48999
0.3045796
0.83849764
1.7748845
3.1273437
3.5680177
1.1335753
4.0126944
2.2516289
1.4541754
0.8955482
2.4974458
0.13904084
0.13904084
3.443363
2.5825222
3.1545513
2.7235463
0.2865572
4.835374
3.277682
2.4582615
2.1600401
3.9179316
1.2547328
1.9885006
3.2242475
1.2074829
2.5794091
0.61019593
3.101511
0.48271912
2.0718243
4.0062413
0.7920911
2.693366
1.4793851
1.4829255
2.9800124
1.5207038
1.5857859
2.8524778
3.7274961
1.35975
0.48786026
0.11094205
0.036980685
1.1405779
2.562345
2.1852531
2.2683618
1.8663913
0.021332517
0.11185273
0.36208084
0.9711031
1.4743377
6.423647
1.2335964
2.7894213
0.4833424
1.7250892
0.6891264
0.8528235
0.80017084
1.045291
0.6728808
3.9982011
0.45901054
0.22950527
0.11914483
0.6686578
0.9672432
2.8182285
1.6638762
1.3824848
1.5947149
3.9916453
3.9723268
2.4698644
1.2388778
1.1680987
3.354769
3.0061083
0.2286489
0.5413767
0.3968067
0.8832721
1.4593962
2.3717592
0.60824186
3.2537212
4.0168366
1.8806549
0.81062186
1.2481756
2.9972284
0.58301765
1.3668938
0.1567752
1.0874003
1.1607748
1.7308661
1.4355243
0.9570162
2.291646
0.33266285
1.1553584
1.8117226
3.5101454
3.2399893
1.0277108
0.5578746
1.6736238
2.1727045
2.3674507
2.15246
0.96873474
3.874939
1.9687588
1.0756869
0.15132582
1.127906
0.97658014
4.04473
1.6105193
2.1177917
2.78446
1.8459942
0.9996777
1.8965516
3.5874956
0.0
0.9184362
2.448451
2.9937782
3.0221097
1.3901458
1.3901458
2.8796577
2.397169
4.675499
1.3269598
2.183653
0.63143516
1.2628703
2.9117308
4.120358
1.6677439
4.1383953
0.11859391
0.59585476
2.785034
1.6695714
1.4093084
1.4829599
0.13937421
0.27874842
2.9738672
0.21451123
0.07150374
4.5464253
1.9875364
0.9937682
2.3120806
1.8151965
3.016426
3.8984165
2.6971872
2.34027
2.7107267
3.7914658
2.282892
3.1859808
3.5851965
4.1586213
2.731745
2.5592191
2.776374
1.4645911
2.1924305
2.3275223
1.8698664
2.8042989
1.8688648
3.0064456
0.4062972
1.2873447
2.4586842
0.7888183
3.502307
1.8407878
1.1153481
2.3945677
2.8861825
0.7426717
2.1676369
4.954922
2.9833891
3.72851
1.9750153
1.0139674
0.24053329
0.77719516
1.6099856
1.5371987
2.5082028
1.8692157
0.88295746
1.3147159
0.3793748
0.7587496
1.7498705
1.9634465
0.512834
0.43353045
1.9781507
1.877419
1.0256033
0.86674845
2.6252244
4.5180864
2.2610462
2.2038088
2.2549438
0.14127372
0.14127372
0.28254744
0.48336443
3.084829
4.1150823
3.7665644
3.2874188
3.278641
1.6929694
2.7344625
0.97504187
2.577949
2.3501759
3.9232197
2.1568713
1.0954803
2.1038551
0.0
1.4025701
2.720804
0.43522948
1.2269685
1.7916036
1.7095759
1.7095759
2.358269
1.503481
3.3449757
4.684966
0.89241886
1.7912455
0.248489
0.7626597
3.401095
2.7114508
1.7597231
2.4551673
1.1087672
2.8056395
2.1105092
3.9963064
2.35666
3.1932878
1.9877868
1.6984894
0.7985145
0.9461789
0.8985205
1.797041
1.2894038
0.19544163
0.39088327
0.26207912
0.40878513
0.7509328
1.3676214
1.8500657
2.0388038
1.462565
2.0754986
1.0237844
0.5049098
1.0098196
1.6850343
2.7438333
1.533967
2.6553636
3.5068083
1.3732154
0.56020516
1.2329917
1.2843096
2.0974522
1.9871315
1.3673254
2.394694
2.2078555
2.0551481
0.8985895
2.3954082
0.0
1.5712862
0.81016237
0.0
0.1432002
0.92192864
0.85032856
1.1199412
4.800258
3.120645
2.3857298
2.0139549
1.3157218
0.88330096
0.5888673
3.9303727
2.2782526
0.9681284
0.9681284
2.3240228
1.3944136
0.86271274
3.3814049
2.0704734
1.846364
2.2548842
3.7599773
1.2416961
0.11506897
0.9880688
0.7410516
3.1007242
3.6471043
2.153942
0.9652638
2.8391054
3.694226
2.6077452
3.042529
1.5212646
2.68639
3.8676238
4.1343184
0.3195605
0.47934073
0.7179253
1.0268024
2.7198133
3.5181403
0.0
3.9895577
0.7347309
2.7708938
3.265388
2.9482706
0.73706764
3.1039927
1.5519964
1.6548585
4.3943014
3.7430923
1.3414062
4.096582
2.0955102
2.2272487
3.3209672
2.2955203
2.9305568
1.4652784
1.3081293
1.1509802
0.5754901
1.5040257
2.7856066
2.8345037
0.32581085
1.5005593
0.7048491
1.9197588
3.3173609
2.7491922
1.1267602
0.6068022
2.2386072
1.6789553
5.618192
5.065972
2.4249465
2.8218741
1.5911833
1.7698016
0.7090127
3.3964877
6.674439
4.2886667
2.6735525
2.295733
2.28166
0.8186779
3.6296275
2.9968307
5.26968
2.7421455
4.156437
2.6522932
2.572846
4.2720656
4.695386
1.4981189
0.84738517
1.9840757
1.6963973
0.8284299
0.5687461
0.85311913
0.9986093
1.9662442
3.560077
5.569123
1.2524432
1.4893463
2.552942
4.832595
2.8859446
3.4453807
4.0305943
3.084498
3.8022323
2.637267
1.0635229
2.7408166
3.308099
0.7177365
0.23924549
1.1935585
1.5504402
1.9073219
2.380597
1.4198256
4.0351205
0.6483129
0.85898817
2.7876396
5.8127227
1.8464088
6.34138
6.134354
1.3042598
2.2491121
1.0918585
2.0034223
1.9251046
0.23158677
0.6545658
1.341913
5.9293394
1.8933144
0.13387188
0.91260296
0.68445224
1.1846927
1.777039
0.5923464
2.0477073
4.6140537
3.6215858
3.9387755
2.282932
2.7254732
1.3945987
0.72972566
0.07618765
2.8765516
1.917701
0.18404269
0.18404269
3.8420365
1.4738777
1.679952
1.1920675
1.2636763
0.84245086
1.008892
0.5876667
1.7855201
3.1125124
0.24631636
0.9122805
1.5782447
2.4398935
0.5117737
0.5117737
1.5353211
3.2162902
1.6984346
0.5661449
0.5661449
3.2998521
1.0835422
0.6892259
1.9097651
0.38192555
0.7183902
0.7017444
0.35921007
2.2774167
1.9588374
0.081261046
0.0316766
1.0000978
1.9368422
2.9052634
1.4980781
0.22661874
2.433981
3.1219237
2.4220753
0.534258
0.6504335
0.24637061
0.49274123
0.48174426
0.6791872
2.6830819
1.9365613
2.8572946
2.2523077
1.1311452
0.1530965
1.3234955
1.4719284
0.88439703
0.8921082
1.1946183
1.9005111
1.9548029
3.048152
1.414114
0.8203515
2.4934366
2.5572357
1.6418962
5.0388656
0.8726213
0.098430976
1.260431
3.0015783
3.8033347
3.268717
3.5615368
1.4936433
3.2599642
2.0389984
3.139176
0.8546438
0.36326656
1.0897996
2.791624
1.1164234
2.6853166
0.99792945
1.6632158
1.3540384
3.87782
0.91751486
2.6644871
2.208404
1.8457272
2.4153223
2.7778952
0.6944738
1.1387848
2.2328427
2.1869636
3.4420109
3.2245698
1.6228344
1.1963754
1.8681372
4.247052
3.9895568
2.3430066
0.0
2.3862772
1.6052749
4.3546453
1.946733
3.893466
2.5022316
1.388746
1.5801072
0.70398015
0.14589293
1.185157
1.4022813
0.09289481
1.4619138
1.1832294
2.335291
1.8842765
0.9910685
0.85381216
4.282025
1.7569482
0.41957152
1.0489287
1.2557626
0.6278813
1.9526348
0.58526266
2.1092982
3.567858
1.783929
0.022634668
0.07891215
0.80985546
2.95302
4.9657826
2.2628045
1.4604974
2.8019428
1.8147062
0.56418097
2.8209047
0.9718855
0.13411312
0.26822624
0.5364525
0.26822624
0.7668756
1.5237641
0.71166843
0.21225786
0.87974584
0.29324862
1.8493559
1.9141252
2.488075
1.067345
0.35698
0.6458814
1.1947803
2.302717
1.4224206
3.8834004
2.2654524
1.6900197
3.8242733
0.9987405
1.997481
3.1849608
3.0355692
3.2122636
2.8067603
1.5649546
1.5734195
1.8470602
1.7040757
0.7090535
2.9789116
0.0
1.4894558
5.657158
3.6215155
1.2826258
1.9239388
1.1662782
2.0998614
0.52496535
2.4996867
3.7834458
2.094482
1.2492402
6.1162205
2.1819713
2.201179
3.971264
1.2384235
1.4917094
2.9834187
2.4214323
1.3629179
2.4726884
0.8336524
2.2765872
2.139464
4.3048854
2.1297255
3.1718707
1.7345107
3.6291275
1.1639802
0.70564806
1.1981463
2.9210143
3.7958562
2.006618
0.8228388
0.33433732
1.6367221
2.646389
1.9875737
0.5622302
0.48892337
1.617214
0.7643946
1.6012509
3.3397717
0.9016646
4.448218
1.5650021
0.9245201
3.799412
1.8233004
2.3026304
4.8006005
1.6081641
0.8517765
3.1584175
3.7414498
4.362993
2.64318
2.8030384
0.56358874
1.105108
1.6466274
1.6466274
1.6130137
3.2260275
6.5259542
4.1369143
2.60823
2.4496655
1.9280194
5.4697943
2.9066424
3.0594172
3.4364078
3.2819393
1.4753903
1.8020282
2.3016586
1.7009823
2.6064985
2.4157202
5.1576962
1.2031388
0.630261
1.786536
0.736101
1.472202
2.2394109
2.3016267
1.4502915
2.6545177
2.4837472
0.2764927
1.0236201
0.8853738
0.41812718
1.6725087
0.9059556
1.4634852
0.8488384
1.0830299
0.7220199
0.64782655
2.9304466
2.7406073
3.1957684
3.4572341
2.4717638
0.015160438
0.49959666
0.9789794
1.602875
0.9738388
2.8031902
2.3669748
1.278939
1.96827
2.1344123
1.6545849
1.5045357
2.6921847
0.7151008
4.9451838
2.161207
1.0157912
0.14769444
0.44308332
1.6257949
2.7569263
2.853041
1.5534312
0.6301282
0.27436626
0.9922104
3.2371984
1.1455984
2.5836926
1.5594331
0.94772696
2.5871885
0.019108426
0.311982
1.1714944
0.9844862
0.89514244
1.4634956
6.309254
4.0365725
6.447731
1.4661574
1.3860441
3.0410287
1.679198
2.0976062
2.6144009
0.5103664
2.6455789
1.7637192
4.418199
3.402401
2.8316023
1.7982922
0.61328876
3.3275547
2.9478095
0.9701832
2.936518
2.9207401
2.8798633
0.5687474
1.5468531
1.2624793
1.9609325
0.8778231
0.14198443
1.0782337
4.6812463
1.7255327
0.57517755
1.0640588
1.5707297
1.6337783
0.46809077
1.7820674
1.8889756
0.40559432
0.11119673
0.30330673
0.99083346
1.8991783
2.7830207
0.07620712
0.07620712
2.5512772
0.8402711
0.00763987
0.00763987
0.08652593
0.6078861
2.2690258
1.59707
4.152971
2.392783
1.5621887
0.46333697
0.46333697
0.23166849
2.6479049
4.413175
0.882635
1.2418526
0.8279018
0.44772878
0.89545757
2.8084412
1.6076019
1.3882475
0.903257
0.20913327
0.6273998
1.3994193
1.6886585
1.3772018
0.9182482
2.119511
0.46094918
1.212912
1.6017348
1.7989558
1.9029565
0.31200188
4.309535
2.0973072
2.7204711
1.9915549
3.2897503
0.20161197
0.46797732
0.79909605
2.6507401
1.1765711
1.1765711
0.0
2.4127736
3.9586408
0.30966505
3.3041017
1.9026217
1.5125611
0.7450086
1.6723824
1.1983109
0.7988739
1.1983109
0.019324267
0.009662134
1.7872251
2.6663444
3.9810307
1.4617734
0.5486108
0.18327886
0.2749183
0.17888606
0.34898648
0.4502384
1.1840527
2.7540085
0.7445081
1.19793
3.022644
2.7193544
0.46253476
0.105044514
0.9854051
0.959144
1.9602875
2.542033
2.3426666
0.8453539
1.2091026
3.1775937
3.306838
2.9612937
1.8335254
3.3857102
3.196572
1.7672473
0.81155616
0.8211753
0.9836675
1.5511308
1.0596836
1.5794059
2.369109
4.438734
2.3416643
4.3364916
1.1179757
0.56036043
2.0686538
2.5426204
1.6950803
1.8531162
1.8046006
0.6277839
1.4104621
2.9228868
1.1232319
0.21395263
0.78891116
1.3254253
2.2116363
0.9230128
1.6570132
2.9448211
2.9448211
0.8909218
3.563687
2.108129
3.2286224
0.33743227
1.7321224
3.3179898
0.63946414
0.21315472
1.9672507
4.746514
1.9866688
2.9258873
4.3147593
0.4084255
2.0421276
1.5147583
1.3890573
1.3312604
0.4685822
1.3553829
1.1287069
1.4065709
0.46885696
2.791923
5.1854362
3.5262477
3.9089923
1.6556478
0.90453297
0.6121275
0.15986101
0.91774213
0.30591404
2.4767118
5.1611557
2.4565523
3.723792
4.1129875
0.50510114
0.57723093
0.4833527
1.2336686
2.701058
2.155882
2.8006794
1.8136348
2.137742
0.6911046
4.2452645
2.6968637
4.2381434
4.58287
2.9819996
0.64567316
1.4798112
2.8682969
1.2788193
4.429505
1.2951031
0.8653991
2.612777
2.2259629
0.67751855
0.9887305
0.26832074
0.5596887
1.3595564
1.7291425
3.3714283
1.2628084
4.6477003
0.951457
2.6750846
0.9242431
1.3361902
0.8057621
1.6908939
0.67731947
1.131726
2.0270684
0.0
2.0270684
3.1229885
1.8868492
1.1685647
0.51785487
0.25640047
1.1040744
2.8047247
1.0628264
1.5119256
2.37201
1.720169
4.921806
1.9002938
1.237298
1.8116001
3.2400336
2.7116935
2.3993118
1.7951118
0.90197206
0.061853793
0.123707585
0.14813511
0.29627022
1.6117123
2.0034628
0.83853704
0.61750275
2.732606
0.81596714
0.9094036
1.1803744
3.0405176
2.5904996
1.320692
1.3715762
0.9763159
0.6589867
3.0415835
4.0471034
1.9940002
1.9940002
1.7633456
0.0
0.8816728
0.8816728
1.6528901
2.3136518
0.031498536
1.7918139
3.0767336
3.5019999
3.0817275
1.0937766
1.2353306
1.5006272
1.7646378
1.9773289
1.7133182
0.8308117
1.6616234
0.41540584
1.6471752
3.070452
1.6385655
4.4643826
0.1754797
0.3509594
3.1458268
1.9860206
1.8067188
0.8419715
3.109208
0.75574553
1.2185637
0.38436443
1.0136518
1.6100333
4.6713266
1.7821437
1.6957567
2.543635
0.42112213
1.2872082
2.22482
0.8899279
2.3639534
2.475731
3.5970912
2.6934159
2.7715452
0.6094181
1.968896
2.6324782
3.509971
2.8728971
0.052345708
0.99157435
3.9662974
3.687285
1.7041364
3.5203
5.1444693
0.5781632
1.1563264
0.5673399
0.22554037
0.45108074
0.091558464
1.0118965
2.8525724
2.227055
2.3889952
1.4016423
0.34810573
0.4764621
0.8602092
0.78222597
1.1497998
4.064718
4.5593553
4.6805058
1.3118306
4.4504104
4.1958084
1.8877909
0.79894125
0.05655919
2.2610147
2.944461
0.9609752
0.8473345
2.7325091
2.772714
1.2413512
6.1830034
1.3275049
0.67834884
0.9205598
2.2638016
1.8720837
3.128151
0.8293345
3.317338
2.689416
2.5266533
2.8237863
3.2704687
2.8546913
3.1789405
4.841613
0.985968
3.1939538
3.2580848
0.8769064
0.05656554
0.05656554
1.1201861
1.5530066
3.309597
0.06700346
0.34675053
2.8531475
3.283063
1.8939097
1.2933896
0.7139238
0.025918808
1.7489419
3.3942084
1.0671867
3.6880145
1.5090126
0.95497954
1.3498429
0.5479499
1.1971121
0.97374326
0.3245811
1.5413666
1.6460452
1.2369348
1.9402549
2.3387365
1.6500899
0.71144783
0.99997926
0.5478969
0.18935499
2.805196
1.9813741
1.3656274
2.3917172
1.7377138
1.9316235
1.1582129
0.38607097
4.7587748
2.3809798
0.73693156
2.2107947
1.1670954
0.29177386
1.4630154
3.2359776
0.7385211
1.563212
4.8620343
1.7806572
2.3995147
1.8271531
0.82102895
0.1472656
0.2945312
0.0
0.84731984
1.3633559
2.0803227
1.393195
0.9287967
0.71794415
3.5897207
2.5708847
0.71865284
1.2818818
1.9207287
2.6825485
1.100534
1.7844913
1.3679146
3.6489997
2.5238683
1.7341176
0.8928282
4.191665
1.6659648
1.4615452
0.27231523
0.27231523
2.7414079
2.9867966
0.09355519
0.37422076
2.2616363
2.3321292
3.297808
3.680678
0.8746603
1.4367459
3.5414839
2.193167
1.9276271
1.0988042
0.13499075
0.539963
0.46829486
0.9365897
4.0521526
3.26359
0.53344864
1.1297972
3.0822923
1.2489228
0.46924958
1.791351
1.738409
1.4041556
0.4904324
0.2452162
0.8385879
2.0173502
1.8741846
0.5356599
0.26782995
0.8223265
2.9118571
1.2065518
0.53923535
1.9086778
0.8729154
1.1018298
2.9511929
2.0744753
3.451016
0.8729676
1.4759433
1.808927
2.756656
3.3529572
2.3702514
4.993237
0.9725084
2.818915
1.7477962
0.69084215
0.070100546
0.070100546
0.6389487
0.13019821
0.70099354
0.85619295
1.326967
1.9431283
3.7820141
5.1487894
1.3418542
0.6011936
0.616155
2.5677454
1.3511446
0.97213924
1.2197971
2.2868176
3.777559
2.3864832
3.7815456
0.9519547
2.577044
2.0367558
0.8101566
1.938803
0.9827434
0.4046543
0.31773692
0.2595523
0.17303488
0.5104302
1.1065531
0.93785536
2.5890758
1.0700474
0.4971678
0.4971678
0.9943356
0.69129825
0.77652186
1.2144037
3.1061466
0.6277179
1.2558208
2.8729825
2.3356524
2.8016872
1.7768482
2.8913264
0.85971737
4.1617866
2.992339
2.6191096
1.633584
2.692998
2.51738
3.9662228
2.9635925
1.7478566
1.8441914
0.56267405
2.6698925
1.3349463
3.2634318
1.2979792
0.5180626
1.3745058
1.7128862
4.3150663
2.6186056
1.4024013
4.208218
2.0893006
3.4294486
1.0856916
1.9948883
3.2747505
0.9581864
1.3769882
1.2564056
5.67985
4.185194
0.9000712
0.52398235
1.5038248
2.505129
1.8499651
1.8547349
2.071711
2.9037519
1.3309003
2.981412
1.1231246
2.5608802
2.8180594
1.3643214
0.90954757
2.5627465
0.4132997
1.3285476
3.6609914
1.6421324
1.4486644
1.7916875
3.367621
1.2525029
0.5402746
1.3103471
2.2169538
2.4815865
0.8271955
1.8606007
3.9416335
0.6612961
2.5216794
4.929128
1.7897189
4.051891
4.3059735
2.2895246
2.2685413
1.4158266
0.42434564
2.3273182
3.1024225
1.2911527
2.151921
1.1774642
1.0204871
3.7505503
1.6317906
0.93095315
0.89954686
1.3493203
0.0
1.882544
3.3196123
1.4323593
2.9585333
4.241398
4.3196445
4.7178288
3.369234
0.2615677
1.3296667
1.6482661
2.1981754
0.8148688
1.470257
2.46199
2.2867293
0.79591745
0.81252
0.9963847
1.1425282
1.340148
1.7009761
0.6393337
1.1744207
1.770108
2.989641
0.33447906
0.6689581
0.6689581
0.8160349
2.5425732
6.3171997
1.1476732
0.7651155
2.6980674
0.6987125
0.47934058
0.23967029
0.9962128
1.7527553
4.3818884
0.507888
1.9856453
2.3654892
0.057064448
1.759555
3.3479166
1.6739583
1.2323868
3.080967
1.3241193
0.707926
4.7746696
0.5271138
1.1089364
1.2605478
2.6727068
2.0052357
5.443301
2.9978635
4.15347
1.0161538
0.7706349
0.3992645
3.9397287
2.0028243
0.53853476
0.13257673
0.09362084
0.14917222
1.2970276
1.7157645
4.421144
5.8857527
1.9634557
1.3090855
3.038262
1.9539976
0.5645787
2.3740165
1.5520618
1.518595
5.1049895
0.724638
0.6375603
1.886988
3.5422735
2.6060338
3.4409308
2.3676143
2.659465
2.8720744
1.248451
0.96855587
2.9056675
1.3903999
1.6873761
1.2159883
0.026400262
1.1697319
2.0554757
0.53785956
0.32466787
2.9249244
2.0026634
1.7654027
2.7523093
1.1297227
3.124103
2.8416724
2.8416724
0.76298773
1.5259755
2.4229658
1.2581546
1.6268685
2.2130487
1.4753658
0.95539415
0.82621145
0.5077467
2.4108605
0.95155686
3.7434738
1.1960292
0.23920584
0.23920584
3.0144157
1.3497775
0.2798646
1.8717724
2.6240864
4.1949744
1.8339473
0.06447104
1.8328124
2.8584673
1.8462129
1.586438
3.392467
1.2937819
1.4064382
0.7032191
1.4064382
1.6912695
1.4241565
0.06135787
1.9630079
1.0791581
1.1812415
1.1759505
2.5301752
0.6482819
2.0885804
2.7508845
0.6529559
0.73878604
0.085830204
0.057220135
0.7000636
3.0489354
2.7735133
2.069625
4.7675877
1.3225491
0.49817157
0.7564515
1.0557941
1.4617633
1.7280232
1.0202318
0.25505796
2.4249103
0.0
2.8721914
3.2778697
1.3630755
1.4587251
2.3191066
1.529464
0.47761115
2.7486706
3.4153934
2.8520305
4.402938
4.6709642
2.2543595
0.6149175
0.14097333
0.28194666
0.8061932
1.1347443
4.050021
1.6550565
2.672721
0.11317634
4.0067596
0.5800782
0.5800782
0.43103504
0.0
0.56398374
3.037487
1.160456
1.9853905
3.2066429
1.2740285
1.8332913
4.20719
4.5533886
4.493048
5.227921
1.9372437
2.5005388
2.2531803
1.5569118
3.089898
2.0452547
0.20087513
0.45202607
1.8100331
1.5585328
0.8418796
4.0660157
0.43234766
0.54472333
2.1787548
0.61088073
0.65723985
0.7499581
0.24998604
2.0942013
1.8568858
1.4400403
1.5776342
2.8381784
4.356245
4.6732593
0.32381606
0.4857241
0.16190803
3.431198
2.3177936
2.692473
6.037639
0.11232334
0.05616167
0.69297653
0.2903266
2.1045341
3.7729106
4.1592093
1.4146311
1.9711392
1.0890855
3.4631026
0.79079974
0.8149861
2.5983477
0.69726616
0.27890646
0.109602906
0.109602906
1.1349738
1.1349738
0.78889424
1.9551157
0.48071763
1.6528627
3.3797004
1.8577273
2.6622293
0.7389872
3.1237743
4.5340633
1.7180996
0.942277
3.4821534
1.9419929
3.8839858
0.47740555
1.0055889
2.7819843
2.920714
1.8163996
1.4437652
3.3531942
2.5955312
0.8651771
4.4493756
2.3050466
2.636448
0.31935933
1.2296302
0.7744299
2.576861
0.9983537
2.7960749
3.109884
2.1289308
2.7709622
2.6701498
0.8998877
1.1273996
3.3139372
3.393655
1.0944269
3.430096
0.36677378
1.5922682
0.93655956
0.46827978
2.140465
4.3013134
1.524327
1.629559
1.1236651
2.0817108
3.077607
5.141011
0.35013884
2.114254
1.2927897
2.3476539
0.55843973
0.49544692
1.3833449
1.2721674
0.89557314
1.2738345
1.9249053
0.6777875
2.3844657
0.84370595
0.18311742
1.2234483
1.7739971
2.2719665
0.5648824
2.8644676
3.5330076
0.6377065
3.6009593
4.6809635
0.0
0.7070254
1.5827572
1.5607259
1.032575
3.5675497
1.9213396
2.470765
3.2016885
2.5045888
2.3795946
4.5226398
0.7358244
1.0782547
1.8888569
1.3259323
3.5105336
3.8819356
2.549922
4.0740457
4.562582
1.6678829
1.5772412
1.7472696
1.9042331
1.6090715
1.5492002
2.6632473
0.5514333
1.6053727
0.47996452
0.7199468
3.7190804
0.7926922
1.7761822
1.1261276
0.98988295
1.2078949
0.44454116
0.44454116
2.3999662
1.9540002
1.8402188
1.6600547
3.0619998
3.5353434
1.6626302
3.9594815
0.33313543
1.8519474
1.7685099
1.0799187
2.791419
2.2263672
0.0
0.3937316
0.5750448
3.9717155
2.0190084
1.4316871
2.1384046
1.5073383
3.2643373
3.0022306
1.2068413
2.4052815
1.3399847
1.2447709
1.1612817
1.4272211
2.6662354
0.102348804
0.95483565
2.7899933
1.253814
2.6884637
2.134709
1.1982999
0.97346056
1.6897526
1.8545718
0.44180033
3.7962987
1.8780376
2.0175078
1.2022587
2.3180804
0.97013724
2.2279565
2.3415651
0.823457
2.8574457
0.7526227
1.6420641
1.6816866
1.1203926
2.625498
2.8589032
3.4116714
1.1630471
0.24976783
0.12488391
0.9780884
3.2046952
2.6554031
2.2155504
1.9233515
1.1757851
1.6279166
1.0389954
0.51184064
0.4848483
1.7001228
0.9968434
0.87531066
1.6376306
2.2497828
1.6358182
0.5337236
0.72988236
0.7647007
3.1210856
4.379413
2.8997219
3.052616
2.983153
1.321713
1.5942919
1.7507366
1.9719414
0.50553364
0.076503776
0.31036204
0.60651565
2.0928273
0.85330486
0.83057654
2.250313
3.4346337
2.1200447
2.4369283
0.60922366
0.38877583
0.5602943
0.3238244
1.5151509
2.8652225
0.9449656
1.5067695
1.4212197
0.38242838
0.27342528
0.122578904
0.042997766
0.004276261
1.4830577
1.8171797
0.1968389
0.7565934
1.2137723
0.6261374
3.1250672
2.3505847
0.44386366
2.6615171
0.44689453
2.284964
3.8486683
1.8442843
1.87229
3.2829285
0.89138025
1.1674565
2.0028055
0.6676018
1.0604013
1.4618824
1.6047333
1.430223
2.7533655
1.1633188
0.21554972
0.27668273
0.487614
1.1691054
2.1559508
1.3822318
0.5407476
0.90191233
0.62911826
1.3231506
2.254592
1.6468698
0.8356463
1.8961328
1.9818599
1.3985627
0.9602098
0.3282252
0.47494704
4.201438
4.1342664
1.0617094
3.951497
1.9013426
2.0700226
1.6241609
0.14906418
0.29812837
1.2099055
5.3403783
0.6660039
0.22254965
2.0547042
1.3017181
1.4812486
1.1635094
0.6398002
1.5187309
0.6957857
0.9440498
0.3923921
1.3135525
0.30065817
2.454757
4.079119
1.9788609
1.7038782
1.7038782
1.5262246
1.9863408
0.21919678
0.75661093
3.557547
0.49103004
0.8177902
1.4648594
1.1258129
1.3207163
0.6448511
0.9312651
3.2305691
1.9231311
2.574932
6.5736837
2.5501842
1.6137531
1.6196146
2.1667247
2.857632
4.0230284
4.3838205
2.676526
1.2537721
2.7636547
1.3629327
2.6605282
0.52049357
2.0083277
3.6346378
1.527416
1.3361487
1.2015425
2.1334922
2.0225763
2.124787
1.1643922
2.821775
0.9405917
1.0925833
2.5402641
2.8328886
0.57051826
0.971386
1.989511
1.1195278
2.3716574
2.1734276
1.866246
0.5715329
3.6405237
2.322916
3.3821144
2.8898096
1.4201894
1.4346031
4.1048484
4.8122597
0.19611914
0.6304219
2.1294491
2.0877783
0.52441025
0.36066622
0.924913
0.82543176
5.2644734
0.8797974
3.017148
2.8812416
1.5960276
0.90138626
0.29815876
1.8255615
1.703384
3.4509435
2.2013705
3.9095592
1.5169704
1.8974563
1.2077297
1.4943404
2.6244369
0.9459348
4.404502
1.5031862
1.164905
1.9915285
2.5096872
2.8927484
4.1846223
2.899756
0.6527729
3.3336525
2.4114647
3.0801504
1.6945959
1.2844074
2.0261014
0.60796905
2.0953593
1.387991
1.3518621
3.4707434
1.0862868
5.044299
0.05837124
0.13384566
0.051309563
0.74214864
5.1303725
5.621677
3.484891
1.7181704
1.7980983
0.93430424
0.9067317
1.4197972
1.2654141
4.6775355
1.6975758
1.342737
1.5460541
1.3542403
0.967861
2.417376
1.2475725
1.3305194
2.748494
1.3473222
0.5344465
2.2790105
4.0503798
0.0
0.24447094
0.07343598
3.6784198
1.4537559
1.1795588
1.082104
2.152039
1.7452351
1.2159965
2.3459826
2.7321181
2.2575464
2.8518693
1.6851156
1.6319485
2.8750417
1.1230776
0.83371305
4.0495243
1.5638154
0.7589714
1.5246129
1.7596633
1.1837273
1.9343694
3.332956
2.4232736
2.09406
2.4860013
3.6163895
3.1037083
2.0958753
1.743247
1.1529186
1.7687998
1.3600564
2.6778445
2.639687
2.4605005
2.2323225
1.9551954
0.028471798
1.3983269
4.1581616
1.5481306
0.48990574
4.8258953
2.8141863
1.5727904
3.979423
1.7323576
0.65366775
3.8630052
2.985018
0.4067376
5.6235557
1.7789882
0.19973882
0.6430438
2.0440702
1.6327293
3.1604345
1.355023
4.583928
1.3854964
2.3231845
1.3351828
2.237281
0.8785546
0.5774966
1.5011581
4.0364
1.6966429
5.450919
1.7141087
0.91368914
3.2642927
1.6082511
4.2235694
2.8183181
1.6801863
1.147722
0.68419856
1.9857213
2.8187006
2.9860272
2.6584203
1.7343132
2.6388621
2.8268192
1.5052427
1.7512789
1.565546
1.1820307
4.941702
1.4156252
2.5642834
2.5820146
2.1609533
0.8851603
1.6156296
3.980359
3.229458
1.6149958
0.3309054
0.22923432
4.239651
0.53464514
0.3704499
3.9049668
2.3652787
1.3711348
3.6321096
2.6597102
0.8937586
1.8239675
0.96238935
3.11831
1.9620566
2.996721
1.0242348
3.8302264
0.593592
2.4424176
2.6356783
4.0074024
4.4907775
4.199456
1.7546641
0.2689155
1.198223
0.7389894
1.1323497
2.9300065
0.028541535
1.4697533
1.9278442
2.2156627
1.8024988
3.6002326
0.7667184
0.6564623
2.8341584
0.43736413
0.94636035
2.63794
0.22236697
2.6282978
2.290223
1.87889
1.3995826
0.46652752
0.20956014
0.39683545
0.56182593
2.247138
1.6504085
3.4785848
1.6409613
2.9311895
3.5637455
1.8570958
2.6269894
2.705251
0.6126721
2.775522
1.5002002
3.681088
1.0205328
2.826148
0.45612726
1.7855409
3.086462
0.69982904
0.9714029
3.9233994
1.5658149
2.8712327
1.4012874
1.8063116
1.9556897
3.869796
1.7556227
1.8062536
3.4896472
0.004121038
1.2270361
0.2594662
0.2446522
0.61446863
0.7175079
0.9538963
1.8050383
1.502162
2.6829147
1.6276106
0.3610819
2.5581675
3.019344
4.926302
3.0235906
2.193784
1.62782
2.2866886
3.3643544
3.5939941
1.069342
0.928298
1.3173528
2.523935
2.460002
3.7333996
1.0164652
0.11853833
0.49735746
0.4778387
0.58169234
1.3195628
0.614049
0.6445965
1.2408508
0.7139482
1.7824821
3.495378
0.9581248
0.37022102
0.2310926
0.8870522
1.819619
0.18205903
0.8420502
0.012040261
0.8776639
2.7879763
1.1195972
4.9610443
1.9146924
1.440172
3.2077646
1.9179655
0.29414362
0.29414362
0.58828723
4.396101
3.5975475
1.641877
3.2098258
2.5728924
0.38908333
1.3104076
1.5347453
0.52048635
2.7201955
1.232185
0.42434564
2.7931752
4.73969
1.5548437
3.442998
3.2279894
1.497717
0.4179905
1.2495668
2.3032904
2.6551838
1.7390128
1.3006821
3.8261974
2.0729542
0.31267154
2.8625379
2.4059741
1.2612401
0.3020196
0.33700022
0.8990038
0.61021596
5.546674
1.8824763
1.135948
1.115036
0.11329267
1.07623
3.1588292
0.9632572
3.6199741
3.2595553
0.0501822
0.025439914
1.128247
2.3866036
2.8457124
3.4057884
0.57192665
2.056266
1.5711517
0.09420724
2.1054075
3.9281933
1.4171788
1.2006321
0.9416203
0.2958819
1.4372296
1.2266192
0.9854877
1.6708558
0.40032452
3.2812583
0.2012263
2.1109734
0.9279051
2.6222553
2.3160574
0.97163737
1.8446224
2.8960218
2.3109195
2.288033
1.0784401
0.4022464
0.8044928
1.5013375
1.5128996
1.7062694
0.21187162
0.94489026
0.60903794
2.399142
2.1217213
2.9008331
4.2739453
0.9370081
4.455349
3.1866665
1.7074322
2.3748522
0.6095557
0.41436705
2.2787135
1.5272019
0.78654706
0.48558944
1.0700008
1.4434541
1.1845748
2.5458593
1.7028812
3.5057504
3.253251
5.596997
4.1184597
2.7521162
1.0956029
1.9461116
2.5570087
0.0
2.0548716
3.0593271
0.6528245
2.8319502
3.813239
2.542719
2.6886053
1.585379
1.2496306
0.74084735
2.301417
0.7450423
1.3247392
1.4421259
0.9567313
2.359676
2.803966
1.8857566
0.9428783
0.9776657
2.2979496
1.0278542
0.8887317
3.6413865
2.9221635
1.1424054
0.3924591
0.64031875
0.6983306
0.91768914
0.8798847
4.1037297
2.9570553
2.447122
4.2948585
1.1344358
2.1136851
2.3988612
1.8734945
3.0943925
2.0831628
0.6980851
4.5018616
1.4010109
0.9411044
2.8202076
4.064879
2.5426154
2.0776691
0.8592846
1.1646322
0.0
2.649959
2.3041754
2.8750608
1.8120072
3.0638206
0.8377763
2.4733245
0.6989202
1.4785838
1.3856685
1.0708612
1.4456046
1.5381842
0.051354807
2.037253
1.3986664
1.3834192
4.455717
0.8636801
0.7945255
1.5132816
1.5842663
1.4531697
0.610551
1.8469833
0.8775614
2.4317212
2.4936516
1.5096729
2.635249
2.8234344
0.7785397
0.09436093
0.7784115
1.876699
3.5490825
0.17752467
2.703085
0.7457233
2.0960028
3.5596313
1.4865193
2.464539
1.8007033
4.11909
0.8241703
3.58381
1.5900365
1.3891277
1.4640847
1.3823597
2.6279752
0.8346593
1.1266649
1.6968902
0.0
3.680097
2.359025
1.8913121
1.8886023
3.283526
1.5004704
0.7502352
0.43874267
2.3977556
3.264628
2.227281
0.764833
1.6055031
2.0586448
0.75460947
1.2494848
2.8737621
2.317082
3.5088763
4.6417627
2.7823374
1.4321837
1.5857956
2.885231
2.6850295
1.3353844
1.3211237
3.1520133
3.957895
0.53174007
1.4767542
2.901541
0.99135816
0.030209145
2.969664
1.0012233
1.6221867
1.0754741
1.5017502
2.2973285
2.7228243
0.065436356
3.9840758
3.6788938
0.5537087
2.9699433
0.66821754
0.0
0.79148203
0.79148203
1.0248537
2.9376867
4.625173
2.7649071
1.3089554
2.395177
3.1797445
2.709198
3.8852959
0.6431474
1.7031875
2.6450915
2.2174478
0.59015435
1.2424154
0.7950003
0.6649922
0.79944575
0.31531507
1.7866952
3.50069
2.768094
1.784516
0.11173387
0.33520162
3.6812954
1.3570141
0.0
1.1233443
2.2892287
2.179162
1.5876641
4.818333
3.456326
1.7114688
2.134758
4.432865
0.95509
0.62771404
2.3524094
2.6715553
2.6277444
0.9884845
0.930722
2.3585443
1.2815025
0.3012581
5.61683
0.58651155
2.1109138
1.3929003
3.2199767
2.5550656
2.4228747
0.8646213
1.5789534
3.9395669
0.39083
0.5100635
1.2877302
0.4518881
2.4628134
2.8502648
2.5363836
1.9186343
2.4684916
5.623289
2.08519
3.2182305
1.0677817
1.6003382
3.7993004
0.21886131
1.7692356
2.4097962
3.2792506
1.864358
0.91053635
2.8091114
2.2839572
0.8998405
0.08778894
0.36143607
0.99046886
0.0
0.7607162
1.9554889
0.65678865
2.163183
2.970895
4.134383
1.3536259
2.6484487
1.0283648
0.97471416
0.97471416
2.4357176
1.3306065
5.687648
4.3649993
0.85532343
1.8907781
2.5396333
2.0461988
5.9242716
3.2102923
2.7530532
2.115607
1.4736555
2.2756615
1.8738027
2.105363
1.662314
4.384799
1.6490914
0.44583374
0.7441233
1.4141275
2.9764776
1.1274625
0.8504051
1.5785763
0.7971352
1.0264982
0.6646081
2.0595646
1.1266935
2.3417904
2.848596
3.5187693
3.6809723
1.5486407
4.258657
2.1604874
1.8712579
1.4924009
1.5467309
1.6471436
0.9996662
0.6620046
0.26499328
2.3837929
0.7999596
1.8841853
1.9245102
0.9318096
4.3712025
2.980809
3.4211059
2.9000335
3.1507213
0.74681324
1.6119994
0.6222061
0.32576096
0.8086458
0.3142477
0.92861134
1.9802577
0.9424263
1.8509444
2.620487
2.0293233
2.1430833
2.6821442
3.5880651
2.6276786
0.41396248
1.0649593
1.0895066
2.915954
1.4745017
3.3416998
1.7988532
1.7299342
2.0003247
4.3298936
1.5483044
1.5483044
0.28652197
1.4216543
2.046525
1.3624291
1.7785983
2.8812912
4.6817102
1.9561915
2.1017942
3.1244457
0.84123886
0.84123886
1.7027953
1.839661
4.529543
2.225919
1.1979506
2.607099
1.1668638
0.7415193
0.53148425
2.2333136
2.343565
4.159752
1.6310948
1.3115816
1.7801296
2.3098965
0.9465544
0.026772285
1.5940597
3.0481517
2.6767411
1.9193212
0.8652236
0.407443
0.5090216
0.323319
0.8626763
3.827378
2.8911898
2.1295278
1.5330303
2.2465856
1.7587823
3.1035404
0.8015773
1.1835635
1.1084708
4.3923006
3.6820087
1.8597246
0.76369035
2.2939386
1.866546
1.9297657
2.6754231
3.758745
2.4871414
4.4764066
3.135428
1.1568623
1.7963288
0.67109716
0.5439067
1.7065201
1.8478518
0.42274648
1.3324686
1.6318197
3.0610142
2.408478
1.8917254
1.4799656
3.6363113
1.686441
2.239603
4.61801
3.6226428
2.8311725
1.0673518
1.4631245
0.7594598
0.2607375
0.521475
0.2607375
0.81369424
2.082395
1.8262967
0.8450235
2.7147918
2.2569857
1.5310104
1.315057
1.7627754
2.6330948
1.7553965
0.34041187
0.56592417
2.9052696
0.66563773
1.4226798
2.6856666
2.159025
1.2126513
2.1166193
2.475654
0.58850473
0.82510144
0.11829837
0.3548951
3.0620604
2.7211716
1.7399175
0.038112406
0.89130956
0.42654893
0.35181078
3.5269296
2.6740906
1.7509873
3.390058
3.0182157
2.6221173
1.9416213
2.4177144
3.0501628
1.9842242
3.9043896
2.4405377
1.5611167
1.3834039
1.6387972
1.1893327
1.2551066
3.391242
2.5146415
2.333416
2.3037872
2.4217682
2.0261025
1.9429288
0.045042112
0.7796103
2.9680386
1.2918155
1.8274884
1.1824579
3.3572526
1.6477605
2.263537
5.070921
3.6035342
3.8105164
1.8730247
2.2052279
2.0293844
0.0
0.835897
1.2894149
2.9088266
0.85190463
1.1529554
2.03757
3.2454708
2.701579
1.9975799
0.6949398
3.589015
0.52847415
0.1867987
0.8975296
0.4487648
1.2721269
0.35903215
2.1986754
4.0138645
0.6037582
2.119808
0.009567221
3.9410605
1.0157253
2.4632788
3.0382857
2.2594504
0.73393446
2.875053
3.7512908
0.029418765
1.6416888
2.5722113
1.8163136
4.4106812
0.97862303
2.0721157
0.9894341
1.8454375
0.16611657
2.3958764
2.999141
3.8737009
0.4266611
3.4241304
0.38119638
0.2448987
0.79555774
1.6995225
2.3211405
0.0071325265
2.4743478
0.84254265
0.08160736
4.139289
2.355207
2.2456272
2.4253538
3.2605212
4.4233403
5.577232
0.1497899
0.6280956
0.5283735
3.7352808
3.1097438
1.9338604
2.395565
0.05450769
1.9025724
1.6446611
2.1520522
2.2949557
0.89234287
0.15975705
5.0142856
1.7641399
2.6761754
1.2609807
1.6378752
1.1621146
1.8568895
4.153641
2.2824464
2.4139023
0.11490341
2.7514527
2.5720994
2.7339814
5.04568
3.045793
2.6098416
1.4227666
2.0128365
2.3844507
1.6541734
0.9877075
1.2917831
1.6714138
0.12167946
0.47949487
0.41865513
1.9970297
3.7053216
1.9021715
0.87323374
2.6131735
2.4636376
0.5515809
1.0600355
1.4330497
2.3395314
3.896824
0.96360886
1.6623179
4.3756437
1.261083
1.8432932
0.855965
1.2630476
0.82264996
0.7930405
0.6262271
0.89755553
1.3001572
2.9336572
2.2831535
1.7155424
0.9642201
3.6174157
2.498212
3.2905827
1.9602836
4.371768
1.8125033
1.8301806
3.763684
5.013757
2.8479667
3.592789
1.1373736
0.34989578
3.1302686
0.079875425
1.8684567
2.7737849
1.1898146
1.219489
0.14701176
0.26142
0.6587322
0.6991123
1.7551184
1.0683196
2.2138324
3.4149191
1.374084
2.651022
0.81975704
2.24587
2.067828
0.16876978
1.2895365
1.7886453
0.74840844
1.1901395
0.96887076
0.8115546
0.2624548
2.5894194
3.7472749
1.6281493
3.791278
3.5629427
3.5390062
3.2116668
0.16295424
3.9869854
2.7392747
5.938925
2.1358337
1.9616071
0.8533564
1.1393744
2.2060387
3.0743735
3.043767
1.8661462
2.1999543
2.8661005
3.6866927
2.0014768
2.0949056
3.1130118
0.61005735
1.4265417
0.8840542
2.5568156
2.740919
2.2445567
3.3404217
2.287377
2.1271348
1.0997833
1.4999036
2.1552804
0.71842676
2.2856023
3.828552
2.8158593
1.1240323
1.0789585
1.2187138
1.1817325
2.3364613
1.6842142
1.0270479
2.8396242
1.8261695
2.6723223
2.2751145
1.9487633
1.774081
1.260432
1.9738941
0.25494602
2.7039628
2.8597527
2.474549
1.1700641
0.899957
0.96875095
3.405023
3.3820283
3.0373032
4.571979
0.6812625
2.8267887
1.8259327
1.2582207
2.8335738
2.3695264
3.0839114
1.8794563
4.2356577
0.651517
0.6860345
4.6933036
0.94834745
0.6494857
1.8806833
0.9633187
1.5929813
0.8292181
1.3132106
3.6025531
2.7249758
0.12070061
1.928101
0.4500081
0.7189354
0.28514734
1.7133162
0.49932435
3.2095854
2.8012505
1.4762996
2.6163874
2.26012
2.7994623
1.4756496
3.2803397
1.8346635
1.1801459
2.056686
4.220908
2.1642575
2.6126466
0.45229775
1.2880957
1.5135999
3.0260525
1.4679322
2.650034
1.8863959
1.0845939
4.249481
0.42143434
0.94850177
1.0043085
1.0848007
1.8704072
2.3177657
1.6493374
2.8285127
3.6300433
0.19968256
2.0335746
0.6617718
0.9455937
0.0
1.1817812
0.017715069
0.9155743
2.6133564
4.064813
1.2860568
2.1038637
2.9617543
0.62035763
3.2860284
1.3957034
0.94898134
1.1615881
2.6814487
2.410038
1.8745226
0.10939591
1.106588
2.7687352
1.9302027
1.7379687
3.525048
3.9657555
1.5764368
1.7704835
0.6970451
1.4247686
4.1602354
3.0830083
2.1722946
0.0827121
2.3649945
2.0619912
3.5762982
2.496794
3.840652
2.6610835
0.14757115
0.1069383
1.1939927
1.8333805
1.4314595
1.6436117
0.6920452
0.0
1.5098952
5.0858517
3.5946832
0.32534266
2.8129036
1.282354
2.901272
1.5774277
1.7202975
2.455249
0.5065374
2.301729
1.0253222
1.185878
1.9454685
1.4497108
0.47609973
1.5635176
1.1957456
2.8641021
0.8084795
3.0265658
0.26869178
0.26229617
2.1367335
2.89275
0.5135348
0.7809407
0.14278747
0.10130669
2.0440528
1.8040874
4.6960926
4.7286534
0.9080601
1.3260022
0.3195448
0.48715624
0.0
0.5051701
0.7569507
1.7659867
0.88299334
2.2765155
5.919875
2.2563462
0.8075148
0.18004677
2.2647495
1.4373376
0.4236348
3.1578903
0.616703
2.3530087
2.4791567
3.535589
4.0397167
0.61893284
1.1832955
0.97903657
2.9984488
2.7655256
0.49888003
2.763336
1.8318733
1.3258307
0.9318868
0.83539647
2.909635
3.121528
0.3944175
1.7558898
0.118852265
0.7697918
0.6880622
2.8358827
2.5948622
1.0383725
1.0612046
0.9049056
0.11726708
4.489034
0.99293
0.53975147
0.53975147
0.49329522
1.4771428
3.7105637
0.40650076
3.692505
1.3191078
0.73679966
5.077899
3.7465544
2.0857222
1.3693316
1.9203886
2.075452
2.5792565
1.9196553
0.53604764
0.26802382
2.4519243
0.9691012
0.50744605
2.144613
2.5633774
0.0
0.018762777
0.037525553
1.9039371
1.2502525
2.32312
1.482717
3.3345635
2.0772266
0.28623468
1.5237038
3.1848164
1.905611
2.6341245
1.9125054
4.6225753
1.2289145
1.1721215
0.86224455
2.0412648
4.0128307
2.6507218
3.7044299
1.5602661
1.0409764
4.186357
3.1638627
2.7993226
1.261476
2.0502074
1.1622432
1.2210735
0.16654432
0.33308864
4.220404
3.5432978
0.6217941
0.297353
0.8581482
0.7590305
2.5196533
0.56288373
0.4524795
1.8504982
2.6345932
3.225904
1.940599
0.30686456
2.4315603
2.6574504
1.0816042
3.842061
1.9941237
2.5562005
0.47476113
0.5738297
1.0401008
2.6899302
1.0710326
1.324445
0.8465631
1.4003713
1.7534811
0.50044703
1.9091017
0.96236485
1.8603468
3.7096105
2.448584
3.6675935
1.0022498
2.788574
0.27894086
0.017952159
1.4515483
1.3712655
2.4735081
2.0930743
1.1600496
1.2825972
2.7071216
1.769297
2.0534678
1.244632
3.7033393
0.5233714
1.2532068
2.2616725
1.5264454
1.2482569
0.5982614
2.8573856
0.48895913
0.21173531
1.226901
2.521999
0.67503095
1.0774331
0.80480444
0.40240222
2.7271013
1.5901752
1.6805558
1.7023455
0.5828799
2.2442288
1.6278398
0.35079747
1.7296689
2.3258555
4.971167
0.0018359816
1.7104341
0.85521704
2.390141
4.308597
2.2544475
3.825305
4.1991067
2.861479
1.1428404
1.6570215
1.9863721
2.7896135
3.2210226
1.8596133
1.8422002
0.23935968
0.20995553
0.8313957
1.7948945
0.50400317
1.1590317
2.2822175
3.1162863
1.4499054
1.6198833
0.9683663
2.9238937
2.7955353
1.0215387
4.3906198
2.0551422
5.008909
4.0538564
1.4549495
0.0
3.263984
2.2167134
4.1415606
1.8087907
4.4757137
2.7656567
0.21396953
2.337567
0.35511997
0.54338944
1.7566022
1.2860427
1.5752144
0.32659864
0.32659864
0.32659864
3.2432604
1.0961741
0.9765795
2.7750106
1.6086928
1.4287932
1.7851247
1.0940601
1.831525
1.6587819
0.6744157
0.72567487
3.408793
1.9017446
1.6707903
1.0107583
0.13708808
2.4191928
5.8607287
0.9767881
2.1492147
2.3203583
0.0
1.5288551
2.2499511
3.0998747
1.5246153
4.171976
0.94161403
0.28166702
0.56333405
2.2020667
0.20269664
1.1337419
1.0645331
3.5104606
3.7196352
0.1708002
1.730859
3.811513
1.0989902
0.4692775
1.4779575
3.091809
2.1409037
4.544514
2.546959
3.6989758
2.5594637
2.3291698
1.6359382
3.386792
0.0
4.7250986
2.6674063
0.0
2.229064
2.8889418
1.56937
1.200125
1.6063058
1.9925969
0.30329198
2.6532423
0.850715
3.5276394
1.6344713
1.2574682
1.1231629
1.9727964
0.9288966
1.6150286
1.911577
1.8164124
1.2677174
1.5227721
0.8551412
3.3452811
3.437779
2.5526583
2.2412822
4.0193377
2.1151376
3.4256277
1.602666
2.9046583
1.0911633
2.347617
1.2332544
3.7174962
6.630272
3.8085601
3.5464332
2.944742
1.1273434
0.3808155
2.19929
2.1225705
1.6726081
3.0930939
1.3390174
2.3436098
0.20365392
0.037414428
1.49844
1.0644367
2.0242379
2.6882477
2.592041
2.124798
3.865706
3.6114383
3.3630672
2.8903186
2.7216048
0.6493132
1.9337438
1.0747895
2.1614435
0.5334454
1.1015556
5.3203335
2.292904
0.5983189
0.26243412
0.8429663
1.6993458
1.225675
3.540298
2.2321863
1.1541971
1.0028486
2.548089
2.6058784
1.4670256
2.4383285
0.8771936
1.2562212
1.1316924
2.2805798
0.7288209
3.2389188
1.0001376
1.5759488
1.8256644
2.2451239
1.6838429
3.0693102
0.9817121
0.9323578
3.7021651
1.5836397
0.38645044
3.244945
0.65123945
0.30976346
0.15488173
0.15488173
1.2830596
2.789047
0.8124838
1.3857826
2.3550644
2.4359975
0.15653665
0.5109354
0.53159815
0.7008786
3.9279342
4.6302905
0.9187383
0.17549416
3.0621052
2.2673469
1.2455002
1.9413152
0.85929847
2.9693346
1.1452738
1.9586062
0.18069899
0.54764956
4.389548
4.1503515
1.8603954
0.86363155
2.073098
1.5076132
2.3243253
0.2149321
1.337632
1.5059315
2.8502402
4.2280593
1.8248334
2.1782045
2.1252751
1.6258124
1.5146685
0.7104057
3.4500976
4.9430676
0.0849972
0.66191816
2.207811
1.9144837
3.704132
3.7220216
3.0034108
2.1715877
2.9408941
2.292584
1.5282202
4.1384077
1.8276216
1.7314095
1.0516182
0.9516273
0.9516273
5.836801
2.1197643
0.1746924
0.3493848
0.68042773
3.2651882
2.6822224
2.3016238
4.472289
2.827516
0.9808512
2.109657
2.1517038
0.0
2.2096992
3.3302488
1.2820717
0.99722934
2.712575
1.3666258
1.1097836
3.286984
0.92524266
2.4086454
0.45126826
1.0289773
1.5185556
3.4785829
0.65159833
0.39932826
0.039500173
1.3708682
1.2742758
0.79241467
0.3281536
1.3126144
2.7570899
4.5485287
1.9434227
2.1022975
0.0
1.1305863
2.4095588
1.5341904
2.9038508
2.9702613
1.7527318
2.4733486
2.2607288
2.7813015
1.9772953
2.0180886
4.420496
1.9254608
3.776104
2.6946654
0.93481016
0.6770445
2.0311337
2.1213496
1.923488
0.0
2.3534355
1.9559487
1.5626729
0.22582945
1.5113394
1.9657072
2.2562575
2.8767338
2.6941943
2.6306665
1.7253876
0.94512135
2.3565285
2.3977396
1.3444821
2.617117
2.5129757
4.2557545
2.3331227
1.927443
1.4824038
1.230056
1.0730921
0.0
1.1363969
2.7351065
2.4941351
0.13584603
1.4132532
0.0
1.812143
2.704746
2.0263023
1.3791735
2.1242893
0.98195666
1.8828485
2.412632
1.6919621
1.6659604
1.9037672
1.8786536
2.3466845
3.715464
0.67493874
1.5085146
2.5466847
3.2159264
1.9929056
0.8183699
2.4269667
0.5021882
3.6955495
2.4736726
0.7044025
1.5110074
2.4199955
1.5994965
1.4663613
0.7428123
0.7119408
1.0534153
0.6946902
0.9057353
4.9913483
1.8170762
2.7882493
4.627421
1.5667222
2.694012
2.8319926
1.8254638
0.5360779
1.3868386
1.9718075
2.4337897
1.8254755
0.96210325
1.531398
4.004301
1.5247035
1.5966299
0.5991773
4.259781
2.8583186
0.98003215
1.5443649
0.80268717
0.8636966
3.1691065
2.4091864
2.786335
1.0320122
4.6111917
4.1017776
2.1985457
1.7938496
0.70575684
0.35287842
0.5498507
0.35959738
1.250776
1.5626717
1.2934244
1.2567927
1.3045609
0.642696
0.88719344
0.80480355
1.7704867
1.4636755
2.487221
2.0465648
2.2737355
1.2196561
0.6290187
0.5126301
1.233776
4.4337635
0.3500208
2.8260474
0.70651186
1.9035629
1.3782465
4.34886
1.7814045
1.1575665
2.8890512
3.4948006
1.9367987
1.768945
0.79679084
0.61164564
3.212167
4.293544
1.7364132
1.4655395
2.059301
0.5907332
3.9958
2.1173131
0.03398218
1.624821
0.59633577
1.5357233
1.8846557
2.2814722
0.76859534
1.2069068
3.384242
1.4068971
2.820129
0.6210091
2.6639657
2.9770656
2.52724
0.5316458
1.551779
2.0225217
0.56592524
2.676455
3.1919346
1.1808966
0.99635834
1.5004302
3.2476437
4.8490005
1.7669184
0.553027
0.86034167
0.90199184
1.535377
2.1748612
0.2827941
3.335679
2.7853718
1.7326705
3.4554715
2.887813
0.70157224
0.05645378
0.5919461
0.943123
2.6639082
1.190998
1.2194959
0.6779939
0.47375917
1.018882
1.7219245
2.7535114
2.529021
2.3643289
1.8669689
0.56725055
1.2354074
1.1405171
1.0345378
3.79651
1.9834502
1.2056327
2.0531898
0.3728174
0.24429013
0.052678544
0.48869017
0.9265946
0.5182136
0.77130663
1.9294167
1.7250042
3.3112788
0.4416669
1.8743815
1.6658086
0.7924451
1.2947713
1.5181198
1.6741555
1.162892
2.9475193
3.2192574
4.561368
3.5518746
0.06733215
1.8712142
1.7520487
2.1190124
1.286062
1.286062
1.0091249
1.3172317
1.3041779
0.3081373
3.0172875
1.8945136
0.88114387
2.26871
2.1716437
0.0
1.388188
4.5813
0.48419112
1.5360689
2.9576306
2.3232722
1.7789878
4.3805757
1.2341831
0.10365354
2.007583
1.8150482
1.021559
1.389995
0.96536326
0.4406001
1.8754878
1.7161798
3.1397314
0.95682204
2.4661021
2.2054203
3.481047
1.2140976
2.3315094
2.1128728
1.2638018
3.4223309
1.6897187
0.095244505
2.1150506
1.1436365
0.8934606
0.8340601
3.2016106
0.7005842
0.34516495
2.3600705
0.0
0.93749857
1.3555079
1.3979673
2.9869049
2.1310706
2.4625742
0.913453
1.4732248
0.8433015
1.1173341
2.9464674
3.8079956
3.318912
1.1981182
1.755796
3.2806835
3.4920123
1.2414517
2.16529
3.1502008
0.8864028
1.7728056
2.598432
1.6221626
4.8542113
1.5635116
0.869547
1.8723283
1.9836015
1.2076373
1.9349344
1.924085
0.18065298
2.7610006
1.1710573
2.7955847
3.2810736
1.5697012
0.64335054
2.0682492
2.823564
3.0591083
0.7048856
7.3907576
0.72451115
1.4490223
3.379829
0.29436013
3.2190459
4.825373
1.7503804
1.1433975
2.3305929
4.205812
2.3146634
2.2998962
0.86752903
0.96631336
6.364071
2.6745071
1.136452
0.13111085
0.14107107
1.9632523
1.5122868
1.8426987
1.66201
1.6298045
1.7660071
1.7615694
1.1488078
0.38293594
1.4213682
2.0202482
4.9644814
2.9349294
2.2963438
0.0
1.2257434
2.1924906
2.5842595
2.1687958
2.234473
2.1080391
1.4286238
1.5369686
1.0783571
3.2764816
2.4250338
2.340872
1.533108
2.4156108
2.5730677
0.81090456
4.783678
2.0299091
1.2398953
2.3353736
2.8754964
3.4848688
2.064049
1.5612874
1.6605403
1.5974815
0.48899648
2.7714198
2.0819612
1.7525729
0.15667439
2.2536416
2.0627885
2.1283174
2.1283174
1.2991271
2.232596
1.0289608
0.8354353
0.9690767
1.4467726
0.9553917
1.9812995
3.2295306
2.6190996
0.97987103
0.47923917
1.3508942
2.4173138
1.1426204
1.5181962
1.6249745
0.9357908
1.0132284
0.10653867
2.0155616
1.760685
3.241248
5.2043414
3.6988463
2.448184
2.8649287
2.1142612
0.5213515
1.7831216
2.0930176
1.7213099
1.6114306
2.6450481
4.530126
3.0139117
1.5285585
0.5224655
4.218726
0.9724184
1.4907444
1.3918858
2.4882696
3.1314907
4.581179
2.1442938
2.1177683
1.101515
0.6146265
0.7590284
1.0577936
3.163054
2.8213024
0.5851453
1.0759568
1.8121098
3.374247
2.1742525
3.3464615
1.3258133
2.224211
2.61174
2.305031
1.5595391
0.61956275
0.7362761
1.7511867
1.5155654
1.7845291
1.2954838
2.4042573
2.2270308
0.9937746
2.1177201
3.9816422
0.83599114
0.7278613
0.48524088
1.2832782
0.2136716
1.1299973
1.2069348
2.1071215
4.103323
3.688546
2.077085
3.928124
2.1252394
1.9464788
0.4262666
0.19674015
1.8459786
2.9500403
1.4463623
1.8914545
2.134198
2.776421
2.565454
3.6077485
2.2113056
1.5507525
2.10421
0.85583156
1.1043687
0.24853717
3.3205822
2.744836
4.1235642
1.7913387
1.9517252
1.4455832
0.96700954
4.3341374
2.9281259
1.2896292
0.3224073
1.6564826
0.8340351
1.6940005
1.7099276
0.7465178
1.6295013
2.2497144
1.1572735
0.4097664
2.3915887
1.5852411
1.6611061
3.022782
3.1350393
1.8421702
2.2403364
2.4471602
1.5875536
1.7635267
1.8951149
0.8937752
0.45950004
0.33327842
1.2959386
0.5178005
0.34520033
2.1345158
3.138544
1.6097572
3.2843094
1.8123457
0.49902064
1.0926805
3.3110058
2.1323032
0.5029155
0.72133887
1.3483735
0.38172567
1.5356511
2.8042922
3.8074048
3.294408
0.046770167
0.8011217
3.0216885
1.2581521
0.90199375
2.4103842
2.063743
1.977467
3.886774
1.8280265
1.1007252
4.432145
0.87147075
0.57971364
2.6817193
1.4571666
0.97144437
2.3272178
3.002969
0.7876738
1.3809295
2.2154644
1.0982254
1.8612983
1.7867396
3.0999079
4.600175
1.9657743
2.4530985
1.0270131
1.3929642
2.2775578
3.3838482
3.8449402
1.1298344
2.772941
1.7689553
2.7096193
1.346228
1.6247327
0.90406
3.6368039
0.7813436
0.22737306
4.421554
2.798242
2.9463468
1.7093563
0.8444939
2.0157492
1.0879016
1.6450856
2.7190168
0.9066818
0.9066818
0.614177
2.5404744
4.2289867
1.3569586
1.3569586
1.5827142
0.7913571
1.7403953
1.904571
1.1183236
3.387743
2.4287176
2.853679
2.3709664
7.597784
1.4866972
3.551745
1.6245196
3.8097165
1.6823194
1.6101997
4.1360483
3.3273997
3.8365366
2.31407
2.6212027
3.82802
2.5100725
4.4431095
0.38174316
1.3243625
2.0514789
2.2634115
4.1633167
2.4336636
0.7252854
0.98574656
3.5539546
2.2174253
1.4761782
3.0130577
1.2833602
2.154051
0.71801704
1.4208605
2.8461287
2.503225
0.6167183
1.1789105
3.6034062
2.1826801
1.9335598
2.4740505
1.8560479
0.874618
0.6134114
0.4578917
0.77559596
1.8477315
3.373085
2.4585571
2.876707
0.8278497
3.2541382
3.9144232
1.2516928
1.1327988
2.1011703
4.3862963
2.9595504
5.2731595
1.7288073
2.0907505
2.8179193
3.6471314
2.5938735
1.2106993
0.8071329
0.0
0.29279587
1.3292986
3.9225705
3.1531475
1.0277679
4.178993
1.3650209
1.5346409
1.2952569
3.5887034
1.2782094
1.5295199
1.5812589
1.329741
1.7586479
2.9228716
3.231349
0.20268229
1.9856188
2.8967125
1.872989
5.9418125
3.143733
0.9212829
1.7131062
0.024108432
1.4498148
1.8114514
1.7949698
2.3464348
2.6220977
1.7475989
0.653481
0.98397744
0.4929277
1.8137163
1.8263202
2.0092988
3.2178402
2.5436175
2.2779522
2.0519953
1.8591172
1.9196622
1.020563
2.81054
1.5951705
0.23088172
1.5246559
1.3593678
0.2937945
4.445385
2.5596032
1.2925138
1.4913232
0.10256663
2.262896
0.9045514
1.1336141
1.5041097
0.827865
2.4535215
0.55722266
0.904143
1.8518474
1.9367948
0.8345754
1.0450237
1.0633689
1.2642093
0.0
2.925486
1.634062
0.6376392
1.5074042
2.0826993
3.2210498
0.72424114
0.58859587
0.39239722
1.58585
2.2947047
0.70885456
3.291139
1.3359066
0.35226265
1.6180438
2.5972977
0.86576587
2.2040625
0.9907056
1.3019949
2.5075836
2.085923
0.46412352
3.5228906
3.533477
4.2592163
3.68677
1.7294455
0.22583859
0.40129203
0.3786901
0.0
0.91156167
1.9972543
2.7062602
1.5065224
2.4994502
1.6622365
0.098826334
1.4013608
2.669431
0.1860206
0.64716375
2.037195
3.0319128
2.3291395
2.9762294
0.9263325
2.4592006
2.5854263
2.2239027
3.5875976
3.0412493
3.8037682
3.9911416
2.246791
0.19228782
2.1139994
4.318116
1.8350412
6.559906
1.5373771
4.876723
0.72757936
0.25546864
2.054848
0.7148346
1.5853654
3.4770482
2.19522
0.43388197
3.0777478
3.5535412
1.6131915
3.4911406
1.4178505
1.7346565
1.1365296
1.1404666
2.1833231
1.319886
3.6784458
2.2683296
1.1397655
3.5532954
0.66301864
1.6489165
2.2207508
0.77275515
0.5151701
1.3519875
1.2932723
1.9842179
1.2194048
1.5855093
0.95572245
3.5745919
1.1757678
1.0197952
4.0337343
1.821232
1.7380166
1.3251929
2.4834473
0.82739717
1.7775571
1.8878405
1.6329442
0.9830538
2.2568593
2.7685895
1.909092
1.7518704
1.3349485
2.3853192
1.9317865
0.70584005
1.2170815
2.669442
1.8762269
1.3377327
0.60477114
0.31903088
0.50107425
0.9397849
4.0287185
3.1645758
0.68132067
0.9888747
2.2296853
1.1193904
3.0222077
1.9962528
0.8029815
0.64023685
0.81226236
0.70513165
2.2509508
1.6135848
1.0770608
0.8096681
3.4921453
1.3970494
1.8362229
0.9048565
1.0582376
0.369881
1.7440116
2.1412516
0.04563719
0.037011098
2.6384735
2.8295262
1.1024637
2.4594252
2.4158485
1.935549
3.5915465
1.3971782
1.9609087
2.2402306
2.077623
2.1391068
4.1397605
0.49408114
3.1760747
2.5679345
2.4385738
1.9978719
0.0
1.1448611
0.62859744
0.46516436
2.0978744
1.9508835
1.9602599
2.4742312
2.178816
2.7429435
0.5052508
1.0588377
3.0311725
0.6380572
1.8071277
1.344236
2.8710425
2.6849015
2.7822886
3.4826078
3.4207733
1.0758991
0.73417753
2.2158012
1.9906564
1.2520137
1.2355138
0.6495129
1.1406326
0.8581539
3.3001208
2.0523396
3.8765008
0.2786177
0.59625435
1.7014952
1.9321939
1.2778901
0.7815882
0.6273295
1.672729
3.329874
3.7645311
2.5294359
2.1314375
0.49106267
1.3905659
2.845892
2.758065
1.2798141
1.4848747
0.48169497
0.49833646
4.92577
4.3343134
1.6299037
0.5560921
0.38378826
3.0784621
2.7236638
1.3564398
1.8307612
1.7726552
1.5382836
0.9836011
2.3914607
2.94023
0.71079624
2.2701523
1.294256
1.4146521
0.28355354
0.19080923
1.3358489
1.747214
3.9243202
2.9068384
4.0895443
2.0284498
2.0523965
2.7820237
1.0270481
1.9854268
2.7291808
4.852555
2.270309
3.3236628
0.0
2.9460664
2.7604346
1.867023
2.9301698
1.0990329
1.6086438
2.1826599
1.8620915
0.87283295
1.5941832
1.696139
2.5656238
1.7426691
1.3102493
1.1964138
3.0608754
2.5629485
0.5470856
1.4777772
2.3264031
2.0126214
0.10565905
1.0332644
1.7344468
0.75401187
3.032096
4.136733
1.5383396
2.16237
1.5910128
1.5011367
1.8673911
0.3639754
0.7279508
1.899977
0.44783154
0.66786706
1.4493239
2.0628252
2.2135496
2.403175
1.1273872
1.0300971
1.1703966
3.8456707
2.2424788
2.6642919
2.1031568
0.9522807
3.2358863
1.6845547
2.047521
4.0256405
2.243445
1.795193
1.6268609
0.9909524
0.4954762
4.3704605
1.6118965
2.2023208
1.832026
1.7744315
2.771403
2.9077783
2.04686
0.42681158
2.8987212
2.0783696
0.60222155
1.0744505
1.0744505
2.6859865
3.6080325
2.5292764
2.820405
0.92237496
1.5070566
1.3159356
1.2655413
1.5026009
2.3562348
1.7887083
3.1764922
2.1531365
3.0027208
2.5075624
2.7447324
1.4000217
0.62150174
0.82504535
0.3312457
1.5044644
3.8537114
3.3609557
1.1912014
2.842469
2.4569216
1.5468671
0.68700826
2.9413338
1.4861784
1.4853945
1.6635802
1.769006
1.8990269
1.9907787
3.0333574
3.2607038
2.7866569
1.8709111
2.1928198
2.654436
1.5568871
0.575898
1.9418361
0.5317593
1.9961888
2.568361
0.95457596
2.335227
2.3064837
5.2436094
1.8507262
3.6236546
0.63010716
0.19045633
0.3274316
0.56387526
3.836292
1.1938431
0.95069855
0.43014663
1.5036165
1.6860096
1.9532189
1.8260174
0.4934616
0.8097716
8.09315
0.79510075
1.6056633
1.5228806
0.93559086
1.8711817
2.532213
4.9793534
2.9840355
2.6399696
1.1648405
0.8906442
1.9009295
1.997864
2.744221
0.19564863
1.1613153
3.5393763
1.8439829
0.16777018
2.3439825
3.8647768
0.64509165
2.5592918
2.1785984
1.1839973
0.17004019
1.9239985
2.639564
1.7042952
4.3482523
3.383056
1.4762826
2.6024008
1.3960625
2.4621766
2.990173
1.9669495
3.654527
2.719425
2.3716202
1.5868953
1.9318432
1.9438443
1.8769789
1.7916819
0.8153696
1.8607303
3.8535395
1.9040139
0.7953669
3.0315957
0.6239971
1.7304616
4.1643133
3.4816785
3.0362966
3.901442
4.4237494
1.8769201
0.06163612
0.040171716
1.4965782
2.7470312
0.15620416
2.0953035
2.4542532
0.0
2.8342137
0.45689106
0.19055909
2.1390011
1.4321587
3.9986374
1.4456116
4.101363
1.1190236
1.5504597
3.7715755
3.679843
3.1806898
1.7418658
1.8085824
4.2765727
2.3961527
0.39777103
3.760636
1.5617723
1.308895
0.58054614
1.9089775
1.382072
2.0272105
1.4152584
2.2976234
4.6150484
3.0121746
0.8319464
2.823939
0.49692172
1.8458365
1.4401035
1.5562485
4.0663223
4.599846
3.3649843
0.06459955
1.0357271
1.3284295
0.867017
2.7419462
5.0730925
2.3661067
3.911496
4.1471753
1.7066921
0.56889737
2.7963374
1.5620284
1.4670851
2.1658902
1.0440798
3.933961
1.6885028
1.3399727
1.7776688
2.9386928
3.95233
1.4412582
1.9523801
0.48055112
0.36838648
0.73034626
0.7119522
0.69998485
0.6200936
2.0064917
1.7696345
1.8006775
1.1595751
0.3676546
2.0659862
1.7685659
1.0370827
4.120785
1.0102031
3.6936085
2.8798342
3.1546144
3.1601198
2.2440977
0.9813022
0.9732424
2.9737706
0.74344265
0.74344265
3.2801032
0.029338188
1.7097864
2.1966534
0.028709799
0.057419598
0.028709799
1.5918096
2.3400269
2.1584165
0.0
2.836907
3.3727605
2.7240486
1.618421
3.870149
3.2215161
2.56873
4.016839
3.0992177
1.0571305
2.631607
1.6154232
1.118229
2.272212
1.1500071
2.058788
2.3770769
1.4264543
2.5867999
2.7932324
2.439968
1.1467757
0.9851674
0.067449816
2.9417677
0.45628318
0.86992747
0.77537227
2.1019585
1.1035326
0.25201017
0.87009025
3.249878
3.23017
2.963361
1.5458363
0.8036542
2.1699502
1.4650898
2.2551155
2.7908502
3.0932307
1.2792462
1.149938
4.449701
1.6556325
1.2889098
0.0
3.784882
4.1163545
3.974562
1.7471045
1.5704179
1.7102805
1.7102805
3.338699
0.9910977
0.71657664
0.008184651
2.307194
0.756068
0.2847198
1.28894
3.7186565
2.0945587
1.3979123
0.13067289
4.132442
0.7929701
1.9450717
3.1175191
2.74482
2.8582373
1.8972721
4.0495033
2.8802547
2.4406734
2.0138693
2.4573417
3.0794868
0.9693253
1.5829893
1.5443759
1.6863945
0.98942167
1.5798063
0.0
1.19344
1.8666492
2.2140782
2.1490788
3.9827693
1.2416931
0.15408765
1.3184472
1.7664773
1.3958943
2.6499598
0.9755588
3.175716
2.560305
0.602967
0.28482068
3.3562655
1.4606174
1.9534434
3.144517
2.0821352
3.0018659
2.2087092
1.604694
0.41520852
1.273123
1.2250255
2.5247214
1.5877626
1.871923
2.063029
2.0702338
2.2608287
1.3134401
1.1240568
3.7574718
1.4029944
2.4461865
2.25802
2.4749131
2.4976792
4.206323
3.685579
2.534504
1.3851148
1.8910242
0.10059504
0.20119008
1.9463496
2.3445213
2.6030438
1.1647835
0.81048316
0.74475753
1.5186903
3.694003
1.1906905
4.215012
2.6785605
3.5325499
0.27378187
0.17026222
0.11350814
0.7939556
1.8386366
1.4420431
2.3427715
3.5444865
0.72751343
0.6890475
1.6886413
3.486877
3.378246
0.51582956
1.2764796
1.4051569
1.8473521
2.1369734
1.5770936
2.7764533
0.81671506
1.9960428
1.5647696
1.7719581
0.70958555
2.6711879
1.8911548
0.5376936
2.360915
1.3400391
2.8757372
3.639007
