0.97328293
0.09989488
0.19504802
0.8764291
0.7168032
0.104261056
0.027822843
0.6115894
0.2362147
0.2004631
0.4413937
0.6080978
0.55663806
0.71372473
0.62841845
0.96797305
0.57431984
0.9980265
0.41814417
0.09554835
0.29106912
0.91017556
0.9193423
0.7811058
0.0337906
0.10371896
0.65763515
0.71329236
0.26222914
0.086953275
0.6634
0.5721909
0.2852621
0.32883334
0.52966666
0.7779627
0.06722905
0.9559933
0.41279325
0.50382316
0.994981
0.07631995
0.5992978
0.8301071
0.7490613
0.55011266
0.8344294
0.29327834
0.7185775
0.87471515
0.91429996
0.84284824
0.27155796
0.20743619
0.9222245
0.55990785
0.91189015
0.5111006
0.83574826
0.35680103
0.5778188
0.014799143
0.54566365
0.4044719
0.5216356
0.5687011
0.05285743
0.57520086
0.7777741
0.24553387
0.46289793
0.52869487
0.9109108
0.83809566
0.25127947
0.61400187
0.35755152
0.47149935
0.8091277
0.21182214
0.057040676
0.51001626
0.16985576
0.850225
0.95484406
0.594821
0.64553535
0.27873296
0.5996567
0.26522663
0.1455545
0.28011885
0.29382056
0.39519605
0.035558596
0.7942597
0.5170784
0.61656606
0.88316005
0.45468807
0.052344665
0.95468277
0.23323347
0.14423136
0.2074492
0.28495285
0.0011194277
0.4329177
0.26802343
0.9365043
0.493794
0.82932353
0.4936551
0.69026583
0.3839413
0.6271219
0.41354
0.44400904
0.40282753
0.48149878
0.3781313
0.3245575
0.33369172
0.67806876
0.33660766
0.09610273
0.94448495
0.2157267
0.8480054
0.40720457
0.61543626
0.9656994
0.6598146
0.48980606
0.1055167
0.13551985
0.35660067
0.024102265
0.09129599
0.41653085
0.3732865
0.98205763
0.51076436
0.13658789
0.6568241
0.13792875
0.8333653
0.038170137
0.3659734
0.39064392
0.47931686
0.15545517
0.3304637
0.40956917
0.37937766
0.7281553
0.17643215
0.225766
0.5284504
0.5401423
0.06849418
0.2682974
0.023189561
0.47459924
0.045793183
0.5076547
0.34940198
0.42021325
0.2899846
0.6672628
0.5450733
0.10459858
0.5246694
0.51384497
0.7318749
0.96891934
0.7815805
0.47879887
0.86614966
0.4045187
0.11454426
0.637851
0.26992843
0.79044366
0.19426683
0.05773786
0.70282817
0.5413887
0.7205876
0.33545765
0.3135361
0.97742283
0.8225168
0.878056
0.53904426
0.9266893
0.47590417
0.31960726
0.08290239
0.3459943
0.46893275
0.91361874
0.66915154
0.67779124
0.92583257
0.8920908
0.36037168
0.70333886
0.11430228
0.84414035
0.34297097
0.98098195
0.6278871
0.115405515
0.10347472
0.24879709
0.94762415
0.38597673
0.37609908
0.2666423
0.69141865
0.9413137
0.4323683
0.6220113
0.88426304
0.49396637
0.969392
0.67972577
0.99110466
0.6149631
0.41360354
0.02787542
0.21200241
0.53265357
0.8580322
0.049606424
0.7683529
0.711551
0.9593489
0.61928076
0.0513567
0.03910501
0.41229415
0.7160477
0.9094284
0.56035787
0.2914866
0.37107924
0.081969246
0.20366688
0.537912
0.011313142
0.059460286
0.7136065
0.09699177
0.4863185
0.21534988
0.63651264
0.51376563
0.8939266
0.8221961
0.50280935
0.42271173
0.578903
0.9367105
0.58738035
0.43940806
0.9386705
0.6233033
0.8365801
0.7024902
0.9920078
0.40299863
0.032278605
0.5342415
0.14135012
0.4873165
0.88699776
0.11283411
0.47495824
0.49263975
0.22379512
0.3632349
0.8374931
0.9733056
0.09406056
0.6457991
0.3812811
0.97217506
0.85006154
0.7966903
0.17446896
0.37647283
0.73641
0.31847915
0.77639437
0.3172676
0.5260895
0.4578075
0.5733473
0.0026385551
0.52840143
0.20235424
0.07746231
0.060937446
0.40776393
0.5265592
0.93006504
0.5103032
0.4156762
0.17389043
0.48550594
0.46211335
0.43320853
0.9939418
0.9312631
0.07545762
0.5037889
0.4733494
0.2283456
0.7065674
0.092538215
0.3434227
0.3407481
0.13868208
0.8886844
0.3742096
0.29586664
0.7245581
0.94870186
0.17897622
0.81762856
0.78386337
0.63722533
0.061228756
0.5968486
0.7956356
0.93315357
0.073515914
0.6812764
0.101380564
0.028683301
0.8432007
0.7509989
0.05169873
0.12857467
0.18566677
0.59943175
0.523407
0.533894
0.8428681
0.35652053
0.15366027
0.3430546
0.8983984
0.6270682
0.70537585
0.021961264
0.42904177
0.9075575
0.46538046
0.86350006
0.8447448
0.85528016
0.9315068
0.28438056
0.14560716
0.21784455
0.706223
0.17440364
0.9852787
0.73310673
0.6764868
0.7157864
0.782772
0.59911984
0.53710407
0.8718628
0.4196134
0.24361043
0.2228476
0.15024352
0.085608646
0.7144255
0.2822711
0.85532093
0.83078116
0.9792806
0.42715967
0.73269266
0.8153886
0.8205478
0.3184643
0.95292133
0.45640793
0.016978843
0.078441024
0.9030071
0.7384886
0.9532559
0.45805168
0.60431904
0.50321144
0.71764994
0.69079316
0.41026223
0.5373005
0.39738664
0.6916525
0.9084852
0.9919007
0.7625179
0.71975726
0.5863487
0.4221238
0.93437237
0.078611664
0.7103977
0.7881237
0.9165584
0.07171777
0.53067523
0.34942794
0.38599786
0.67855054
0.8198966
0.8398274
0.10319358
0.8901887
0.78318113
0.6993046
0.8961429
0.47792855
0.6538499
0.23614332
0.05798526
0.8169223
0.6851582
0.5794568
0.043872938
0.6715149
0.5903952
0.15672743
0.48486075
0.32180032
0.3351008
0.11529252
0.55223984
0.16278467
0.07691411
0.8985685
0.3968704
0.7757155
0.6042548
0.7279617
0.7317671
0.76180375
0.55940896
0.78414476
0.5237279
0.80886817
0.7165039
0.9432969
0.56836396
0.16303404
0.07725381
0.7291507
0.39227474
0.21948153
0.57907915
0.15738414
0.48163298
0.4376748
0.8007816
0.6579696
0.26624537
0.8881367
0.053978182
0.11615353
0.69832677
0.34255713
0.9324561
0.8358314
0.05120877
0.9940641
0.59963536
0.14346235
0.1242257
0.016682463
0.339875
0.81398207
0.8745942
0.37226602
0.9191652
0.44321248
0.5452026
0.6175601
0.11975874
0.96945983
0.28991386
0.008254873
0.028089743
0.67074484
0.39407972
0.41570014
0.9455293
0.4071898
0.67740446
0.12928095
0.12980802
0.4993205
0.43314853
0.58053446
0.104137175
0.8467139
0.10279842
0.9098539
0.59270793
0.20063607
0.09561588
0.25331047
0.86999756
0.7336954
0.34311083
0.36578548
0.50749654
0.8307783
0.73159057
0.90095514
0.30916423
0.3851408
0.9689056
0.5613205
0.24919793
0.002009707
0.2900659
0.53241926
0.44966626
0.9638048
0.69998205
0.604727
0.21241519
0.58322394
0.71625346
0.6027448
0.09030387
0.36788902
0.7299297
0.12918423
0.6853206
0.08273361
0.22508068
0.17020318
0.16571353
0.34092438
0.70630455
0.70410174
0.8205421
0.43760714
0.33725613
0.91132295
0.9743343
0.10710219
0.05569709
0.52091795
0.31056854
0.81180924
0.6776418
0.93995947
0.33503744
0.41776997
0.39264944
0.5295459
0.08193607
0.59424233
0.2956247
0.44689056
0.9800505
0.23874776
0.06558353
0.85952455
0.5805908
0.21758255
0.9188602
0.34262162
0.08720551
0.5108078
0.8700721
0.17560174
0.34280756
0.801591
0.9116884
0.18710186
0.047990292
0.20758954
0.3667711
0.5841549
0.8106599
0.41685358
0.6414622
0.90297747
0.7422323
0.034137424
0.7914037
0.4541541
0.14998181
0.623485
0.25778514
0.8195701
0.89928955
0.81406814
0.15850937
0.23983757
0.45194012
0.28354096
0.19403157
0.75452554
0.4744905
0.9298354
0.664813
0.27911028
0.21008047
0.78848046
0.57472277
0.5036103
0.5457101
0.5377841
0.8358766
0.2116682
0.76065814
0.13810882
0.27740142
0.0068362756
0.034080353
0.25617072
0.10906043
0.49672163
0.79973865
0.46550953
0.7655662
0.5384677
0.59129626
0.38295037
0.6594221
0.784936
0.9595357
0.4860764
0.042647097
0.09226089
0.48731107
0.50802094
0.632483
0.71555835
0.88305426
0.5967642
0.8990875
0.57489836
0.7580501
0.23533392
0.090441786
0.19324706
0.10507737
0.9694949
0.16322549
0.09674887
0.8444507
0.83709115
0.43293896
0.5478357
0.98709816
0.26870427
0.6642503
0.56838304
0.5191128
0.4926306
0.82452786
0.77009887
0.11681464
0.1335911
0.73709327
0.517313
0.63548714
0.9395577
0.55710137
0.5442856
0.0350601
0.6280762
0.5536734
0.0585731
0.37772098
0.12648755
0.14270917
0.6769767
0.068426184
0.47896057
0.70086765
0.80333847
0.6454628
0.91181874
0.6999148
0.92423016
0.9178669
0.6311984
0.96624756
0.897213
0.1631332
0.9212118
0.17261794
0.4862451
0.6721257
0.12495832
0.18752334
0.7272726
0.8593598
0.3077418
0.51138407
0.46236414
0.58024967
0.045940038
0.8836774
0.63618445
0.8942044
0.31964517
0.15045632
0.1781359
0.83644986
0.90605485
0.095182605
0.957907
0.81420755
0.5519328
0.93124306
0.7590639
0.5411968
0.21607816
0.5452721
0.41730994
0.33687633
0.07231679
0.506363
0.518695
0.48875308
0.8502451
0.9998011
0.61106706
0.66364646
0.7233477
0.37308887
0.16635276
0.20882253
0.6760262
0.5042552
0.7260814
0.97637147
0.2163641
0.8623103
0.8814191
0.03392062
0.050693683
0.69403386
