4289.41
-3765.5984
69.275635
-296.92703
-51.71129
-67.12065
-138.53682
-10.873871
-0.38463402
-13.518617
-13.8521805
1.8623521
-0.7740766
-0.7318591
-0.06012939
-0.1698741
0.026499316
-0.047259137
-788.0
3760.0
-3547.3276
-1036.0
1765.7112
-415.0
-532.0
789.3386
-924.0
1148.4729
-72.75
-160.5
238.2284
-573.0
-11637107.0
11637635.0
-111.5
166.64496
-211.5
297.5
-89.95226
-29.375
-30.75
63.25
2.59375
0.03125
-3.28125
3.3745446
0.039739177
0.024535783
0.03623253
0.049909383
0.072563104
0.10469361
0.116003506
0.0831195
0.040929686
0.05342839
0.06775634
0.044711478
0.036797248
0.017758273
-0.003799791
0.006247798
0.02864828
0.0075954217
-0.00085853325
0.057468522
0.10251472
-0.0500549
-0.0012351
-0.002873344
-0.0038991245
-0.000398125
-0.0010834929
-0.0003976775
-0.0026210162
-0.0015510147
-0.002048304
-0.0022328638
-0.002474937
-0.0021211663
-0.0027925258
1.7572194e-05
-4.3651116e-06
-0.0026339928
1.0813121e-05
-4.02777e-06
-0.00035395517
1.2072269e-06
-6.583801e-07
-0.0004232955
2.8647482e-06
-2.1316164e-06
0.0015925164
4.751608e-06
-4.2475767e-06
0.00018387985
1.6935519e-07
-1.634529e-07
0.007944613
0.015181959
-0.011989802
2.0836353e-06
-1.578569e-06
-4.896889e-07
-1.1067928e-06
-7.887479e-07
-6.012242e-06
-1.6055576e-05
-6.7134783e-06
-9.214968e-06
-5.648723e-05
-3.4907942e-05
0.17267355
0.0010810356
0.0004594808
0.0048433174
0.002885515
-0.0034163408
-0.003326456
0.031568278
0.012932057
9.4948336e-07
0.009110683
0.0048664846
0.011800347
0.0017096784
0.002176434
0.0027473746
0.00087544136
0.00048332324
-6.4725056e-05
0.00093699
0.00047683524
-0.0014600633
0.0024141315
0.0016652558
0.00043438456
0.0015953376
0.0007017832
0.0014284564
0.0009596667
0.0009246655
-4.7921378e-05
0.0046057366
0.00036862906
-0.0030041626
0.0078119263
0.0040850667
0.0018841187
-0.00015305978
0.0035265447
6.1586754e-05
-0.0047626705
0.0079272855
0.0044523864
0.0020956788
-0.0003257466
0.0025789628
0.00011684577
-0.0030269292
0.009336841
0.014403975
0.0068140975
-0.0030146725
0.064421535
0.00063270517
0.020517433
-0.00014979018
-1.1684094e-05
2.2284794e-06
-4.9036357e-06
-7.0808974e-06
6.8210284e-08
-2.1077383e-05
4.256124e-06
-4.014683e-06
-1.263249e-05
-3.1116851e-06
-1.881133e-05
-2.9317041e-05
1.6914568e-05
-1.1417204e-05
5.4284565e-06
-0.000114845585
6.0147246e-05
12.09375
28.4375
11.3125
30.4375
58.07422
105.490234
78.868164
99.23584
28.246826
55.31299
39.482483
26.088287
18.921005
1.4109468
7.690857
2.5452843
-1.2282553
7.4116006
2.26251
1.514082
2.218433
0.047561437
0.54136413
1.7634706
0.89942306
1.4319065
1.4945288
0.6439645
0.47287437
0.06425597
-0.04156412
-0.37698638
0.114273965
-0.14762339
-0.013281845
0.0
0.0
0.0
0.0
0.0
0.0
0.0
0.0
0.0
0.0
7.7660974e-05
-7.7063065e-05
1.5585247e-06
0.00023181956
-0.00021429817
1.2570181e-06
0.00016285903
-0.00014666781
2.9590694e-05
4.509177e-05
-3.7535196e-05
2.0128195e-05
0.00035868678
-0.00030952052
5.3523836e-06
4.8275117e-05
-4.3755812e-05
8.844712e-06
0.0004537488
-0.00042986096
1.2860983e-05
0.0006373764
-0.00061741384
1.7699844e-05
0.000586597
-0.0005708204
2.823028e-06
0.00015965269
-0.00015439723
3.1214404e-07
-2124.652
0.0
-855.9686
-961.12244
0.0
-343.10388
-28.782421
0.0
-23.40773
-33.40284
0.0
-24.84351
-7.591467
0.0
-4.043638
2.1685248e-05
-2.7750537e-05
-1.3138613e-05
-2.7497047e-06
-7.1580725e-06
2.0389143e-05
-4.784274e-05
1.3327418e-05
1.7692637e-06
-5.165582e-05
3.4030694e-05
-9.711577e-05
1.8326522e-05
-6.664489e-06
1.6505579e-05
-7.676403e-05
3.745943e-06
-5.369117e-05
-1.32957975e-05
0.0001776859
-0.00025025202
8.448413e-05
-8.2371946e-05
5.2973955e-06
-2.4363013e-05
0.0001250089
-0.0003663461
-7.903878e-05
-9.020375e-05
-8.355261e-06
-1.9281451e-05
-3.9077524e-05
-8.625268e-05
8.973505
5.768071
22.098824
12.026068
36.582813
23.242956
4.3182697
2.8031828
5.1858077
8.640617
1.0199183
1.5308429
-0.00024957955
0.90551364
-0.0006034374
-3.1432137e-09
0.2191481
-2.2172416e-07
3.8903067e-07
-3.878057e-07
2.4803003e-07
-2.545103e-07
9.128844e-07
-9.140275e-07
2.4691785e-06
-2.6716796e-06
7.863746e-07
-7.21682e-07
5.7815973e-06
-6.27567e-06
6.5709755e-06
-6.8369886e-06
-0.001421931
0.0026909038
0.0008441806
1.3896439e-05
-0.00030076818
0.0008818271
0.0006151509
0.0013082002
-0.0037689796
0.0077943266
0.0033793123
0.005560293
0.011899729
0.0074538672
0.05262316
0.0820642
5.684889e-09
-1.2791492e-09
-3.0871178e-08
-2.1521541e-07
8.345751e-10
-3.2733124e-07
-6.768879e-07
-5.610096e-07
-8.243727e-07
-3.340577e-07
-2.2725394e-06
-3.301167e-06
-4.3661726e-06
-4.2972333e-06
-5.2122114e-06
-4584236.5
-983624.75
-1156916.1
-2439455.0
-636009.7
-114275.07
-681995.06
-84567.875
-228713.38
0.0
-126223.08
-38717.625
0.0
-8200.31
1.0734311e-09
1.485624e-07
-1.4787564e-07
3.8197356e-10
1.3166418e-07
-1.3110375e-07
6.863843e-11
1.1767314e-07
-1.2362685e-07
2.3882762e-10
3.0656187e-07
-3.5449426e-07
1.2104806e-10
5.2736294e-07
-7.790418e-07
4.5679371e-10
-1.0329313e-07
6.179346e-07
-2.2415952e-06
-2.3759151e-07
-7.081517e-07
-3.9552356e-07
-3.9516271e-07
-1.1388723e-06
-4.0888985e-06
4.9466507e-08
-1.4661055e-06
1.694325e-07
-1.5185591e-07
9.764659e-08
-6.508741e-08
7.30152e-08
6.0494685e-08
-1.7408489e-07
-6.3448124e-07
5.912994e-07
-1.3789759e-08
-1.6210947e-08
-2.570573e-08
-5.6927263e-09
-2.5762688e-08
-1.2865394e-07
-1.3937836e-08
-9.8373675e-08
-1.2890453e-09
-1.3828594e-07
-8.8438355e-08
312.28812
-136.49585
136.49585
-21.06089
21.060884
-13.178356
13.178356
0.0
0.0
0.0
0.0
0.0
0.0
0.0
0.0
0.0
0.0
0.0
8.9357684e-07
-1.7351454e-07
-4.032063e-08
1.8359384e-07
-1.4138777e-07
-1.9655374e-08
6.1740906e-07
-5.9599427e-07
-1.7485166e-06
2.5023753e-06
-7.5129765e-07
3.3116416e-06
-3.5684675e-06
2.615073e-07
-1.6410188e-05
-6.7137844e-06
-1.2769874e-09
-3.9499697e-05
1.9653107e-05
-1.1648246e-05
5.856871e-06
-1.1790882e-05
-2.5853754e-07
-2.309416e-06
-6.3932293e-06
-9.8668465e-08
-2.9032251e-05
1.4358646e-05
-3.6456604e-05
1.8213394e-05
-5.262141e-06
-4.0242994e-06
1.1624002e-05
-7.729529e-05
-3.2525415e-05
-9.7041455e-05
4.392808e-05
1.3479318e-05
-5.02601e-05
-8.2156585e-05
-0.00018960345
0.00013034459
-0.00018613617
-0.00030868765
-0.07612967
-0.093554154
0.0025057457
-0.18622033
0.0400289
-0.008660776
-0.17219579
-0.23252687
-0.050615318
-0.041838884
-0.050883587
-0.14449513
-0.0038259244
-1.5009646e-05
-5.1881085e-05
-6.0594466e-05
-3.6387835e-05
-9.422272e-05
-0.00027013812
-0.00050523435
-0.00016493993
-0.00043858486
-0.00056539266
-0.00047687464
-0.0003628889
-0.00027306032
4.248518e-07
-0.0004878376
0.0002437071
-0.0010198003
0.0002457852
7.1379134e-07
-0.00059494516
0.00029711646
-0.0006586204
0.00021258074
5.378843e-07
-0.0008602465
0.00042985508
-0.0010257454
-2.854581e-06
3.2174487e-06
-0.00051994564
0.0002583649
-0.00019756514
9.924168e-05
0.42887783
-3.662464e-08
9.455641e-08
-9.3048286e-08
3.0987732e-07
-3.0988141e-07
1.251073e-06
-1.2514994e-06
2.0206326e-06
-2.0219313e-06
2.1964029e-06
-2.2256854e-06
2.251636e-08
0.8288471
2.097238e-10
8.0939344e-10
4.690861e-10
1.3580426e-10
6.510561e-10
4.889671e-10
-1.7607249e-10
-8.956442e-07
9.0143425e-07
-6.092705e-09
8.976031e-09
-7.2532202e-09
2.824322e-09
-1.3837962e-09
2.8094291e-09
0.6081256
-1.14945266e-07
2.288516e-09
-8.0052365e-07
7.035021e-07
8.0743416e-07
-8.556051e-07
2.0814241e-07
0.14417294
3.440295e-07
5.7220007e-10
-1.3347807e-11
-2.647358e-10
7.67655e-08
-7.721202e-08
2.6340672e-09
-1.18262285e-07
1.16949934e-07
2.3341045e-09
-5.076034e-09
6.803589e-10
4.5704383e-09
-8.182935e-09
-1.7411367e-08
1.7026568e-06
-1.6897636e-06
2.9695457e-08
-1.9766428e-06
1.9571276e-06
5.9909553e-09
-7.422252e-09
1.764812e-08
-6.791535e-08
8.182906e-08
-1.0457964e-07
2.6832367e-08
-3.1007512e-06
0.5904547
3.9071324e-10
2.8627e-08
7.23223e-08
1.0218821e-07
1.9244798e-07
2.0150992e-10
1.8760352e-07
2.8278873e-07
4.6270088e-07
1.0097344e-06
6.787104e-10
-2.983887e-06
1.9067047e-06
3.91895e-06
1.2610358e-06
0.28214195
-8.419716e-08
5.874199e-10
-9.690041e-09
-2.2549187e-08
-4.205032e-07
4.0525828e-07
-5.1817113e-07
-1.6048146e-07
-1.7840521e-06
-4.1621097e-06
-1.2146074e-06
-2.246743e-06
-1.0846458e-05
-5.0142444e-06
-1.5321733e-05
-2.1082074e-05
7.0203428e-06
0.96118647
-1.3360136e-08
-2.1598697e-07
2.801358e-07
-1.5967731e-07
-4.0308294e-08
-1.5822286e-07
-2.7483873e-07
-3.5549874e-07
7.79815e-08
-2.4183407e-06
-2.3749244e-06
2.4589488e-06
-2.325416e-06
-2.704844e-06
-1.8493024e-06
-3.6777972e-06
-1.13221176e-07
-1.6641266e-07
-3.4972913e-10
9.342216e-10
-2.0566635e-10
2.803624e-10
-1.2160602e-07
1.0004351e-07
8.149718e-08
-2.6975587e-07
9.795258e-10
-1.2946552e-07
4.5713108e-08
-1.0219248e-06
1.8778337e-07
4.192442e-07
-1.727512e-06
4.0199666e-10
-4.4363296e-06
1.4960569e-06
-8.685185e-06
2.5772651e-06
-6.3744355e-06
4.3957734e-06
-5.737647e-06
1.7885313e-06
-9.420296e-08
-6.6659077e-06
6.548362e-10
-2.5707773e-06
8.8123056e-07
-1.0440908e-05
5.4337984e-06
3.1500136e-11
-1.2586392e-07
1.2615502e-07
8.512774e-08
-8.473481e-08
6.058656e-10
-7.155568e-10
1.0823555e-09
-6.736921e-08
6.727917e-08
-1.2995099e-08
5.418201e-09
-5.1625697e-08
2.8993192e-08
4.832716e-07
-5.1853084e-07
1.5978685e-10
-1.8609998e-07
7.0181386e-08
-1.9155734e-06
1.5620249e-06
5.962493e-07
-9.539074e-07
4.3064574e-10
-1.0599911e-06
3.6656138e-07
-2.3729945e-06
1.579359e-06
1.3636306e-06
-2.1093047e-06
-3.5275132e-06
2.8365835e-06
1.1692968e-06
-2.782511e-06
-1.6775673e-05
-3.4276212e-07
5.61379e-11
1.7318958e-05
-7.746675e-05
2.9508203e-07
-1.5465677e-07
1.0037597e-05
1.6910917e-10
6.1994854e-13
6.7858105e-05
-6.375825e-05
2.0121439e-07
-7.563942e-08
-0.00010381325
8.054059e-09
5.5887405e-05
-8.08345e-06
2.2604298e-05
-4.8075995e-05
0.0001236871
2.3979723e-05
-0.00020345702
-2.4275112e-05
-3.669133e-05
0.0002274192
4.6530222e-05
-1.0010733e-06
-0.00057991064
-4.071585e-05
0.0005742273
-0.00046167578
0.0004557367
-0.0020212764
0.0006385724
0.0015146659
