2443.5422
-1524.0142
82.9339
-462.83484
-375.57675
-102.31427
24.000957
-41.77979
-36.812885
-0.19752073
-6.800546
0.56296253
0.26887178
-0.32790464
-0.20738307
-0.15740246
-0.0141926855
-0.043978587
-3648.0
5556.0
-2145.4165
-1544.0
2004.6807
-2072.0
1304.0
695.37573
-1256.0
1428.503
-838.0
308.0
546.6621
-465.0
-7399303.5
7399745.5
-224.5
252.1057
-133.5
164.625
-31.599678
-113.75
18.5
95.625
1.3125
-0.03125
-1.375
1.4229262
0.04369548
0.020207323
0.05135376
0.10243495
0.07766876
0.057010114
0.13804854
0.08076988
0.047157384
0.09583263
0.0793794
0.04984414
0.014375871
0.002761816
-8.3663086e-05
0.012640727
0.021175932
0.01651054
-0.00694138
0.039652064
0.016835451
-0.0075383694
-0.00096464145
-0.0015971477
-0.0018536713
-0.0010799423
-0.0030107514
-0.0011884897
-0.002862118
-0.002578006
-0.0035776168
-0.0026038934
-0.0033145691
-0.00061634416
-0.0017256355
2.0632753e-05
-3.5602545e-06
-0.00013709157
1.8754508e-06
-2.9490502e-07
-6.2449144e-05
1.2072851e-06
-1.7912465e-07
-1.7996199e-05
1.24797225e-05
-1.891799e-06
0.0016187152
1.8198974e-05
-2.9646562e-06
0.001033041
4.818896e-06
-8.2637393e-07
0.003961584
0.0070267264
-0.006429234
1.1229167e-05
5.3971926e-06
3.6074896e-05
5.0257368e-05
1.3704199e-05
3.7654678e-05
1.604334e-05
4.5625444e-07
-9.974348e-05
2.202869e-05
-4.7175607e-05
0.54384136
0.0035386784
0.004248286
0.0060324394
0.009536263
-0.0066767456
0.010252014
0.035937585
0.024352523
9.600379e-06
0.007189256
0.0007464891
0.0006097083
0.008122084
0.006216757
0.0020823416
0.002632623
0.000758884
0.00051043555
-0.000334697
0.0012690707
-0.0062775915
0.008225029
0.0013509115
0.00030262256
0.0023093296
0.0028137546
0.0044541573
0.0060605323
0.0008113603
-7.175857e-05
0.0059186593
-0.0002756222
-0.011469799
0.016070556
0.005670165
0.0004623998
-8.262732e-05
0.0017336272
-2.3247965e-05
-0.01029929
0.01320957
0.0022396275
0.0004239903
-0.000128684
0.0053367196
5.194619e-05
-0.00079158426
0.0019735177
0.0023457706
0.015912605
-0.00056097517
0.041700397
0.0009308867
0.066035494
-0.00044727413
1.3204147e-05
1.8548362e-05
4.4669323e-06
-5.7556435e-06
4.1957464e-05
2.1711012e-06
2.8874723e-05
9.2333985e-06
-1.650185e-05
4.443682e-05
-8.2651604e-07
-4.670376e-05
4.50274e-05
-7.067363e-05
6.141134e-05
-6.851897e-05
4.7143338e-05
7.1171875
30.5
50.25
10.836914
139.0
74.74121
134.90625
62.37549
101.64258
18.051483
65.348145
39.688293
25.15561
15.995407
9.241272
2.03714
0.8154316
3.2064145
2.589493
1.2561443
1.5535625
0.97313315
2.0970585
1.5682293
0.42327046
1.0120804
0.69278854
0.34470206
0.499845
0.26159865
-0.22554913
-0.18574548
0.052900672
-0.11195144
-0.0004855357
0.0
0.0
0.0
0.0
0.0
0.0
0.0
0.00012207031
4.5776367e-05
2.2888184e-05
0.00019856503
-0.00019044823
4.239071e-06
2.5522195e-07
-2.216184e-07
1.4046484e-05
0.0003080851
-0.00026695678
1.186097e-06
0.0002527128
-0.00021607972
3.0007563e-05
0.00021877703
-0.00019690354
7.405371e-05
0.0004017284
-0.0003776783
6.0297316e-05
0.00096732983
-0.0009252942
2.7330127e-05
0.0012011016
-0.0011537916
4.465913e-05
0.00023658892
-0.00022583356
2.2076914e-05
0.00014794504
-0.00013852751
1.3045239e-05
-2717.2466
0.0
-813.6277
-453.3853
4.5776367e-05
-430.299
-115.93526
2.2888184e-05
-55.33105
-57.557487
3.8146973e-05
-14.3761835
-20.20304
4.4345856e-05
-11.9482155
3.842192e-06
-3.0618098e-06
2.8253785e-06
-1.7005692e-06
-6.228973e-06
3.8471346e-05
-5.3374817e-05
4.400524e-05
-5.895133e-05
-3.393383e-06
2.6397518e-05
-3.5989608e-05
3.7566348e-05
-3.7938164e-05
1.4536539e-05
-3.443152e-05
9.306086e-07
5.9307986e-05
-6.21481e-05
0.00016219674
-0.00020857334
5.8169433e-05
1.1643093e-05
2.5624671e-05
-0.00010717966
0.00023640424
-0.000104460574
-0.00038853436
-8.489379e-06
6.811483e-05
3.7448393e-05
1.2241415e-05
-4.1090443e-05
7.777798
8.407074
17.363007
32.77355
96.74552
85.418
2.675537
14.44494
1.6473567
6.700286
3.1835628
1.7897274
-0.00018586585
1.381086
-0.00013107061
1.7797167e-05
0.30821905
2.0301803e-05
1.2486142e-05
1.0939212e-05
1.5585272e-05
2.3985373e-05
3.1509135e-05
2.3836408e-05
2.281695e-05
8.8979705e-06
2.6837202e-05
8.208051e-06
1.081805e-05
9.814123e-06
4.1944342e-05
7.658347e-06
-0.00021427695
0.0019331486
0.0006286185
0.000109110144
-0.0068732062
0.0092255045
0.00062947324
0.00019258185
-0.012279656
0.016061151
0.0009351014
0.005674608
0.027766205
0.058340125
0.06770247
0.020742506
2.0874964e-05
1.5202232e-05
2.062969e-05
1.925865e-05
2.1109023e-05
2.0007936e-05
1.0404059e-05
1.550723e-06
4.40648e-06
1.0775332e-06
1.0889196e-05
1.1094007e-05
1.831455e-05
1.5242769e-05
1.747483e-05
-4905522.5
-5233361.0
-3811126.0
-2561741.0
-254101.34
-70635.164
-299744.12
-195965.16
-196728.4
0.0
-97794.734
-42816.594
0.0
-43775.223
7.2602197e-06
2.2994266e-06
-1.7930493e-08
3.209911e-06
1.6782918e-05
-9.648639e-08
1.10092205e-05
1.4165424e-05
-1.229213e-07
2.2380562e-05
2.0659676e-05
-4.7364227e-07
2.460509e-05
1.4144062e-05
-7.365974e-07
1.143518e-05
1.155041e-05
2.3136829e-05
-4.0462846e-06
1.4795381e-05
4.0308205e-06
2.4962737e-05
5.0398544e-06
7.2569874e-06
-2.7776845e-05
2.9725734e-05
3.0216223e-05
1.74653e-05
1.2516529e-05
3.5736675e-06
3.0364183e-06
2.4423483e-05
1.546923e-05
8.623625e-06
-3.595752e-07
8.311959e-06
9.460078e-06
3.677272e-06
1.3591234e-05
2.2009528e-05
2.1670516e-05
2.089149e-05
1.4086265e-05
2.5461664e-05
1.2804838e-05
1.228389e-05
4.497931e-06
62.531143
-119.056305
0.2661209
-3.7882004
4.345229
-7.306073
7.3032885
5.800277e-06
1.0430813e-05
4.351139e-05
-2.0980835e-05
-0.00017142296
8.2194805e-05
2.3305416e-05
2.8014183e-06
2.000481e-06
2.6613474e-05
2.3052096e-05
2.8990104e-05
3.1421698e-06
1.927464e-05
1.6737638e-05
1.3402221e-05
9.600506e-06
2.8611012e-05
2.4930776e-05
1.0549923e-05
4.8502763e-05
-1.3261558e-07
4.815854e-05
-6.544162e-06
4.1576634e-05
3.3754077e-07
-2.421399e-05
2.3550238e-05
-2.3134053e-05
2.2437045e-05
-3.4111913e-06
3.4065968e-06
-2.2876884e-06
-2.7156287e-07
-2.7615552e-06
-2.5056861e-05
1.9534875e-05
-8.930755e-06
7.4061763e-06
-1.2429813e-05
1.0248744e-05
-8.77877e-06
-0.00010460916
8.222942e-05
-3.81161e-05
-1.9716725e-05
-0.00014535405
-1.9566692e-06
-1.3752357e-05
-1.9907562e-05
-3.789727e-05
-0.00038864207
0.0004207359
-0.0005252409
-0.00012009431
-0.089905605
-0.22312438
0.063245155
-0.09912318
-0.06278288
-0.091934554
-0.14345932
-0.09628321
-0.22358277
0.0430938
-0.014621874
-0.06757063
-0.018892672
1.1763678e-05
-9.826596e-06
-1.5008117e-05
-4.4228644e-05
-5.84168e-05
-6.6131775e-05
-0.0006367956
-0.0007695913
-0.00023585271
-0.00020363787
-0.0007551084
-2.7108705e-05
-0.00031688163
1.7362472e-05
-0.0009264671
0.00048575673
-0.00022402499
-0.00016343106
1.3941314e-05
-0.00068070245
0.00035560294
-0.0007015151
8.469599e-05
1.38190535e-05
-0.0010011827
0.0005218188
-6.293431e-05
-4.7076774e-05
3.942414e-06
-8.570388e-05
4.442907e-05
-1.5630052e-05
8.18261e-06
0.8259693
9.435049e-06
7.676515e-06
8.409886e-06
3.0451114e-05
8.085224e-06
3.0572133e-05
9.352377e-06
3.7959304e-05
1.5355712e-05
2.7625276e-05
1.0966764e-05
1.809178e-05
0.68591994
2.3341685e-05
5.7350962e-06
1.0083098e-05
2.4833605e-05
2.451241e-06
1.540562e-05
1.04438805e-05
2.536735e-05
3.431416e-05
1.7986541e-06
3.4255085e-05
6.6574594e-06
1.2417756e-05
1.5498059e-05
3.4051325e-05
0.6069396
2.2526336e-05
1.2890741e-05
4.636703e-05
4.0750405e-05
4.029237e-05
1.2587354e-05
2.2576893e-05
0.09154032
6.9038547e-06
5.127106e-06
-4.318928e-11
3.3339124e-06
1.2199582e-05
-9.5282594e-08
1.5353124e-05
-9.210842e-08
5.702583e-06
4.2832316e-06
-1.1875834e-08
2.4865669e-05
1.0734567e-05
-1.5509996e-09
4.0453147e-06
2.417327e-05
-1.5890372e-06
1.9029096e-05
-3.2669082e-06
3.0122606e-05
4.054032e-06
-5.0651913e-08
1.666754e-05
-8.3358096e-08
2.5025616e-05
-1.1856184e-07
1.8548522e-05
-3.874234e-06
0.70568836
1.8024952e-05
6.389251e-06
2.426889e-05
1.555558e-05
2.961974e-06
1.1695363e-06
1.0680972e-05
2.6145062e-05
-7.5486975e-07
7.226893e-06
8.645613e-06
2.1441216e-05
6.391566e-06
2.6675632e-05
2.770737e-05
0.8168401
5.6855934e-06
1.4366981e-05
1.7888291e-05
2.4901072e-05
1.9272464e-05
1.1750926e-05
2.121568e-05
7.036452e-06
1.700329e-06
1.5522146e-05
3.08763e-06
2.8286107e-05
7.692589e-06
3.5992653e-06
-1.1465762e-05
1.116426e-05
1.4416776e-05
0.18347356
2.0771524e-05
2.564923e-05
3.6100144e-05
2.7403967e-06
2.2476355e-05
2.4386101e-05
2.3627803e-05
1.990057e-05
2.2874377e-05
1.2040899e-05
4.739516e-06
3.8111466e-05
4.7950234e-06
2.076169e-05
1.8111907e-05
1.9342365e-06
2.8870567e-05
1.2680814e-06
1.8294102e-05
1.1855761e-05
-5.1109596e-11
2.4719964e-07
-1.48837564e-08
1.843711e-06
2.6286538e-05
-3.156729e-07
1.3742413e-06
-3.0559988e-07
2.075303e-05
-1.7464473e-06
2.720231e-05
8.973703e-06
-8.656756e-07
5.655684e-06
-2.1960557e-07
4.0867244e-06
-3.5028584e-06
2.3989212e-05
-2.722992e-06
1.5328187e-05
-2.4149126e-06
1.1771722e-05
1.1937179e-06
-1.3542251e-07
4.1766307e-06
-4.6362406e-06
3.1242205e-05
-1.394787e-06
4.824341e-06
1.119224e-05
-3.8795525e-07
2.6113776e-05
2.0892918e-05
-1.371375e-07
1.0318836e-05
-2.545312e-10
5.224217e-06
-5.442943e-08
8.099193e-06
-8.371541e-09
1.5708876e-05
-4.272444e-07
2.468228e-05
8.281379e-06
-2.4143836e-07
5.9473464e-06
-1.3889277e-07
1.24418675e-05
-3.7193956e-07
4.6086207e-06
1.8815377e-05
-1.365705e-06
5.4968164e-06
-5.5790923e-07
1.17869495e-05
-5.364326e-06
3.0821346e-05
1.9195797e-05
-2.8336951e-06
-4.6096156e-06
2.4469242e-05
3.9655674e-06
-8.4311165e-07
-5.971229e-05
-1.2926085e-06
-3.58454e-10
7.3903335e-05
-0.00019363304
9.575723e-07
-3.8619453e-07
3.5049343e-05
1.0043095e-09
1.1688428e-12
0.0002097975
-2.9870893e-05
1.3616722e-07
-3.552692e-08
-8.3176514e-05
3.878654e-09
-4.995771e-05
-1.3134073e-05
6.233024e-05
-4.5101202e-05
8.549967e-05
0.0001876621
-0.00016628978
0.00013159402
-0.00025402108
8.343173e-05
0.00028036564
-0.0004671486
1.820596e-05
5.215971e-05
0.0004271325
-0.00029114966
0.00013538855
-0.0018138757
0.0015868933
0.00049936067
