0.93019783
0.8299773
0.19056636
0.40517643
0.3802643
0.61198354
0.86004275
0.36180764
0.49773565
0.9333148
0.8935986
0.43729153
0.6384067
0.8919275
0.9657725
0.5276626
0.7734653
0.4084189
0.9563641
0.7789985
0.1307766
0.64566857
0.52224606
0.16967565
0.6828832
0.803651
0.06925684
0.3480764
0.9703184
0.93516
0.54116535
0.87077755
0.4701694
0.25546768
0.64525473
0.4505174
0.29181886
0.4133677
0.3162278
0.13214888
0.8413465
0.26278275
0.55796945
0.7062383
0.82107973
0.8765151
0.87829554
0.6241483
0.30423158
0.45632288
0.8692012
0.7299556
0.93334204
0.7659511
0.3336114
0.081657074
0.94207036
0.016883953
0.8622318
0.5859521
0.6485238
0.70371556
0.9557072
0.097828
0.26793367
0.09947274
0.65616834
0.38710886
0.5154864
0.57154554
0.6528457
0.5847051
0.82224673
0.8887844
0.16080125
0.5211066
0.9626637
0.03394158
0.81975085
0.22935238
0.6541097
0.30080625
0.97440886
0.76037544
0.6302819
0.80975884
0.64129794
0.30725586
0.75132483
0.46108007
0.61905587
0.59732187
0.08181582
0.1527349
0.15399289
0.022462005
0.7381821
0.10016183
0.15677227
0.30992824
0.17267324
0.0755834
0.7144894
0.34483948
0.5311469
0.38612458
0.65453744
0.6562133
0.49784654
0.68043053
0.56340104
0.21519652
0.4115814
0.7703214
0.3749504
0.2914695
0.5390269
0.48632643
0.30820096
0.8369094
0.27685773
0.7980064
0.8439777
0.036254022
0.41141498
0.20629518
0.44950736
0.7483456
0.7235519
0.84273607
0.09899475
0.6388927
0.9949726
0.20308755
0.67458147
0.9200525
0.28503516
0.9305132
0.4725492
0.28893524
0.79078954
0.44397575
0.8375255
0.44645602
0.81990445
0.33721238
0.38362643
0.41188154
0.7450614
0.98692995
0.4194446
0.3183915
0.67503554
0.10005722
0.32499695
0.71361554
0.08395763
0.35351512
0.101000614
0.96201354
0.26269665
0.63631785
0.22498894
0.48934025
0.6912709
0.9256481
0.62752724
0.79548484
0.25583923
0.6331786
0.6387541
0.67879313
0.8316098
0.10314435
0.92194873
0.4744865
0.7956104
0.8113796
0.588614
0.37487927
0.7369899
0.6461958
0.7154967
0.5411753
0.030708443
0.31134266
0.9889445
0.5224684
0.9347241
0.85720116
0.44773436
0.90096354
0.86251163
0.399854
0.44023708
0.40131783
0.7703206
0.7348863
0.8919881
0.2834871
0.06261968
0.54754645
0.017596485
0.34792244
0.13273695
0.048604507
0.25125775
0.78495187
0.6871376
0.33540282
0.337749
0.8807502
0.12140678
0.69273186
0.61159676
0.5591735
0.49407306
0.48913753
0.6329654
0.00027691672
0.09949203
0.07967317
0.8619917
0.061828986
0.69675905
0.97890395
0.20060037
0.44632408
0.98381037
0.10582515
0.09735813
0.22489724
0.7652725
0.5224699
0.91807455
0.9318348
0.89540255
0.17068607
0.34480086
0.022607666
0.5301868
0.46466297
0.015309417
0.8807914
0.66821325
0.99459296
0.8675057
0.103564546
0.061776068
0.11883613
0.15354964
0.098508276
0.40230885
0.2733015
0.574171
0.3293715
0.2024822
0.32182428
0.20655422
0.26019216
0.4814105
0.084073566
0.5365423
0.52790844
0.59601325
0.6946139
0.19807878
0.7641115
0.74753034
0.07684648
0.9370606
0.38710317
0.36531246
0.40087178
0.8560676
0.60116297
0.7744705
0.08827339
0.29969046
0.7323903
0.8092173
0.4673638
0.0988353
0.53096324
0.53490883
0.12516043
0.0742425
0.6171853
0.7442623
0.83234835
0.02030679
0.67598987
0.44840413
0.92280275
0.1447887
0.7021535
0.21378697
0.4023048
0.9044469
0.47388333
0.6184889
0.4050366
0.25838935
0.9102682
0.45154184
0.1269496
0.7843556
0.49911508
0.07823228
0.14790785
0.13440791
0.38922727
0.5540876
0.8333527
0.3277848
0.29977953
0.6548261
0.32645553
0.9037582
0.50387007
0.88188124
0.7224105
0.38212344
0.6883597
0.17351949
0.971082
0.31166106
0.7512569
0.4505826
0.103005834
0.09553622
0.9482461
0.9331716
0.10946899
0.021116674
0.26666045
0.80088073
0.5597135
0.54723173
0.89994484
0.45730817
0.322294
0.997552
0.99527764
0.92031276
0.27799386
0.13460542
0.40177122
0.37102553
0.88471216
0.77218294
0.7024654
0.020759396
0.5055763
0.53921324
0.40706742
0.2739697
0.0784908
0.72525245
0.8704411
0.5108451
0.064809896
0.02606853
0.04791115
0.4580914
0.9750446
0.50930125
0.027903933
0.8307162
0.6456295
0.75969857
0.39480042
0.3927463
0.1152322
0.60456043
0.7116125
0.7998127
0.69545823
0.7666149
0.10712237
0.5922828
0.17415242
0.28087267
0.1622036
0.23282182
0.90822995
0.55195963
0.13620517
0.18310349
0.7414406
0.7207292
0.35340306
0.76675975
0.7308023
0.71837306
0.7998865
0.5779501
0.18561332
0.044712838
0.27932206
0.097543664
0.69253814
0.38022363
0.9005287
0.06832254
0.5503131
0.23774724
0.62824506
0.12050093
0.5314865
0.454799
0.39919564
0.4789688
0.25523666
0.77478707
0.3566506
0.7159992
0.17687845
0.43392482
0.91153693
0.08999968
0.9152632
0.24148598
0.96404773
0.57310057
0.68836254
0.6452478
0.06885185
0.89216673
0.6828235
0.45799774
0.46071312
0.06993919
0.2316877
0.90097
0.08010501
0.48461238
0.0056291376
0.5509495
0.32877284
0.9186389
0.4421638
0.795315
0.82178766
0.71096957
0.40922582
0.2654644
0.5829278
0.14033699
0.07683476
0.67383534
0.7891027
0.7005067
0.97763413
0.034200583
0.030168088
0.274554
0.54577076
0.84803426
0.10333572
0.71843094
0.8130949
0.092262834
0.35408494
0.20432161
0.6670848
0.65124696
0.6802643
0.030234426
0.59248877
0.4483928
0.482874
0.82068235
0.31769863
0.92762965
0.8701985
0.9519446
0.46540025
0.05072794
0.15465303
0.62022394
0.23815857
0.6924762
0.1987634
0.39540765
0.07274856
0.18982016
0.3900323
0.43645096
0.12671341
0.028766584
0.9776744
0.4735416
0.40322053
0.005057397
0.20506252
0.84652215
0.13982046
0.29038277
0.69481736
0.09566181
0.66759366
0.39000833
0.5308218
0.8221085
0.51887834
0.13107134
0.086384766
0.84401256
0.8963607
0.8125231
0.6221348
0.5943767
0.38581452
0.044411182
0.7937803
0.509128
0.500753
0.94422823
0.03787627
0.81406224
0.62275016
0.26412278
0.7057988
0.82268363
0.020546999
0.013943013
0.8580844
0.94879586
0.041262083
0.0665654
0.8346748
0.78384364
0.7158107
0.25985008
0.25552502
0.7369292
0.27718896
0.22553886
0.12453744
0.89657336
0.7680786
0.43138036
0.38883582
0.2966231
0.021663401
0.48551294
0.39449236
0.58355355
0.44069922
0.89979357
0.45722428
0.50273424
0.54496306
0.19156194
0.6921971
0.815356
0.81992483
0.407515
0.15411222
0.42887777
0.17514563
0.794775
0.58491033
0.71880263
0.27823088
0.14778093
0.6290498
0.30330303
0.2591791
0.96131057
0.10964997
0.2815181
0.8516683
0.47526884
0.15209308
0.6316536
0.22632594
0.5597282
0.02235868
0.82884705
0.20240216
0.8036357
0.4726918
0.071123175
0.4932368
0.70916176
0.26911834
0.34220883
0.8989158
0.3402158
0.8481833
0.2481427
0.02308443
0.7679225
0.16282603
0.14952901
0.6661839
0.12010294
0.63323236
0.60812545
0.2157634
0.639299
0.018772978
0.19616294
0.51328325
0.8787257
0.012915107
0.5459173
0.013639529
0.5626965
0.26633817
0.9316225
0.6871537
0.28249604
0.2273599
0.45396167
0.6860825
0.5057136
0.6318031
0.14417328
0.8357018
0.21889304
0.5680824
0.02080962
0.35743704
0.89087635
0.26506126
0.27402863
0.3969038
0.8882263
0.4753948
0.8877626
0.31383413
0.5980829
0.05825182
0.0641585
0.5214789
0.501892
0.51662797
0.5904514
0.38890177
0.60305536
0.18374954
0.011861679
0.5778075
0.59881634
0.2005307
0.98454934
0.16242951
0.02736738
0.747476
0.3975235
0.6757166
0.18337709
0.85859
0.64688116
0.046720024
0.6261015
0.30500776
0.28214186
0.16356464
0.69620186
0.8620028
0.94757324
0.40740457
0.8949785
0.5386271
0.33841696
0.11382855
0.49050695
0.13938014
0.48328736
0.18179502
0.4695228
0.77431273
0.34993196
0.025850447
0.8438485
0.7440152
0.9611864
0.6647207
0.36400926
0.7625419
0.8890054
0.90135217
0.90864563
0.91744393
0.64469105
0.668328
0.3234503
0.017804654
0.96857697
0.570461
0.45506966
0.31541464
0.7074596
0.3435185
0.3681401
0.40815103
0.5567291
0.086506285
0.5768274
0.6224984
0.026487198
0.5754671
0.28386995
0.97504646
0.20858726
0.46559834
0.674126
0.40021646
0.96211314
0.98594195
0.7476596
0.424641
0.31182685
0.65092516
0.1817277
0.49183542
0.028265767
0.30717015
0.47188064
0.60306764
0.7140383
0.367191
0.93828714
0.10824705
0.6890135
0.15903346
0.62935746
0.84558916
0.35885102
0.42850402
0.8261746
0.44040832
0.4791563
0.57881916
0.30777577
0.7241436
0.08388202
0.37699988
0.32881877
0.30683252
0.7993255
0.5621644
0.4448846
0.6313399
0.0954639
0.7415251
0.7379926
0.7367561
0.10148516
0.0014060161
0.74786603
0.5877416
0.35955116
0.044013638
0.8653757
0.52046126
