112249.31
20327.115
91995.46
73904.76
10338.48
2860.8489
63734.87
24541.06
20863.74
45956.324
63304.773
132264.28
65426.492
100779.61
59794.46
103908.71
43534.61
9947.902
28550.807
100720.0
-4982.543
93605.73
3164.898
79347.61
5494.2505
43.127686
10658.96
151.33441
67761.3
74477.13
509.4462
27142.164
-1081937.1
1091147.4
68855.06
219.28966
59425.535
29902.75
-56.754086
34190.477
55135.695
81052.83
7001.4775
99532.4
95418.76
103605.734
7946.0273
62395.426
86425.99
77988.0
57274.64
86876.03
30534.578
74814.18
91070.37
95191.71
87752.55
28273.086
21597.06
96016.68
-0.012094823
58294.375
94940.734
53212.887
-0.030212078
87013.31
37148.117
-0.032899864
60159.133
1540.8008
56811.32
42111.26
54309.656
59209.844
5503.208
59886.562
80977.32
25563.557
48194.24
55044.633
-0.0028946993
94838.73
-5.975143e-06
-0.0022139535
87257.64
-4.6837463e-06
-0.00043594695
26161.756
-1.2552772e-06
-2.852625e-05
63926.31
-3.0539645e-06
0.0010424079
37226.184
-1.9076997e-06
0.003321766
49089.77
-2.6592372e-06
0.009260791
84241.69
-0.013139529
27992.434
53099.926
106204.87
161342.1
96229.44
90046.62
44318.633
71736.4
3702.154
136528.9
156142.75
52789.35
99396.016
24282.916
15016.533
21598.406
-0.0028685916
29667.646
116.54836
45072.887
27905.041
97503.38
51410.973
86344.35
51396.508
71866.47
39973.734
65292.29
43055.383
-6.7149863e-06
46227.64
41940.062
50130.85
39368.832
33791.043
34742.043
70596.58
35045.637
10005.659
0.00080936466
98334.28
-9.015199e-05
22460.217
-0.00014093287
-0.010665309
88289.4
0.0049832887
42395.773
-9.606847e-05
64075.65
-0.00022893312
-0.014675759
100543.02
0.0045194225
68696.055
-0.00031264662
50995.76
4.2796877e-05
-0.00079329486
10985.787
14109.541
37127.195
-0.0002846528
2509.3945
9505.207
43366.805
38864.418
102246.125
67398.55
68384.7
14360.339
90739.2
38103.023
90575.25
16185.088
34405.957
82140.55
75811.3
18369.088
23505.441
-4.7959795e-05
55019.184
-6.821396e-05
56236.473
7134.472
27944.244
2416.456
49469.855
4774.324
52935.645
36436.152
43816.29
30230.127
69539.55
56789.32
10895.02
54640.277
53507.22
76206.01
182258.19
49845.43
132305.72
11926.035
66410.8
110402.11
20226.346
6011.457
73175.93
56367.36
75024.67
67570.266
101764.375
85636.18
91418.375
56122.008
96481.36
82824.14
8631.313
36022.87
143943.5
140236.0
189271.69
110747.35
99787.47
137842.28
77387.305
36676.492
138846.77
66918.49
71986.49
-0.00053542724
98004.1
45015.67
-0.00013651728
64760.195
92064.32
-0.0003093569
51428.902
100927.45
-0.00040696826
70769.09
103188.055
-0.0007008046
64026.387
43061.996
-0.00044372614
2902.2266
22072.459
-0.00025360502
55456.793
89333.33
-0.0009937222
5164.7324
79996.44
-0.0007355319
74082.555
99881.836
-0.00061154016
64475.914
5151.687
46997.055
73334.75
93773.9
88689.086
38430.23
8489.457
77208.88
1121.0798
6158.2607
84394.77
50618.707
22409.115
119760.266
93058.484
85602.27
-4.7004454e-05
52349.582
-1.4177049e-05
-3.902389e-05
44010.285
-3.820653e-05
60272.01
97524.84
-7.810793e-05
61154.625
-7.915705e-05
45748.61
-3.449689e-05
97728.914
-9.652435e-05
64894.71
87099.85
-0.00016712853
73139.195
-0.00020980363
103282.08
-0.00029156342
41957.87
-8.608386e-05
73699.33
143085.6
61197.516
199603.84
218061.56
290832.12
229858.75
195163.27
274.67676
76088.75
8073.7046
48801.24
54871.84
150033.17
43291.957
18108.707
98668.38
45110.438
200444.92
7858.6577
52451.566
49283.305
-0.00016083725
23774.016
73563.8
9634.54
71231.89
14438.771
92524.65
38960.527
106240.69
98773.31
18633.963
85126.73
147955.48
6374.7817
62140.402
82836.945
104808.56
70930.53
10555.154
2986.3396
165978.8
5382.571
13386.445
19330.547
116903.44
55585.938
87754.516
37118.855
51715.062
93536.02
65286.72
73439.65
46955.844
94489.7
138355.31
176996.7
126591.12
37840.477
73527.83
18157.893
102581.484
76326.805
70431.87
74523.516
81497.664
62376.87
55920.15
90773.28
43687.703
-1699465.0
-809741.6
-269327.5
-4094396.2
-781741.94
-675178.4
-782465.75
-26029.469
-145720.78
146731.16
-43219.875
-32895.53
170902.97
52906.734
47689.676
62918.18
-1.2904023e-07
52391.445
74717.53
-1.128862e-07
71921.36
42714.113
-9.618817e-08
55940.605
41373.586
-2.6622968e-07
72010.83
94586.19
-1.3806102e-06
103270.93
79388.93
74936.94
-4.0221903e-06
61047.215
43949.07
97281.414
8184.589
73962.48
-2.604789e-05
82054.85
102893.56
55250.816
36380.402
40187.85
70646.734
85362.86
87437.945
10743.915
-6.5026757e-07
92681.266
81540.26
72807.52
93301.18
49759.14
68075.05
24585.867
6037.088
85053.195
71334.68
60329.67
4567.795
131611.02
16146.079
50481.16
33488.117
46908.4
57484.656
16959.531
8007.85
93553.734
41319.836
80762.97
62911.492
75791.14
76187.336
79314.57
58242.406
81640.586
54527.504
158812.88
98210.586
59174.746
25017.371
75914.93
40841.363
83141.49
16385.92
50144.824
128940.875
68503.96
120187.55
5619.894
84798.945
35665.055
-2.6020904e-05
97081.9
-4.777484e-05
87021.9
-3.0024426e-06
5331.559
103496.164
-3.8410667e-07
62430.543
-5.3546682e-06
14936.465
-9.278037e-06
12933.656
-1.3908057e-06
1736.881
35385.81
-9.319314e-05
84747.08
91057.66
38758.17
-0.00020983812
95698.13
46144.703
56763.324
64296.76
-0.00016467627
12468.584
100934.52
30184.146
859.4457
2924.3792
110863.4
43280.047
140837.31
70527.34
26974.812
51986.184
105538.76
98997.0
105431.375
82598.28
9954.96
193340.39
73806.16
139333.39
169971.16
173163.81
84386.46
30409.213
102249.03
236184.47
82837.32
74572.15
72156.2
114298.5
13449.911
-0.0007580585
71351.6
-9.376791e-05
8613.742
23434.092
-0.00020153131
17720.566
-0.00020027469
17253.13
35495.066
-0.00087818725
73536.33
-0.00088578375
73306.984
85430.07
-0.0005581049
45561.113
-0.00043234762
35113.15
196324.56
11150.857
60033.8
32334.59
155072.97
97863.11
78377.92
40880.375
63663.945
61869.055
77306.37
102037.16
31685.203
89489.555
60447.734
22653.43
95666.375
35671.77
9079.33
53182.336
90586.84
18282.63
119148.11
94919.69
24476.426
21613.014
99004.88
84401.19
110185.68
174844.75
129680.234
107367.95
178957.67
126229.6
96775.445
127957.99
166025.5
29059.617
103964.36
59836.79
-1.7725735e-10
52432.977
56816.156
-1.1660135e-07
55990.95
-3.728013e-07
87026.6
22037.66
-9.873775e-09
79195.3
14379.087
-2.8806297e-09
28881.422
711.75323
-1.3868606e-08
3548.248
-8.4539283e-07
26671.004
11354.737
-4.1165773e-08
51715.766
-7.266368e-08
83264.13
-8.104013e-08
48466.145
-4.59816e-06
135768.95
61562.324
39870.562
150378.16
99901.27
50607.445
4440.1675
9605.667
103628.17
65850.45
74499.77
91938.47
62131.617
93607.76
138778.84
24501.598
29536.227
10940.044
100938.164
16994.088
10072.93
87919.3
132228.14
57037.465
102770.914
27975.924
69157.875
59176.734
105336.84
85845.04
80178.21
12162.061
13908.728
76741.86
53860.137
66163.22
97821.27
114670.0
3650.2537
65391.637
57645.25
6098.2905
39326.11
13169.147
14858.048
70482.875
56990.723
72970.26
83638.92
67201.83
94933.26
169096.52
95562.96
65716.7
100600.07
-5.0408184e-09
93412.59
-3.5438877e-08
16984.48
95911.21
-3.2813068e-07
17971.975
-1.960438e-07
50625.008
-1.2213275e-06
69977.81
13009.934
-5.733576e-07
19523.838
-1.122175e-06
75719.39
-3.992459e-06
89471.54
-1.8063038e-06
32040.283
-3.5861494e-06
53242.332
48138.664
-1.6075913e-06
60412.22
-2.1751327e-07
4783.0093
-9.764966e-06
92003.35
66235.82
-3.6640006e-07
93099.35
33279.594
-5.7381918e-08
15664.637
-2.358228e-10
18546.473
-1.5375113e-07
87086.29
-1.3121983e-08
94333.16
-4.5494048e-08
9909.858
99731.7
-7.909829e-07
84770.555
-1.6803783e-07
57464.03
-2.1137664e-06
96955.61
79029.31
-1.7909969e-06
56346.26
-2.823512e-07
22496.8
-2.9447556e-06
56770.56
43447.883
-1.7229737e-06
-2.0550258e-06
35073.6
7529.203
-1.3052152e-06
52719.566
-2.1196197e-06
-5.87793e-10
54003.504
-0.000100544676
4.972229e-07
-2.0053294e-07
50886.125
9.511734e-10
1.1066703e-12
88522.57
-0.00020804521
9.4837924e-07
-2.474384e-07
104093.47
4.2501824e-09
63620.746
-9.5426785e-06
69095.01
75310.76
38843.84
17319.682
-5.7295132e-05
21741.387
70383.914
52500.113
75595.375
-0.0005634609
101654.125
22526.572
89778.734
-0.001131772
91768.234
3531.6177
5277.9297
72258.77
