2443.5422
-1524.0139
82.93393
-462.83484
-375.57672
-102.31428
24.00096
-41.779797
-36.812893
-0.19752043
-6.800546
0.5629624
0.2688718
-0.3279046
-0.20738307
-0.15740243
-0.0141926855
-0.04397859
-3647.0574
5556.0
-2145.4165
-1537.923
2004.6807
-2072.9531
1303.5526
695.3757
-1256.1985
1428.503
-837.712
307.73044
546.6621
-465.07132
-7399303.5
7399746.0
-224.12143
252.1057
-133.6485
164.625
-31.599678
-113.845505
18.318678
95.554794
1.3892795
-0.018482171
-1.3642337
1.4229263
0.04369547
0.020207323
0.051353753
0.102434956
0.07766876
0.057010118
0.13804856
0.08076988
0.047157377
0.09583262
0.07937939
0.049844135
0.014375871
0.002761816
-8.3663086e-05
0.012640725
0.02117593
0.01651054
-0.00694138
0.039652064
0.01683545
-0.0075383703
-0.0009646412
-0.0015971477
-0.0018536712
-0.0010799423
-0.0030107517
-0.0011884896
-0.0028621182
-0.002578006
-0.003577617
-0.0026038934
-0.003314569
-0.0006163441
-0.0017256354
2.0632753e-05
-3.5602545e-06
-0.00013709156
1.8754508e-06
-2.9490502e-07
-6.2449144e-05
1.2072851e-06
-1.7912465e-07
-1.7996199e-05
1.247949e-05
-1.891799e-06
0.0016187151
1.8198974e-05
-2.9646565e-06
0.001033041
4.818663e-06
-8.26374e-07
0.003961584
0.0070267264
-0.0064292345
1.1229184e-05
5.397192e-06
3.6074896e-05
5.025737e-05
1.3704199e-05
3.7654674e-05
1.6043341e-05
4.562553e-07
-9.974348e-05
2.2028687e-05
-4.7175607e-05
0.5438413
0.0035386784
0.004248286
0.00603244
0.009536263
-0.006676746
0.010252014
0.035937585
0.02435252
9.600615e-06
0.007189255
0.00074648915
0.0006097075
0.008122086
0.0062167565
0.0020823414
0.0026326226
0.0007588839
0.0005104355
-0.00033469702
0.0012690707
-0.006277592
0.00822503
0.0013509116
0.0003026228
0.0023093296
0.0028137544
0.0044541555
0.0060605323
0.00081136014
-7.1758564e-05
0.0059186593
-0.00027562224
-0.0114698
0.016070556
0.0056701656
0.0004623997
-8.262732e-05
0.0017336272
-2.3247965e-05
-0.01029929
0.013209569
0.0022396275
0.0004239903
-0.000128684
0.0053367196
5.1946197e-05
-0.0007915844
0.0019735177
0.0023457706
0.015912605
-0.00056097517
0.041700397
0.00093088567
0.0660355
-0.00044727404
1.3204146e-05
1.8548362e-05
4.4669323e-06
-5.755644e-06
4.1957468e-05
2.1711012e-06
2.8874725e-05
9.233398e-06
-1.650185e-05
4.4436823e-05
-8.2651627e-07
-4.670376e-05
4.5027395e-05
-7.067363e-05
6.1411345e-05
-6.8518966e-05
4.7143338e-05
7.120796
30.494396
50.24953
10.837162
139.00012
74.74099
134.90672
62.37539
101.64268
18.051485
65.34814
39.688293
25.155617
15.995405
9.241261
2.037139
0.8154321
3.2064142
2.589493
1.2561443
1.5535625
0.97313315
2.0970585
1.5682293
0.42327046
1.0120804
0.69278854
0.34470206
0.499845
0.26159865
-0.22554913
-0.18574546
0.0529007
-0.11195147
-0.00048553152
0.0
0.0
0.0
0.0
0.0
0.0
0.0
6.1035156e-05
4.5776367e-05
2.2411346e-05
0.00019856505
-0.00019044823
4.2390725e-06
2.5522195e-07
-2.216184e-07
1.4046481e-05
0.00030808506
-0.00026695678
1.1860973e-06
0.0002527128
-0.0002160797
3.0007555e-05
0.00021877702
-0.0001969036
7.4053685e-05
0.00040172844
-0.0003776783
6.0297356e-05
0.0009673299
-0.00092529424
2.7330148e-05
0.0012011016
-0.0011537917
4.4659108e-05
0.00023658894
-0.00022583362
2.2076922e-05
0.00014794506
-0.00013852751
1.3045239e-05
-2717.2466
0.0
-813.6277
-453.38528
4.5776367e-05
-430.29898
-115.93526
2.2888184e-05
-55.33105
-57.557487
3.9100647e-05
-14.3761835
-20.20304
4.4345856e-05
-11.9482155
3.842192e-06
-3.0618098e-06
2.8253783e-06
-1.7005692e-06
-6.228973e-06
3.847135e-05
-5.3374817e-05
4.400524e-05
-5.895133e-05
-3.393383e-06
2.6397516e-05
-3.5989608e-05
3.756635e-05
-3.7938164e-05
1.4536541e-05
-3.443152e-05
9.306085e-07
5.9307986e-05
-6.21481e-05
0.00016219674
-0.00020857334
5.816944e-05
1.16430965e-05
2.5624671e-05
-0.00010717966
0.00023640424
-0.00010446059
-0.00038853427
-8.489387e-06
6.811484e-05
3.744839e-05
1.2241415e-05
-4.109044e-05
7.777798
8.407074
17.363005
32.77355
96.74551
85.41799
2.6755364
14.44494
1.6473567
6.700285
3.183563
1.7897274
-0.00018592169
1.381086
-0.00013108423
1.7778635e-05
0.30821905
2.0301806e-05
1.2486142e-05
1.0939212e-05
1.558527e-05
2.3985373e-05
3.1509135e-05
2.383641e-05
2.2816948e-05
8.8979705e-06
2.6837202e-05
8.208053e-06
1.081805e-05
9.814123e-06
4.1944346e-05
7.658347e-06
-0.00021427695
0.0019331486
0.0006286185
0.00010911013
-0.0068732067
0.0092255045
0.0006294728
0.0001925821
-0.012279656
0.016061151
0.0009351012
0.005674607
0.02776621
0.05834013
0.067702465
0.020742504
2.0874966e-05
1.5202231e-05
2.062969e-05
1.9258652e-05
2.1109023e-05
2.0007936e-05
1.0404059e-05
1.550723e-06
4.40648e-06
1.0775332e-06
1.0889196e-05
1.1094007e-05
1.831455e-05
1.5242768e-05
1.7474831e-05
-4905522.5
-5233361.0
-3811126.0
-2561741.0
-254101.34
-70635.16
-299744.12
-195965.16
-196728.4
0.0
-97794.73
-42816.594
0.0
-43775.223
7.2602197e-06
2.2994266e-06
-1.7930493e-08
3.2099108e-06
1.6782918e-05
-9.6486396e-08
1.10092205e-05
1.4165424e-05
-1.229213e-07
2.238056e-05
2.0659676e-05
-4.7364227e-07
2.460509e-05
1.4144062e-05
-7.365974e-07
1.143518e-05
1.155041e-05
2.3136829e-05
-4.0462846e-06
1.4795381e-05
4.030821e-06
2.4962741e-05
5.0398544e-06
7.2569874e-06
-2.7776847e-05
2.9725734e-05
3.021622e-05
1.74653e-05
1.251653e-05
3.5736675e-06
3.0364183e-06
2.4423483e-05
1.546923e-05
8.623625e-06
-3.595752e-07
8.311959e-06
9.460078e-06
3.6772722e-06
1.3591234e-05
2.2009526e-05
2.1670516e-05
2.0891488e-05
1.4086266e-05
2.5461666e-05
1.2804838e-05
1.2283891e-05
4.497931e-06
62.531136
-119.056305
0.2661171
-3.788196
4.34523
-7.306073
7.3032885
5.8021396e-06
1.04010105e-05
4.3570995e-05
-2.0861626e-05
-0.00017142296
8.2194805e-05
2.3305416e-05
2.8014183e-06
2.0014122e-06
2.6613474e-05
2.3052096e-05
2.8990104e-05
3.1421698e-06
1.927464e-05
1.673764e-05
1.3402221e-05
9.600505e-06
2.8611012e-05
2.4930776e-05
1.0549922e-05
4.8502763e-05
-1.3261565e-07
4.815854e-05
-6.544162e-06
4.1576634e-05
3.3754134e-07
-2.421399e-05
2.355024e-05
-2.3134053e-05
2.2437045e-05
-3.4111913e-06
3.4065965e-06
-2.287692e-06
-2.715629e-07
-2.761556e-06
-2.5056861e-05
1.9534873e-05
-8.930755e-06
7.406177e-06
-1.2429813e-05
1.0248743e-05
-8.77877e-06
-0.00010460916
8.222942e-05
-3.8116104e-05
-1.9716721e-05
-0.00014535406
-1.956665e-06
-1.3752355e-05
-1.9907564e-05
-3.789726e-05
-0.00038864207
0.0004207359
-0.00052524096
-0.00012009431
-0.08990561
-0.22312438
0.06324515
-0.09912318
-0.06278288
-0.09193457
-0.14345932
-0.09628321
-0.22358277
0.0430938
-0.014621869
-0.06757062
-0.01889267
1.1763682e-05
-9.8265955e-06
-1.5008117e-05
-4.422864e-05
-5.8416797e-05
-6.613177e-05
-0.00063679565
-0.00076959125
-0.00023585271
-0.00020363787
-0.00075510837
-2.7108705e-05
-0.00031688166
1.7362472e-05
-0.0009264671
0.00048575673
-0.00022402497
-0.00016343108
1.3941317e-05
-0.00068070245
0.00035560294
-0.0007015151
8.469599e-05
1.3819052e-05
-0.0010011827
0.0005218188
-6.293431e-05
-4.7076774e-05
3.942412e-06
-8.570388e-05
4.442907e-05
-1.5630054e-05
8.18261e-06
0.8259693
9.435049e-06
7.676515e-06
8.409885e-06
3.0451112e-05
8.085224e-06
3.0572133e-05
9.352378e-06
3.7959304e-05
1.5355712e-05
2.7625276e-05
1.0966766e-05
1.8091781e-05
0.68591994
2.3341685e-05
5.7350962e-06
1.0083098e-05
2.4833605e-05
2.451241e-06
1.540562e-05
1.044388e-05
2.5367352e-05
3.4314162e-05
1.798654e-06
3.4255085e-05
6.6574594e-06
1.2417757e-05
1.5498057e-05
3.4051325e-05
0.6069396
2.2526336e-05
1.2890741e-05
4.6367033e-05
4.075041e-05
4.0292365e-05
1.2587355e-05
2.2576893e-05
0.09154032
6.9038547e-06
5.1271054e-06
-4.3189285e-11
3.3339124e-06
1.2199581e-05
-9.528259e-08
1.5353124e-05
-9.210842e-08
5.702583e-06
4.283231e-06
-1.1875834e-08
2.4865669e-05
1.0734567e-05
-1.5509996e-09
4.045315e-06
2.417327e-05
-1.5890372e-06
1.9029096e-05
-3.2669082e-06
3.0122606e-05
4.0540317e-06
-5.0651913e-08
1.666754e-05
-8.3358096e-08
2.5025614e-05
-1.1856184e-07
1.8548522e-05
-3.874234e-06
0.70568836
1.8024952e-05
6.3892517e-06
2.4268888e-05
1.555558e-05
2.961974e-06
1.1695362e-06
1.0680973e-05
2.6145062e-05
-7.548698e-07
7.226893e-06
8.645613e-06
2.1441216e-05
6.391566e-06
2.6675632e-05
2.7707372e-05
0.8168402
5.6855934e-06
1.4366982e-05
1.7888293e-05
2.490107e-05
1.9272464e-05
1.1750926e-05
2.1215677e-05
7.0364517e-06
1.7003292e-06
1.5522148e-05
3.0876295e-06
2.8286106e-05
7.692589e-06
3.5992643e-06
-1.1465761e-05
1.1164258e-05
1.4416777e-05
0.18347356
2.0771524e-05
2.564923e-05
3.6100144e-05
2.7403967e-06
2.2476355e-05
2.4386101e-05
2.3627805e-05
1.990057e-05
2.2874377e-05
1.2040899e-05
4.7395156e-06
3.8111466e-05
4.7950243e-06
2.076169e-05
1.8111907e-05
1.934237e-06
2.8870567e-05
1.2680814e-06
1.82941e-05
1.185576e-05
-5.1109596e-11
2.4719964e-07
-1.48837564e-08
1.843711e-06
2.628654e-05
-3.156729e-07
1.3742413e-06
-3.0559988e-07
2.075303e-05
-1.7464473e-06
2.720231e-05
8.973703e-06
-8.656756e-07
5.6556837e-06
-2.1960557e-07
4.0867244e-06
-3.5028584e-06
2.3989212e-05
-2.722992e-06
1.5328187e-05
-2.4149126e-06
1.1771722e-05
1.1937179e-06
-1.3542251e-07
4.1766307e-06
-4.6362406e-06
3.124221e-05
-1.394787e-06
4.824341e-06
1.119224e-05
-3.8795525e-07
2.6113776e-05
2.0892918e-05
-1.371375e-07
1.0318835e-05
-2.5453117e-10
5.224217e-06
-5.442943e-08
8.099193e-06
-8.371541e-09
1.5708876e-05
-4.272444e-07
2.468228e-05
8.281379e-06
-2.4143836e-07
5.9473464e-06
-1.3889279e-07
1.24418675e-05
-3.7193956e-07
4.6086207e-06
1.8815377e-05
-1.365705e-06
5.496817e-06
-5.5790923e-07
1.17869495e-05
-5.364326e-06
3.0821346e-05
1.9195797e-05
-2.8336951e-06
-4.6096156e-06
2.4469242e-05
3.9655674e-06
-8.4311165e-07
-5.971229e-05
-1.2926084e-06
-3.5845396e-10
7.3903335e-05
-0.00019363305
9.575723e-07
-3.8619453e-07
3.504934e-05
1.0042955e-09
1.1688428e-12
0.00020979748
-2.9870893e-05
1.3616722e-07
-3.552692e-08
-8.3176514e-05
3.878654e-09
-4.995773e-05
-1.3134073e-05
6.233024e-05
-4.51012e-05
8.549967e-05
0.0001876621
-0.00016628978
0.00013159402
-0.0002540211
8.343175e-05
0.00028036564
-0.0004671486
1.8206003e-05
5.2159667e-05
0.00042713247
-0.00029114968
0.00013538857
-0.0018138759
0.0015868932
0.00049936067
