4289.4097
-3765.5984
69.27566
-296.92703
-51.7113
-67.12064
-138.53682
-10.873873
-0.38463265
-13.518617
-13.852181
1.862352
-0.7740766
-0.731859
-0.060129374
-0.1698741
0.026499314
-0.047259144
-788.5107
3768.0
-3547.3274
-1040.4165
1765.7112
-415.07895
-531.8237
789.33856
-923.9585
1148.4729
-73.14197
-160.7016
238.2284
-572.7443
-11637107.0
11637636.0
-112.11412
166.64497
-211.49011
297.5
-89.95227
-29.378788
-30.82298
63.191364
2.5815852
0.014240495
-3.293787
3.3745444
0.039739177
0.024535779
0.036232535
0.04990938
0.07256311
0.104693614
0.11600351
0.08311949
0.040929683
0.05342839
0.06775634
0.04471147
0.036797248
0.017758273
-0.0037997914
0.0062477984
0.028648276
0.0075954217
-0.0008585333
0.057468526
0.10251472
-0.050054897
-0.0012351001
-0.0028733439
-0.0038991245
-0.000398125
-0.0010834928
-0.00039767748
-0.0026210165
-0.0015510146
-0.0020483038
-0.0022328638
-0.0024749364
-0.0021211663
-0.0027925258
1.7572194e-05
-4.3651116e-06
-0.002633993
1.0813121e-05
-4.02777e-06
-0.00035395517
1.2072269e-06
-6.583801e-07
-0.0004232955
2.8647482e-06
-2.1316164e-06
0.0015925164
4.751608e-06
-4.2475767e-06
0.00018387983
1.6935519e-07
-1.634529e-07
0.007944612
0.015181959
-0.011989802
2.0834118e-06
-1.5785689e-06
-4.8968866e-07
-1.1067925e-06
-7.887479e-07
-6.0122425e-06
-1.6055577e-05
-6.713479e-06
-9.2149685e-06
-5.648722e-05
-3.4907946e-05
0.17267357
0.0010810355
0.0004594811
0.0048433174
0.0028855153
-0.003416341
-0.003326457
0.031568278
0.012932057
9.486036e-07
0.009110684
0.004866486
0.011800348
0.0017096782
0.0021764336
0.0027473748
0.0008754415
0.00048332335
-6.4725e-05
0.0009369899
0.00047683527
-0.0014600633
0.0024141313
0.0016652554
0.00043438465
0.0015953375
0.0007017831
0.0014284564
0.0009596666
0.00092466536
-4.7921374e-05
0.0046057366
0.00036862906
-0.0030041626
0.0078119254
0.0040850663
0.0018841188
-0.0001530598
0.0035265447
6.1586754e-05
-0.0047626705
0.007927286
0.004452386
0.0020956786
-0.00032574657
0.0025789628
0.000116845775
-0.0030269288
0.00933684
0.014403974
0.0068140975
-0.0030146725
0.06442154
0.0006327046
0.020517431
-0.0001497902
-1.1684094e-05
2.2284808e-06
-4.903636e-06
-7.0808987e-06
6.82101e-08
-2.1077385e-05
4.2561255e-06
-4.014683e-06
-1.2632493e-05
-3.1116858e-06
-1.8811335e-05
-2.9317041e-05
1.6914568e-05
-1.14172035e-05
5.428457e-06
-0.00011484558
6.0147246e-05
12.093041
28.442938
11.313333
30.436611
58.075096
105.49015
78.86806
99.23608
28.24688
55.313015
39.482487
26.088276
18.921011
1.4109472
7.6908545
2.5452824
-1.228256
7.4116006
2.26251
1.514082
2.218433
0.047561437
0.54136413
1.7634706
0.89942306
1.4319065
1.4945288
0.6439645
0.47287437
0.06425597
-0.041564103
-0.37698638
0.11427397
-0.1476234
-0.013281841
0.0
0.0
0.0
0.0
0.0
0.0
0.0
0.0
0.0
0.0
7.7660974e-05
-7.7063065e-05
1.5585243e-06
0.00023181958
-0.00021429815
1.2570175e-06
0.00016285901
-0.0001466678
2.9590692e-05
4.509177e-05
-3.7535203e-05
2.0128195e-05
0.00035868678
-0.00030952052
5.3523845e-06
4.8275117e-05
-4.3755812e-05
8.844714e-06
0.00045374883
-0.00042986096
1.2860994e-05
0.00063737645
-0.00061741384
1.7699858e-05
0.00058659696
-0.0005708204
2.823027e-06
0.00015965269
-0.00015439723
3.1214395e-07
-2124.652
0.0
-855.9686
-961.12244
0.0
-343.10388
-28.782421
0.0
-23.40773
-33.40284
0.0
-24.84351
-7.591467
0.0
-4.043638
2.1685248e-05
-2.7750539e-05
-1.3138613e-05
-2.7497044e-06
-7.1580725e-06
2.0389143e-05
-4.7842743e-05
1.3327417e-05
1.7692619e-06
-5.165582e-05
3.4030694e-05
-9.711577e-05
1.8326524e-05
-6.664488e-06
1.6505572e-05
-7.676404e-05
3.7459413e-06
-5.369117e-05
-1.32957975e-05
0.00017768591
-0.00025025202
8.448413e-05
-8.237194e-05
5.297399e-06
-2.4363013e-05
0.00012500888
-0.00036634615
-7.903878e-05
-9.020375e-05
-8.355261e-06
-1.9281451e-05
-3.9077528e-05
-8.625268e-05
8.973506
5.7680707
22.098824
12.026069
36.582813
23.242956
4.31827
2.8031828
5.1858077
8.640618
1.0199184
1.5308429
-0.00024958252
0.90551364
-0.00060341274
-3.5070116e-09
0.2191481
-2.217242e-07
3.8903067e-07
-3.8780567e-07
2.4803006e-07
-2.5451033e-07
9.1288433e-07
-9.140275e-07
2.4691785e-06
-2.6716796e-06
7.863746e-07
-7.216819e-07
5.7815973e-06
-6.275669e-06
6.5709755e-06
-6.8369895e-06
-0.001421931
0.0026909036
0.0008441806
1.3896388e-05
-0.00030076818
0.0008818269
0.0006151509
0.0013082002
-0.0037689803
0.007794327
0.0033793123
0.005560293
0.011899728
0.0074538672
0.052623156
0.0820642
5.6848855e-09
-1.2791505e-09
-3.0871167e-08
-2.152154e-07
8.3454665e-10
-3.273313e-07
-6.768879e-07
-5.6100953e-07
-8.243726e-07
-3.340577e-07
-2.2725399e-06
-3.3011675e-06
-4.366173e-06
-4.2972333e-06
-5.2122114e-06
-4584236.5
-983624.8
-1156916.1
-2439455.0
-636009.7
-114275.08
-681995.06
-84567.875
-228713.38
0.0
-126223.08
-38717.625
0.0
-8200.31
1.0734311e-09
1.485624e-07
-1.4787562e-07
3.8197479e-10
1.3166417e-07
-1.3110375e-07
6.86383e-11
1.1767314e-07
-1.2362685e-07
2.3883873e-10
3.0656187e-07
-3.5449426e-07
1.2105694e-10
5.2736294e-07
-7.790417e-07
4.5683635e-10
-1.0329313e-07
6.179346e-07
-2.2415952e-06
-2.3759151e-07
-7.0815156e-07
-3.9552359e-07
-3.951625e-07
-1.1388723e-06
-4.0888985e-06
4.9466507e-08
-1.4661058e-06
1.6943252e-07
-1.518559e-07
9.764659e-08
-6.5087434e-08
7.30152e-08
6.049467e-08
-1.740849e-07
-6.344813e-07
5.9129945e-07
-1.3789814e-08
-1.6211011e-08
-2.570572e-08
-5.6927187e-09
-2.5762562e-08
-1.2865438e-07
-1.39378535e-08
-9.837388e-08
-1.289046e-09
-1.3828581e-07
-8.843837e-08
312.28812
-136.49585
136.49585
-21.060884
21.060884
-13.178357
13.178357
0.0
0.0
0.0
0.0
0.0
0.0
0.0
1.4901161e-08
0.0
0.0
0.0
8.9357684e-07
-1.7351454e-07
-4.0320618e-08
1.8359384e-07
-1.4138779e-07
-1.9655369e-08
6.1740906e-07
-5.9599415e-07
-1.7485168e-06
2.5023753e-06
-7.512974e-07
3.311642e-06
-3.5684677e-06
2.615073e-07
-1.6410188e-05
-6.7137844e-06
-1.2769164e-09
-3.9499697e-05
1.9653107e-05
-1.1648247e-05
5.856871e-06
-1.1790883e-05
-2.5853754e-07
-2.309416e-06
-6.3932293e-06
-9.866845e-08
-2.9032251e-05
1.4358645e-05
-3.6456604e-05
1.8213394e-05
-5.2621417e-06
-4.0242994e-06
1.1624001e-05
-7.72953e-05
-3.2525415e-05
-9.704146e-05
4.392808e-05
1.3479317e-05
-5.0260096e-05
-8.215656e-05
-0.00018960345
0.00013034459
-0.00018613618
-0.00030868762
-0.07612967
-0.093554154
0.0025057439
-0.18622033
0.040028896
-0.008660775
-0.17219579
-0.23252687
-0.050615318
-0.04183888
-0.050883587
-0.1444951
-0.0038259241
-1.5009645e-05
-5.188108e-05
-6.0594466e-05
-3.6387835e-05
-9.4222734e-05
-0.00027013815
-0.00050523435
-0.00016493995
-0.00043858483
-0.00056539266
-0.00047687467
-0.0003628889
-0.00027306032
4.2485772e-07
-0.0004878376
0.00024370711
-0.0010198003
0.0002457852
7.1380055e-07
-0.00059494516
0.00029711646
-0.0006586204
0.00021258072
5.3788244e-07
-0.0008602465
0.0004298551
-0.0010257454
-2.854562e-06
3.2174285e-06
-0.00051994564
0.00025836492
-0.00019756514
9.924168e-05
0.42887786
-3.6624595e-08
9.4556384e-08
-9.3048286e-08
3.0987735e-07
-3.0988141e-07
1.251073e-06
-1.2514994e-06
2.0206326e-06
-2.0219316e-06
2.1964029e-06
-2.2256854e-06
2.2516012e-08
0.8288471
2.0971946e-10
8.0938195e-10
4.69084e-10
1.3580248e-10
6.5106054e-10
4.889813e-10
-1.7607504e-10
-8.956441e-07
9.0143425e-07
-6.0924625e-09
8.976064e-09
-7.252956e-09
2.8244926e-09
-1.3837614e-09
2.8094291e-09
0.6081256
-1.14945266e-07
2.288509e-09
-8.0052365e-07
7.03502e-07
8.07434e-07
-8.55605e-07
2.0814244e-07
0.14417294
3.4402953e-07
5.721946e-10
-1.3347807e-11
-2.6473573e-10
7.676551e-08
-7.721202e-08
2.6340572e-09
-1.18262285e-07
1.1694995e-07
2.3341156e-09
-5.0760334e-09
6.8037753e-10
4.570552e-09
-8.182936e-09
-1.7411303e-08
1.7026568e-06
-1.6897637e-06
2.9695446e-08
-1.9766428e-06
1.9571273e-06
5.9909633e-09
-7.4222517e-09
1.7648144e-08
-6.791536e-08
8.1828894e-08
-1.0457963e-07
2.6832332e-08
-3.1007512e-06
0.5904547
3.9071324e-10
2.8626992e-08
7.2322294e-08
1.0218821e-07
1.9244798e-07
2.0145308e-10
1.8760335e-07
2.8278873e-07
4.6270077e-07
1.0097344e-06
6.787104e-10
-2.983887e-06
1.9067043e-06
3.918949e-06
1.2610355e-06
0.28214195
-8.4197154e-08
5.874277e-10
-9.6900425e-09
-2.2549209e-08
-4.2050317e-07
4.0525836e-07
-5.181712e-07
-1.6048145e-07
-1.7840521e-06
-4.1621097e-06
-1.2146077e-06
-2.2467434e-06
-1.0846457e-05
-5.0142444e-06
-1.5321733e-05
-2.1082074e-05
7.0203428e-06
0.96118647
-1.33601405e-08
-2.1598697e-07
2.801358e-07
-1.5967733e-07
-4.0308297e-08
-1.5822289e-07
-2.7483878e-07
-3.5549888e-07
7.7981475e-08
-2.418341e-06
-2.3749242e-06
2.4589488e-06
-2.3254156e-06
-2.7048445e-06
-1.849303e-06
-3.677797e-06
-1.1322123e-07
-1.6641265e-07
-3.4970443e-10
9.342358e-10
-2.0566635e-10
2.803631e-10
-1.2160602e-07
1.000435e-07
8.149718e-08
-2.6975587e-07
9.795258e-10
-1.2946553e-07
4.5713115e-08
-1.021925e-06
1.8778331e-07
4.192441e-07
-1.727512e-06
4.0199666e-10
-4.4363296e-06
1.4960569e-06
-8.685185e-06
2.577265e-06
-6.3744355e-06
4.3957734e-06
-5.737647e-06
1.7885317e-06
-9.420296e-08
-6.665908e-06
6.546088e-10
-2.5707773e-06
8.812304e-07
-1.0440909e-05
5.4337984e-06
3.1500486e-11
-1.2586393e-07
1.2615502e-07
8.512774e-08
-8.473481e-08
6.058656e-10
-7.1555684e-10
1.0823541e-09
-6.73692e-08
6.727916e-08
-1.2995098e-08
5.418204e-09
-5.1625697e-08
2.8993194e-08
4.8327166e-07
-5.1853084e-07
1.5977264e-10
-1.861e-07
7.0181486e-08
-1.9155734e-06
1.5620249e-06
5.962494e-07
-9.539074e-07
4.3053205e-10
-1.0599911e-06
3.6656132e-07
-2.3729945e-06
1.579359e-06
1.3636306e-06
-2.109305e-06
-3.5275134e-06
2.8365835e-06
1.1692969e-06
-2.782511e-06
-1.6775675e-05
-3.4276212e-07
5.61379e-11
1.7318958e-05
-7.746675e-05
2.9508203e-07
-1.5465677e-07
1.0037598e-05
1.6911073e-10
6.1994854e-13
6.78581e-05
-6.375825e-05
2.0121439e-07
-7.563942e-08
-0.00010381325
8.054059e-09
5.58874e-05
-8.08345e-06
2.2604298e-05
-4.8075988e-05
0.00012368712
2.3979721e-05
-0.000203457
-2.4275118e-05
-3.6691326e-05
0.0002274192
4.6530222e-05
-1.0010733e-06
-0.00057991076
-4.071586e-05
0.0005742273
-0.00046167578
0.00045573665
-0.0020212764
0.0006385727
0.0015146659
