0.40049744
0.4728122
0.33453777
0.6848534
0.69288725
0.41065672
0.29926485
0.80035746
0.7842769
0.2392339
0.43921083
0.5310202
0.30483946
0.26929647
0.7532671
0.8264031
0.85692686
0.6289937
0.9302233
0.78820115
0.6047007
0.39190945
0.58232135
0.81788707
0.5448278
0.9790428
0.77702564
0.7653997
0.76262355
0.5946174
0.7626758
0.51832414
0.15882893
0.79418176
0.88891786
0.56031257
0.6669449
0.25396356
0.18282929
0.04869833
0.8328755
0.28900445
0.41944343
0.85243434
0.55635905
0.28514218
0.78643847
0.47455308
0.2597576
0.76221204
0.8530664
0.82004696
0.34711117
0.14884761
0.0063792705
0.5757805
0.41607708
0.11742798
0.521992
0.08175407
0.29040658
0.39299846
0.45668447
0.2660132
0.74015814
0.29206228
0.70549434
0.6393209
0.90209687
0.6725235
0.8916708
0.17657451
0.5427609
0.05276943
0.035856903
0.3803476
0.55565214
0.14652127
0.34613562
0.038149476
0.35436743
0.22853236
0.46576852
0.9135138
0.99413806
0.8836281
0.47833362
0.031106172
0.79284686
0.9294024
0.48468563
0.69905514
0.3916596
0.3329672
0.59152406
0.8681577
0.9690617
0.11953327
0.69104105
0.2629225
0.5438179
0.78233224
0.4962032
0.57880974
0.41184628
0.6058281
0.69084597
0.97851163
0.32567957
0.04532471
0.040045146
0.8504559
0.9491653
0.4672766
0.8995836
0.3572478
0.44834173
0.15018561
0.70436555
0.2798761
0.9293499
0.73372746
0.59926635
0.5027499
0.66721463
0.97453356
0.75178474
0.42189646
0.99285585
0.35023168
0.06249704
0.6209479
0.27157685
0.5945192
0.10538176
0.1242625
0.53572655
0.06460154
0.6311598
0.8551158
0.46982634
0.6393349
0.060933996
0.7593792
0.21856408
0.2506094
0.84205836
0.63518304
0.41783515
0.36996737
0.7669379
0.61913854
0.9840156
0.8986416
0.39605135
0.5923806
0.7890402
0.59315866
0.75331134
0.5272773
0.14956416
0.76653355
0.5565731
0.08970064
0.96388155
0.46506262
0.8064127
0.39636427
0.7632764
0.17706725
0.9026331
0.8604996
0.8948795
0.94777715
0.9071236
0.31188217
0.38847354
0.5685194
0.2374126
0.24154907
0.8395046
0.5468391
0.22078156
0.483928
0.4575515
0.9526856
0.7106427
0.20507504
0.5687461
0.47964817
0.011886482
0.4227434
0.7996906
0.54669696
0.035774432
0.8890178
0.54292053
0.7192546
0.74616694
0.18373436
0.8905729
0.96926314
0.49603787
0.67081225
0.91184014
0.37562326
0.3044648
0.97478694
0.6227851
0.75092155
0.6524631
0.5344722
0.6988074
0.9259659
0.6907632
0.7866927
0.9362005
0.55489564
0.57492465
0.2719278
0.24593343
0.09736323
0.00070189853
0.2874868
0.7630669
0.019056767
0.5146985
0.38881475
0.27846858
0.9905677
0.35203946
0.9869675
0.77350444
0.55585504
0.99624455
0.9693059
0.23591079
0.49360463
0.21731393
0.31266117
0.66027725
0.61863697
0.35244358
0.37419656
0.10002355
0.76644796
0.5815137
0.8254541
0.07101772
0.7215502
0.27883083
0.34859732
0.3253356
0.9698312
0.47441262
0.00037914276
0.4302471
0.99996036
0.616667
0.7606681
0.053556796
0.06031312
0.59031284
0.8158399
0.040695194
0.26705882
0.31849015
0.2980563
0.03897806
0.31108913
0.6983708
0.19641992
0.61492634
0.20757583
0.9936327
0.64712363
0.30395576
0.58110744
0.73679894
0.30422246
0.09501231
0.10926839
0.31079015
0.6342117
0.51902604
0.81799036
0.9503255
0.9679114
0.27037486
0.20835564
0.9785677
0.6335683
0.38345936
0.16614191
0.2926388
0.5998692
0.19252607
0.7089659
0.7229104
0.7972629
0.52188426
0.66255486
0.4671582
0.103001796
0.71725094
0.95507663
0.8765319
0.80538094
0.99719524
0.078331694
0.5912002
0.10303693
0.31045523
0.5845095
0.8376163
0.69856215
0.028524047
0.79125696
0.661765
0.6543611
0.81921905
0.7538233
0.27799731
0.17815945
0.4059863
0.5468499
0.90965676
0.28488502
0.8065892
0.946337
0.7864009
0.38296667
0.07396411
0.700826
0.52021563
0.21779127
0.56130594
0.75268644
0.5346896
0.5420495
0.6422477
0.14306247
0.757988
0.3159984
0.40314087
0.91812444
0.90471107
0.24295075
0.24831958
0.18035622
0.20646235
0.55774796
0.20408975
0.11311663
0.44796762
0.6621473
0.8012212
0.73105896
0.82946515
0.20372711
0.46760902
0.30049658
0.0037255965
0.5558168
0.30062178
0.45901224
0.12049993
0.59804976
0.77689195
0.75039744
0.3959059
0.06022431
0.17575921
0.04439569
0.4651292
0.49238595
0.8435561
0.7261533
0.8578239
0.20118557
0.6337929
0.92657536
0.92525387
0.68420964
0.15362154
0.10605045
0.2205213
0.08419049
0.23230563
0.24099654
0.14986806
0.8189243
0.8941131
0.31048796
0.8203172
0.26683012
0.13026786
0.87754244
0.886904
0.6568622
0.26710525
0.083967775
0.11813686
0.6143914
0.40518096
0.5173005
0.82368934
0.7471835
0.9055604
0.5041499
0.42085788
0.42866644
0.80711895
0.51444125
0.1537758
0.9472467
0.20438091
0.33332074
0.9208936
0.37734964
0.7683522
0.64616627
0.46267834
0.13386399
0.11193275
0.89240915
0.5696217
0.31836098
0.29863808
0.34843853
0.13551907
0.5012567
0.81249785
0.800864
0.77297676
0.52178854
0.9441744
0.4752897
0.4563259
0.16720237
0.18394397
0.3977045
0.12714818
0.46854854
0.7465875
0.09062736
0.10209794
0.35569426
0.019237017
0.0035213535
0.050379295
0.17274696
0.6719524
0.79831874
0.5520186
0.28232208
0.1400039
0.066217855
0.9571323
0.8702779
0.8450494
0.18930748
0.11713133
0.712046
0.3639135
0.24748911
0.49519193
0.37202063
0.7547337
0.26958603
0.9275349
0.44107684
0.6731698
0.97422004
0.08001474
0.94691443
0.7318522
0.008383093
0.8275798
0.5469506
0.4796916
0.8669189
0.40372556
0.05818027
0.852419
0.60167444
0.73782456
0.11585429
0.14909336
0.6693453
0.8940063
0.7009467
0.53984374
0.60788184
0.9195779
0.08607575
0.89154416
0.44666734
0.80406725
0.28816932
0.38583001
0.52157784
0.9281649
0.6982094
0.443034
0.27277884
0.94099957
0.9200577
0.4949878
0.9733925
0.5446799
0.16593847
0.86363935
0.74797165
0.031631824
0.41277757
0.14653794
0.52549976
0.15041156
0.18881173
0.35861778
0.7553184
0.14778148
0.40327257
0.35592082
0.26979625
0.22794323
0.20489089
0.8164813
0.31722778
0.3607504
0.70856816
0.1867804
0.12470735
0.22510484
0.828585
0.7252075
0.42210189
0.97240436
0.5250088
0.43594787
0.1894486
0.2680952
0.40597352
0.5839546
0.047133338
0.2991791
0.2867297
0.62235266
0.8372646
0.19766246
0.48523283
0.57524997
0.58045554
0.46097243
0.80506337
0.050025936
0.12678936
0.06719754
0.012192344
0.8259263
0.7504252
0.35314295
0.15451464
0.12740159
0.31014556
0.6098383
0.5017847
0.30675796
0.60405827
0.49722257
0.368393
0.8798682
0.4753354
0.6070811
0.36742204
0.5754289
0.47797635
0.28961766
0.37593147
0.6859013
0.8590623
0.21107283
0.37109375
0.91397285
0.09020684
0.56699383
0.3844265
0.95055515
0.46255505
0.783327
0.06652229
0.5155499
0.7447787
0.24524534
0.27029982
0.18657407
0.5705761
0.26664704
0.9863816
0.60689706
0.73269767
0.22660378
0.061170686
0.7693773
0.00859321
0.06664201
0.39917776
0.80777806
0.9391217
0.7732753
0.5718626
0.118778065
0.8644112
0.02237417
0.5313679
0.15646282
0.36699447
0.09250679
0.7365176
0.09153793
0.21347027
0.03739487
0.18869632
0.12270616
0.44549295
0.5650174
0.20652093
0.15751438
0.91489327
0.39500356
0.14935952
0.8313791
0.6983605
0.9899376
0.14843394
0.61118495
0.9174416
0.68104124
0.6450368
0.70564765
0.66338646
0.23938538
0.5735781
0.30901006
0.5703876
0.10761999
0.04304336
0.3974528
0.2910556
0.6077167
0.0012252084
0.23848335
0.3181913
0.7745332
0.25864145
0.5206135
0.28507107
0.95338655
0.7561135
0.8167972
0.21823947
0.52876127
0.65872884
0.917979
0.71346676
0.2650849
0.16297162
0.8060504
0.27355254
0.17614911
0.6704802
0.31274584
0.43935603
0.6813442
0.64502054
0.279639
0.26218274
0.819508
0.3937256
0.1834686
0.765671
0.9496925
0.5755219
0.7450744
0.104598925
0.8284472
0.904243
0.8830855
0.76642525
0.8613588
0.46397507
0.31917575
0.67752755
0.62084883
0.27679628
0.8888463
0.8297815
0.23543057
0.6955351
0.38207284
0.050877888
0.67331135
0.43632817
0.0090969745
0.06851331
0.9561868
0.050577275
0.75797576
0.9611117
0.31519833
0.20815057
0.14232461
0.75397533
0.4639189
0.34436598
0.038949274
0.1537158
0.9792003
0.12622078
0.41191444
0.9468101
0.76389486
0.37977216
0.19226784
0.29611158
0.5780434
0.8938803
0.29712707
0.21888484
0.45620373
0.16386206
0.6525913
0.20230363
0.42695764
0.9932972
0.6395086
0.7556452
0.12804842
0.1306867
0.31631598
0.94126064
0.897733
0.14355029
0.5576484
0.91341054
0.72026104
0.9678335
0.6717802
0.6060733
0.17170511
0.85805434
0.57711583
0.80956197
0.61742514
0.4193467
0.2267461
0.10838641
0.8337367
0.17023261
