0.004600575
0.2657563
0.88774985
0.03834148
0.7798919
0.6631679
0.85926324
0.010014484
0.8603563
0.077352926
0.6792582
0.745923
0.023073703
0.8323908
0.5721139
0.069557145
0.6798825
0.8539136
0.6603718
0.7668306
0.4536438
0.43007782
0.57963866
0.6713508
0.98492444
0.66952264
0.007455362
0.77210224
0.9221951
0.4791288
0.57942384
0.16598913
0.7848223
0.9564251
0.49175766
0.26494226
0.1626723
0.41244447
0.6827282
0.8609388
0.9422554
0.37252828
0.570127
0.7985528
0.24086274
0.78722787
0.6605409
0.92357093
0.16712072
0.8163121
0.4393468
0.6510376
0.8820345
0.6640968
0.48618594
0.012317915
0.36889148
0.06857668
0.36957207
0.54514307
0.17916116
0.5036187
0.75572944
0.7311623
0.93113
0.8658834
0.7785694
0.45571434
0.62190735
0.6213381
0.48036328
0.30282027
0.9864407
0.65849423
0.23137258
0.2611494
0.19066224
0.61584866
0.74577713
0.84253436
0.0028053261
0.64542323
0.22546983
0.41532156
0.4535454
0.28591955
0.99581516
0.93278
0.1587727
0.46453223
0.36540374
0.45947704
0.08221798
0.22311896
0.73751307
0.73294806
0.86105514
0.8247075
0.5836109
0.34010047
0.3863682
0.13389361
0.6700111
0.95130944
0.9943164
0.40050265
0.10981668
0.8364389
0.564326
0.9089825
0.16863829
0.5735442
0.34979513
0.6485365
0.4800241
0.2990167
0.7188188
0.90862626
0.4347815
0.6320098
0.59313554
0.51038784
0.6281106
0.073181756
0.41380402
0.16224058
0.59511286
0.095218636
0.41604492
0.180738
0.45073593
0.3452356
0.9166451
0.28209054
0.58127594
0.077572495
0.94557166
0.47194052
0.9559181
0.44824797
0.48535582
0.15388232
0.63465047
0.6738768
0.2640471
0.63789904
0.35332912
0.82877177
0.110453114
0.41697323
0.5232447
0.3847258
0.7863399
0.50726646
0.9060595
0.32187888
0.0026555115
0.5558863
0.834063
0.7096319
0.89076805
0.4386746
0.2814057
0.27876526
0.27128485
0.08736286
0.74178326
0.10370274
0.78340423
0.86957544
0.58189446
0.2523771
0.06737444
0.13471699
0.67907476
0.6361451
0.086742826
0.70125896
0.62031853
0.05408247
0.35195228
0.42119607
0.95372355
0.6868104
0.4206582
0.27506635
0.31525126
0.044391066
0.88306314
0.7380385
0.124839135
0.64837986
0.3329077
0.4555825
0.40318468
0.79503906
0.1842424
0.5514043
0.6801232
0.016680581
0.7318751
0.83942926
0.8698986
0.86355656
0.95110404
0.61265177
0.2748787
0.80225295
0.6204944
0.6313141
0.2820928
0.59834665
0.083466515
0.24565399
0.08702918
0.8047227
0.022453193
0.7664011
0.5326194
0.13748191
0.33563796
0.06252423
0.5364334
0.92362565
0.9464278
0.9187229
0.6110773
0.36562923
0.92913646
0.22162081
0.47073922
0.89630365
0.5566694
0.67416036
0.03142169
0.22591764
0.8331705
0.8143802
0.6296619
0.8988829
0.21931545
0.17517644
0.35937873
0.5029083
0.24439904
0.40651333
0.7999682
0.88522214
0.9247328
0.9600062
0.026766187
0.42218196
0.46661833
0.0040020365
0.24825068
0.23201302
0.2782831
0.2088191
0.0077733807
0.885302
0.6625164
0.3878392
0.37216434
0.5095514
0.37684336
0.22730505
0.46848512
0.5248898
0.63996565
0.94437003
0.5272747
0.2103641
0.8115985
0.8085294
0.92681056
0.5802802
0.9826069
0.13118695
0.9892972
0.8384033
0.14272614
0.7408334
0.8369643
0.6699261
0.46409595
0.07295117
0.9935477
0.6382617
0.083578065
0.42930079
0.312954
0.43500096
0.08467163
0.65274185
0.5178915
0.58224195
0.78078324
0.79745334
0.02118456
0.60215396
0.75911146
0.21236262
0.6640297
0.9072003
0.54293424
0.09917024
0.53755534
0.73278856
0.87196714
0.5749274
0.8480137
0.64131594
0.41193715
0.706305
0.5013367
0.50278777
0.4137537
0.63720775
0.53837246
0.90955806
0.2701138
0.048806798
0.12231376
0.2633881
0.908207
0.74345106
0.62664497
0.8886498
0.6454065
0.803421
0.31558028
0.48624232
0.6866989
0.9803495
0.93250096
0.5322242
0.89568216
0.14357
0.1692472
0.52223665
0.60452473
0.71416605
0.88454074
0.2839287
0.78288686
0.33277348
0.97050184
0.18606898
0.95261264
0.24661392
0.83558756
0.1117672
0.97701746
0.94220334
0.6101405
0.99855393
0.7810419
0.7424208
0.025533572
0.3130864
0.95506966
0.17463672
0.25868332
0.46934593
0.099221475
0.77138513
0.7057675
0.87834275
0.2153727
0.15062049
0.2223585
0.5298661
0.15919305
0.29070452
0.403658
0.87810284
0.7489004
0.45034486
0.82914954
0.38878888
0.8943498
0.5523616
0.5370935
0.7361328
0.6272711
0.7713893
0.76603305
0.961922
0.40422606
0.6486672
0.8957995
0.34499878
0.8640523
0.44612518
0.4798604
0.6029171
0.9897635
0.24995321
0.70966923
0.90979666
0.38149378
0.5274669
0.30224442
0.34313598
0.2507844
0.21859944
0.74549633
0.7185773
0.3351652
0.18462646
0.6262898
0.2670767
0.3437492
0.7687135
0.23201683
0.24418615
0.34248465
0.624351
0.14655873
0.24146537
0.72208744
0.0926129
0.85903066
0.870237
0.9060072
0.31676587
0.5337284
0.82319486
0.83575374
0.6604566
0.062340215
0.731552
0.22545539
0.37555104
0.010423674
0.54117376
0.79043823
0.10175043
0.8732189
0.29577392
0.54699916
0.10521764
0.55918485
0.9233445
0.26372704
0.6618677
0.15267327
0.10102141
0.14711362
0.8658774
0.8764016
0.81156427
0.30863833
0.7065368
0.40632746
0.16127548
0.6880463
0.36424702
0.84810066
0.05408595
0.42079684
0.025851319
0.73537433
0.20631915
0.37907985
0.08116791
0.56014085
0.9539698
0.023759449
0.025728261
0.2054851
0.96896476
0.7530037
0.27017134
0.24054532
0.30831328
0.031296574
0.16281275
0.8930168
0.01309614
0.47170877
0.33033144
0.01890589
0.9301025
0.85709894
0.20376015
0.637752
0.6450833
0.4448522
0.17478885
0.11515024
0.912975
0.2673499
0.07863692
0.67813057
0.2626215
0.040862665
0.5064867
0.04048084
0.086696975
0.06762283
0.9262769
0.32584924
0.7315844
0.001511488
0.827214
0.3769427
0.2270668
0.5861723
0.46612656
0.80708253
0.052648067
0.959901
0.59185344
0.62168163
0.71304345
0.5562899
0.9577541
0.7192981
0.6240473
0.26911697
0.9903848
0.77075535
0.33063406
0.5409777
0.38170913
0.09055503
0.32659727
0.13535528
0.562617
0.13935398
0.54061556
0.55786264
0.9904765
0.086479485
0.37791243
0.051454347
0.58784914
0.07079613
0.16866408
0.86238563
0.68356293
0.2415736
0.9560915
0.12404887
0.25155059
0.54264516
0.18228228
0.13969709
0.97939754
0.15501921
0.54071426
0.889393
0.9928677
0.9850522
0.48822895
0.4314651
0.7576287
0.83612806
0.36055544
0.7806672
0.58097506
0.91569626
0.7308047
0.77928585
0.7581597
0.7579867
0.7649741
0.24433571
0.65725857
0.20048149
0.40452605
0.49230775
0.48215708
0.29976034
0.11044054
0.6839076
0.1389619
0.9947472
0.6079514
0.20809785
0.26987234
0.7383943
0.7008681
0.5195238
0.4775232
0.40129438
0.7568024
0.9545368
0.7825123
0.82363594
0.937232
0.6019349
0.72705394
0.6333914
0.9766459
0.8222827
0.8087691
0.4904435
0.9454888
0.85899806
0.9086403
0.24541052
0.0023468344
0.78639424
0.6162911
0.37194854
0.8181246
0.66481
0.91394246
0.9541261
0.94733393
0.22171949
0.119017094
0.8654934
0.95744634
0.2556381
0.28904065
0.4969837
0.47283205
0.58227557
0.56929
0.971859
0.359026
0.8510343
0.9108484
0.31428042
0.12282427
0.23205137
0.42762887
0.97139174
0.12121917
0.29514304
0.9264823
0.5985953
0.65239733
0.5013649
0.24862914
0.5539368
0.08507687
0.8750448
0.29679105
0.52871716
0.6212371
0.52717656
0.17311099
0.86674786
0.42529806
0.584513
0.3023548
0.9156054
0.9789106
0.1843392
0.5208615
0.7622819
0.92202604
0.97425383
0.07644872
0.60803545
0.44708645
0.7811828
0.56062055
0.25038373
0.004829332
0.3048823
0.6757925
0.97731435
0.36610863
0.8076261
0.46689022
0.23415227
0.6143404
0.31033996
0.3300874
0.11396795
0.8294075
0.96749
0.30748808
0.9864234
0.36729884
0.5953105
0.9342601
0.61056834
0.04466375
0.27611944
0.6244565
0.19383278
0.7802632
0.08738409
0.067268535
0.24167094
0.88639164
0.18456846
0.2643253
0.40278322
0.061828643
0.12103182
0.5540397
0.19995624
0.57659227
0.7808348
0.40689054
0.11883338
0.69960487
0.9900006
0.48960721
0.08597929
0.93808943
0.22414425
0.68584955
0.3786878
0.845009
0.04857344
0.017667558
0.034409694
0.038930785
0.82449055
0.65926737
0.507587
0.5639631
0.17715211
0.11258951
0.9102006
0.56431663
0.50815815
0.10324906
0.21251696
0.89447385
0.72683245
0.19739144
0.3773541
0.4521553
0.0954077
0.65137494
0.1807441
0.7402213
0.20380026
0.6652614
0.12444052
0.5723325
0.7422297
0.08358075
0.80736643
0.08525864
0.56352216
0.42950776
0.6448253
0.553802
0.38678542
0.9765685
0.5942158
0.3527545
0.16968232
0.045629445
0.7142413
0.9516297
0.9965247
0.95118064
0.53239703
0.21512018
0.27061707
0.46219677
0.346631
0.82783496
0.5880049
0.6020094
0.28905234
0.17298914
0.48702046
0.9105991
0.26323745
0.96190953
0.33473915
0.04934205
0.30318177
0.6692991
0.8075648
0.4441823
0.35602966
0.96210897
0.28383738
0.0227715
0.44371983
0.72368723
0.1078028
0.6338867
0.059174027
0.8851961
0.22812158
0.86714053
0.81317633
0.27668333
0.41313064
0.361326
0.23063831
0.21473856
0.78953415
0.74880266
0.36922932
0.24681175
0.296636
0.79343337
0.97705734
0.62709254
0.360702
0.18908294
0.34552252
0.9806418
0.37222868
0.95107913
0.39799768
0.61858803
0.03434243
0.42301434
0.03981369
0.25517118
0.042129572
0.4695548
0.67689174
0.15459305
0.53526103
0.879166
0.51944286
0.68172616
0.41712853
0.969249
0.094584726
0.66346574
0.63735
0.9794215
0.24627802
0.91112596
0.14755262
0.6911504
0.65420574
0.32725984
0.8638064
0.74592954
0.94305265
0.25087053
0.9039377
0.817602
0.3164265
0.3654242
0.38548186
0.16583587
0.8578531
0.33902293
0.43681875
0.93939596
0.5781205
0.80236506
0.8059545
0.3607512
0.72176397
0.44165513
0.19567038
0.052972503
0.9386845
0.4022414
0.97475404
0.7436968
0.4642926
0.024903484
0.42323527
0.08574241
0.59890753
0.5200125
0.43566856
0.22923298
0.86077654
0.22990774
0.9737033
0.8973121
0.01076513
0.69720274
0.65417904
0.00981124
0.34678054
0.5000777
0.26417676
0.7706748
0.47207814
0.7390877
0.19550632
0.07790833
0.39147824
0.019626936
0.34851626
0.7178594
0.68462497
0.24556224
0.69647914
0.26026446
0.49132612
0.1350263
0.91100425
0.67548424
0.009243429
0.4680508
0.8239845
0.3553044
0.4107486
0.87917763
0.8996957
0.29057336
0.008530322
0.443388
0.71421987
0.58213717
0.99585956
0.0850385
0.12263835
0.8817227
0.1294587
0.3421864
0.031719662
0.8393587
0.20969075
0.3258964
0.8483964
0.8609692
0.39328963
0.34498578
0.13962135
0.70176375
0.4754241
0.5614813
0.7252473
0.43846637
0.629907
0.73669285
0.59512764
0.82040566
0.5858342
0.41835347
0.2926737
0.38905498
0.9213358
0.6984223
0.59681576
0.9087117
0.3992991
0.8836219
0.7504326
0.6369948
0.78585684
0.6764052
0.14624816
0.14997412
0.6160419
0.4852351
0.3672249
0.7225537
0.1087614
0.9102241
0.17640562
0.6713633
0.61164045
0.18495123
0.80288404
0.36893576
0.28465787
0.26136044
0.8247822
0.65925956
0.9611784
0.9923747
0.4875898
0.37605014
0.16649787
0.21976994
0.08245748
0.8285146
0.989953
0.046003703
0.70379204
0.60680443
0.38974413
0.8083989
0.26465005
0.2304865
0.46896243
0.1385816
0.30284587
0.6743957
0.5505822
0.8961854
0.691706
0.45293525
0.8043467
0.9677514
0.7452373
0.25188476
0.35324222
0.37437344
0.5422805
0.8512448
0.36897698
0.7498887
0.46196082
0.565582
0.06822925
0.63419795
0.9873727
0.40454295
0.18275401
0.6869977
0.17941873
0.9996989
0.17998597
0.5611503
0.16819516
0.33509994
0.22909798
0.9540977
0.7393222
0.39391577
0.8231994
0.4340349
0.6923146
0.14574668
0.15348609
0.3860279
0.35231704
0.104097426
0.7204438
0.633982
0.38811666
0.07137926
0.6897436
0.65722406
0.2542117
0.106633246
0.39542004
0.6370035
0.5595855
0.6561372
0.54116815
0.7753533
0.19524297
0.29297823
0.9038531
0.62715316
0.49884376
0.6278269
0.78067374
0.32005635
0.24229154
0.99662226
0.33633837
0.84071577
0.06253346
0.8867287
0.07552298
0.26450548
0.46476588
0.09780546
0.1076764
0.13285941
0.66101825
0.7281691
0.7304004
0.5082472
0.92511046
0.8390968
0.9823264
0.7592892
0.73405576
0.7722529
0.1588224
0.23510581
0.37749034
0.039207544
0.7662538
0.69239485
0.5768845
0.56760687
0.6999474
0.5954233
0.4547228
0.46630841
0.29659572
0.14852491
0.21273957
0.6192964
0.5850291
0.52162004
0.22124524
0.21936993
0.23792072
0.49151483
0.6763348
0.97657263
0.9202043
0.7979263
0.47972354
0.36595112
0.4543009
0.68132895
0.96452934
0.15692419
0.22139853
0.561798
0.14025512
0.45245066
0.81961966
0.8719691
0.5716453
0.6861993
0.51020193
0.104157135
0.9300549
0.3120338
0.8382458
0.5152125
0.50489956
0.40338242
0.48674327
0.49691594
0.976811
0.43176237
0.17111464
0.11271305
0.35441062
0.68371373
0.22499336
0.33673665
0.47876248
0.46588162
0.18306543
0.29258808
0.47262278
0.4673804
0.8419294
0.6904533
0.24691635
0.6270219
0.6883688
0.30582732
0.7493488
0.76006174
0.005702777
0.311328
0.5139892
0.8238397
0.6571941
0.6934153
0.4369186
0.22348128
0.5609888
0.3183839
0.08654025
0.3978932
0.12552536
0.39789525
0.6171533
0.7362778
0.56971097
0.09461933
0.2321963
0.7068149
0.99421906
0.54791045
0.6886644
0.5523046
0.110908434
0.9736608
0.35363057
0.81281245
0.055644922
0.61227185
0.7844567
0.88238406
0.68137354
0.60004735
0.58963615
0.68120515
0.4569967
0.8888134
0.13330555
0.72096103
0.062129986
0.5657835
0.23035802
0.73939836
0.28138986
0.2572822
0.021188932
0.121026605
0.8952478
0.8197535
0.972045
0.8657905
0.8523836
0.075600795
0.42690572
0.6126232
0.12536547
0.92513657
0.5011151
0.06351131
0.14742708
0.5291341
0.81352335
0.79884946
0.73593515
0.91695094
0.6078718
0.25943652
0.3722287
0.030299198
0.99914604
0.14762011
0.8590502
0.36479697
0.37500098
0.23909722
0.83113563
0.57996047
0.5548095
0.9369664
0.13068059
0.062721565
0.9674576
0.1158609
0.07051053
0.44695356
0.5689458
0.7131591
0.106098644
0.64717937
0.3685977
0.90103424
0.43115947
0.3409005
0.458489
0.94931525
0.3961749
0.1749086
0.8659707
0.033605747
0.93632674
0.22612432
0.069607556
0.99070907
0.88868016
0.13328134
0.1035449
0.6185653
0.6342321
0.36332366
0.029872773
0.6204581
0.025128646
0.12525259
0.9298617
0.032410916
0.86590934
0.2605145
0.16837326
0.70211715
0.8052071
0.65580547
0.46335876
0.6277794
0.54398733
0.3915579
0.2841502
0.89610577
0.97041756
0.10037744
0.5556847
0.12091905
0.92543685
0.050540913
0.3443613
0.8517085
0.965432
0.8613957
0.6933652
0.80195343
0.88395035
0.52766657
0.34935212
0.15761122
0.4469579
0.19190569
0.8820287
0.05530442
0.043664
0.56659174
0.8752867
0.8250689
0.9706779
0.5741974
0.21973802
0.57514167
0.22230509
0.3924619
0.3993644
0.26755166
0.50995326
0.29290083
0.29638898
0.5074359
0.56029
0.8228758
0.59011596
0.4743689
0.26860002
0.17790157
0.26892677
0.520347
0.84674096
0.7973482
0.32076454
0.59950346
0.22352412
0.065747514
0.104735896
0.39448446
0.67698056
0.23791608
0.051560972
0.61065406
0.7173921
0.89436454
0.6140578
0.98397595
0.29312772
0.6912594
0.11718737
0.83115214
0.500701
0.9748045
0.25241622
0.7960143
0.5988419
0.119386464
0.6490996
0.6006513
0.95564276
0.5431959
0.8389027
0.57211894
0.07239519
0.83129853
0.50780314
0.4218599
0.73311114
0.4967277
0.7149171
0.48646516
0.7114356
0.3887871
0.33088946
0.8662272
0.3075117
0.31729257
0.3359299
0.06228015
0.7105679
0.14884955
0.59132963
0.71318847
0.7403216
0.78363746
0.8729468
0.46631578
0.5699985
0.6983425
0.20974521
0.29961914
0.19492383
0.09114383
0.5364975
0.40020248
0.8697541
0.78585786
0.9842885
0.085025094
0.81502646
0.14209716
0.29800653
0.16272424
0.96692896
0.7401862
0.610405
0.10071969
0.3907921
0.55045503
0.090846136
0.5780973
0.43746245
0.7309988
0.36143106
0.40103862
0.6621599
0.661973
0.44579595
0.12573867
0.89050066
0.051959615
0.10888819
0.2691744
0.22854675
0.26180598
0.53565574
0.8753187
0.58260167
0.024195526
0.18068622
0.9366349
0.9972555
0.058126405
0.015257598
0.58397114
0.084113926
0.62484795
0.8189523
0.8385231
0.28100306
0.798856
0.082573906
0.06951739
0.5072478
0.5385042
0.30781034
0.8977275
0.61209226
0.7502217
0.84945303
0.010342329
0.1544092
0.6858912
0.24425238
0.98348045
0.9174763
0.6321277
0.21231972
0.052217666
0.7840866
0.6890688
0.8575072
0.94590163
0.83946544
0.5913779
0.7413393
0.16706708
0.28381693
0.74914944
0.6357492
0.031043392
0.5417155
0.5701361
0.8592532
0.18741746
0.32279494
0.44555482
0.59735847
0.8375196
0.2953656
0.13873678
0.39021996
0.74650747
0.45208505
0.7563055
0.016379636
0.19641769
0.0052388893
0.7992355
0.65221465
0.43951514
0.35893705
0.67161995
0.5026142
0.015241434
0.5191566
0.37785155
0.48561922
0.18611354
0.33417228
0.43058863
0.6494916
0.6004755
0.15503402
0.14675908
0.43073058
0.9229865
0.36422062
0.9841381
0.96916044
0.6743278
0.87647384
0.3447371
0.4337472
0.693842
0.19473995
0.48518738
0.88531566
0.033254758
0.9372843
0.6149771
0.09968363
0.0277239
0.5608374
0.9736713
0.51109993
0.31023097
0.15556894
0.05040936
0.7030829
0.8275227
0.5799601
0.2236459
0.09592905
0.4114827
0.6202387
0.98290515
0.5704386
0.23824814
0.36356965
0.3260138
0.6443812
0.8089896
0.36462438
0.76331806
0.29124248
0.9822472
0.5687464
0.43849927
0.2938196
0.7855689
0.0783657
0.26999566
0.020798031
0.75039434
0.9382469
0.58873296
0.031952742
0.8780441
0.3756381
0.07648287
0.41989732
0.34394547
0.3132652
0.36702347
0.38584676
0.18014768
0.24237978
0.6999793
0.93074834
0.25287288
0.8093323
0.64316815
0.79006225
0.17590232
0.7671442
0.6987722
0.19372307
0.6288241
0.20313264
0.23056746
0.65043014
0.21787407
0.25145903
0.57473725
0.42720687
0.4620718
0.62994015
0.22924446
0.6461151
0.27740258
0.6149745
0.9274592
0.69564754
0.9170274
0.13980265
0.96234435
0.04727412
0.44883734
0.22369643
0.3545583
0.3846409
0.34753543
0.27096504
0.2156241
0.5144447
0.52324986
0.83937776
0.11441003
0.5865273
0.5575114
0.88800913
0.20190047
0.37714446
0.04353537
0.57815146
0.4217336
0.04762919
0.9797008
0.7887045
0.8908065
0.6106875
0.59137416
0.57087994
0.7711157
0.8899544
0.82280636
0.8741191
0.46956664
0.16050941
0.90156984
0.029565288
0.20482264
0.73888427
0.5132147
0.43833187
0.4758806
0.37268206
0.43405572
0.9616442
0.36316147
0.7338213
0.95693314
0.303396
0.08557348
0.8733788
0.1465926
0.6992926
0.040974844
0.35663402
0.47645846
0.11225958
0.14455672
0.25238106
0.6007116
0.30309862
0.48377165
0.9304684
0.91771936
0.8515474
0.52270883
0.8030147
0.17943361
0.79515415
0.8686308
0.017102703
0.5553093
0.26817057
0.55236983
0.95462024
0.6713662
0.9079031
0.66467434
0.703413
0.54263484
0.6297255
0.036618542
0.37314832
0.47305903
0.6165076
0.80698
0.018052692
0.63605285
0.49657306
0.48133552
0.70100486
0.12707245
0.9590576
0.7164605
0.81717235
0.21394101
0.23273015
0.58776814
0.13156664
0.396929
0.864005
0.19522369
0.01757467
0.59912866
0.1260585
0.9273229
0.5248439
0.90684706
0.93307143
0.82581615
0.7299442
0.38569248
0.20313925
0.23342086
0.20571363
0.8543741
0.36063313
0.9760668
0.40158918
0.52627754
0.016593497
0.067234986
0.3631321
0.2367359
0.87883735
0.33296713
0.29705757
0.90799075
0.2844599
0.7680506
0.3182013
0.8640747
0.26371315
0.5257789
0.9408873
0.56315887
0.65866894
0.008851276
0.42868876
0.8111657
0.3469771
0.5785558
0.10400693
0.65981704
0.11599124
0.13252431
0.94601274
0.9429927
0.43160784
0.8157348
0.8379345
0.31752545
0.82058716
0.9113571
0.19892944
0.23338126
0.31733668
0.7648842
0.86684686
0.54352164
0.52197194
0.9312997
0.37700486
0.4911338
0.69733155
0.020574015
0.43660808
0.8308099
0.8029991
0.75111663
0.6826676
0.49968216
0.37776533
0.8640859
0.53057474
0.68521065
0.47202653
0.005942191
0.16910043
0.41310683
0.06283265
0.639074
0.0027819562
0.15885046
0.34968323
0.3892181
0.71558553
0.9713718
0.8720885
0.7398314
0.5608951
0.82405984
0.73820096
0.64430976
0.79816747
0.03178063
0.5463294
0.30851233
0.7635887
0.7947426
0.7866178
0.16082913
0.22497787
0.6155934
0.7788827
0.0899047
0.4876338
0.68836766
0.7230586
0.48435283
0.44770566
0.11017241
0.23183593
0.8287461
0.8834482
0.5198112
0.16235952
0.053202387
0.8634128
0.8101171
0.76979923
0.4664146
0.15220031
0.2289806
0.08260816
0.5913306
0.95432985
0.95572466
0.18836214
0.11742473
0.8633602
0.34530136
0.96996635
0.12077947
0.70951134
0.64356214
0.89935845
0.61800873
0.068665914
0.02008387
0.40069202
0.18214302
0.40804002
0.660151
0.30526358
0.43901217
0.20936118
0.94326824
0.063109875
0.7804605
0.28635484
0.17616102
0.742758
0.38395885
0.6712802
0.0073400405
0.2895248
0.43799195
0.17642613
0.46945712
0.7225711
0.33443028
0.6501698
0.013554742
0.3322462
0.2747543
0.8876246
0.76577693
0.9040507
0.15189436
0.13734967
0.20469727
0.65366995
0.7711327
0.34998718
0.23292297
0.19774726
0.19200777
0.33533937
0.19866897
0.67608607
0.12698981
0.75626016
0.9564567
0.36300382
0.8614914
0.7267324
0.38795584
0.9465495
0.055949412
0.83558244
0.27243137
0.31897655
0.69987845
0.745727
0.6872733
0.5636932
0.74607086
0.29792428
0.03354972
0.8141576
0.60109705
0.96794325
0.014120889
0.63714296
0.49305704
0.24699123
0.24875805
0.5567797
0.84708273
0.9480457
0.87396765
0.52382946
0.025860665
0.36795267
0.9868631
0.81503284
0.8449256
0.62995964
0.39334777
0.7371782
0.61432135
0.05398479
0.61154526
0.13472064
0.65364057
0.10364706
0.08802614
0.5519574
0.24474888
0.6229804
0.27954695
0.48428425
0.161994
0.40939415
0.79472345
0.46546328
0.9259693
0.6178541
0.95454973
0.7319905
0.7631751
0.077208616
0.21777067
0.7669887
0.35510853
0.43524337
0.4820277
0.21234794
0.5015611
0.60736483
0.92677635
0.27866304
0.21336836
0.54939437
0.9091428
0.1974673
0.960424
0.6620822
0.53844184
0.66672033
0.1493751
0.1858423
0.72367835
0.5525974
0.3863099
0.3942123
0.4426774
0.97254133
0.33919364
0.15784998
0.0106903715
0.2576523
0.092383556
0.98552775
0.38867253
0.3799606
0.92902017
0.854479
0.82714564
0.8169449
0.6196174
0.67377585
0.28191468
0.51134473
0.81514585
0.34378916
0.21161053
0.8974084
0.6698801
0.038954493
0.28464365
0.23530118
0.21880785
0.90031695
0.48450437
0.9574401
0.6054631
0.013410238
0.45231685
0.8668179
0.78478974
0.36098266
0.88776064
0.65868104
0.20055047
0.839788
0.8001534
0.3925811
0.60414743
0.28888047
0.70385164
0.8227684
0.6415346
0.54148483
0.5204259
0.8843403
0.23832801
0.4927381
0.71421534
0.20989792
0.19158757
0.068021774
0.45956185
0.86604303
0.84999496
0.4711697
0.946478
0.68596953
0.58067024
0.99289066
0.37268072
0.5449241
0.24683289
0.10408208
0.25869513
0.54966885
0.02861018
0.40527892
0.18477605
0.089828126
0.08066775
0.12518613
0.83484405
0.9366044
0.950687
0.59347624
0.4784776
0.81305766
0.61436766
0.77559274
0.88800734
0.6877117
0.12744428
0.04356841
0.12787382
0.070791885
0.495495
0.64371526
0.35156
0.40980807
0.4167721
0.77931577
0.5198561
0.40959808
0.098833926
0.45070148
0.40835407
0.56670976
0.08745402
0.63155556
0.485851
0.3578766
0.84210044
0.98137033
0.92411095
0.8784745
0.43321177
0.45851174
0.49888408
0.13502914
0.77428085
0.674918
0.9365481
0.8081874
0.3718907
0.80618125
0.93102443
0.7211667
0.85407233
0.9773693
0.08797523
0.95348394
0.8485046
0.30817312
0.22339442
0.46863687
0.62778664
0.06228257
0.09032705
0.76424634
0.5564946
0.79875183
0.61434346
0.8590313
0.409887
0.8222602
0.57282615
0.39197373
0.5905495
0.16689995
0.7809757
0.21525632
0.36833668
0.33861947
0.10712347
0.47046286
0.3260146
0.85774046
0.3794439
0.74525356
0.26457733
0.23864195
0.14845301
0.3396498
0.77932113
0.60596097
0.39274246
0.13575508
0.986488
0.45638695
0.7895018
0.86249995
0.18927167
0.96553606
0.37417656
0.5004605
0.3947718
0.94280565
0.5486271
0.6011697
0.9587566
0.7332152
0.36577696
0.9484792
0.99423766
0.82503164
0.7620778
0.35861972
0.789001
0.18174644
0.33739856
0.51623154
0.5434796
0.29911017
0.7317323
0.9529235
0.6502019
0.9688833
0.9887685
0.4714336
0.17993109
0.83244383
0.16923472
0.0046165143
0.7097694
0.3971031
0.92096055
0.86875993
0.49776062
0.9007614
0.4461308
0.13116147
0.2817976
0.27262905
0.9457066
0.36875853
0.89657193
0.3339667
0.09837906
0.32691988
0.9698004
0.15670873
0.15937589
0.22531705
0.43739772
0.010605826
0.19971427
0.2532069
0.43465108
0.06472262
0.74355114
0.22243491
0.4421801
0.71310776
0.36089975
0.7779379
0.33403012
0.6956819
0.7708658
0.3559892
0.7841969
0.8608416
0.34453815
0.90087056
0.038657892
0.17903292
0.6350961
0.5228918
0.3313575
0.8078654
0.69648397
0.8631487
0.59951246
0.65629536
0.21840407
0.33237547
0.017845633
0.64316064
0.2175159
0.15294118
0.23766205
0.25995114
0.7783675
0.2576116
0.8218954
0.8057476
0.30744463
0.016064929
0.70767236
0.22778682
0.24007562
0.98512644
0.86928886
0.799624
0.30210373
0.32251665
0.17669201
0.2909071
0.08834822
0.013714775
0.2866289
0.33134532
0.35837847
0.0970833
0.35619155
0.91100264
0.70288956
0.859969
0.21352658
0.99588656
0.7957489
0.337579
0.09489936
0.6427985
0.03398558
0.825557
0.74169546
0.76485395
0.38167772
0.90922946
0.38527662
0.74275553
0.4850248
0.6630415
0.76028407
0.08407102
0.46688056
0.37502953
0.18322012
0.81399786
0.88067275
0.5364742
0.8006349
0.20793164
0.9579373
0.50420576
0.9482868
0.20916547
0.5200467
0.15374449
0.44074336
0.38077632
0.24227577
0.31445113
0.33237305
0.11084691
0.54023826
0.66051465
0.7794341
0.762792
0.17235886
0.262074
0.508448
0.6264176
0.44663468
0.9556784
0.90844715
0.092995465
0.6899408
0.36303806
0.18121518
0.98580307
0.78977764
0.112485126
0.8598608
0.071759745
0.6317061
0.72269523
0.84209764
0.1834624
0.72895986
0.97771436
0.8549345
0.48948824
0.8458485
0.9787994
0.73529196
0.55980086
0.4735443
0.9570991
0.9226817
0.9097833
0.24614367
0.06082681
0.99888015
0.30053234
0.2915465
0.36139432
0.8119981
0.3089823
0.6506158
0.46725386
0.3960036
0.51163507
0.63447016
0.4260251
0.4318364
0.35833734
0.37591273
0.21839368
0.13176596
0.45891055
0.7201367
0.5539296
0.94745976
0.41217142
0.98229176
0.38943866
0.016660316
0.13572787
0.426903
0.4431044
0.59268916
0.41341665
0.55124027
0.92588645
0.93452513
0.9159737
0.5191484
0.42552292
0.72413105
0.8120163
0.07991897
0.049774807
0.98445064
0.12632884
0.5513988
0.18996026
0.09927305
0.028526178
0.32793608
0.1572701
0.37828556
0.9311602
0.5347422
0.02235632
0.07685444
0.0700213
0.8986394
0.9747388
0.94291157
0.08106047
0.25470793
0.37848932
0.9305294
0.6817869
0.92702335
0.76788086
0.75072074
0.004570163
0.5289188
0.42484286
0.6691649
0.1047548
0.29035458
0.21771331
0.7547566
0.087543584
0.9949663
0.20297492
0.47464883
0.23811233
0.40465975
0.2723177
0.70301414
0.69101167
0.79786783
0.69637907
0.10948944
0.27109462
0.07505285
0.5009174
0.49268636
0.27950814
0.6413568
0.68434334
0.67696375
0.5930015
0.33223683
0.9535008
0.8689821
0.555707
0.35673428
0.56590307
0.05695412
0.0023716842
0.64531386
0.8270849
0.9653646
0.5529552
0.81859136
0.3433092
0.2814826
0.5779492
0.7145898
0.48393485
0.48054212
0.9658473
0.9622052
0.06789339
0.7097259
0.3858975
0.48150545
0.9339259
0.98588663
0.81684774
0.4271823
0.5961045
0.9637483
0.41602686
0.8729678
0.3892808
0.8997379
0.79633623
0.09088422
0.13393599
0.7044735
0.45048955
0.040279433
0.83670926
0.9635617
0.6741771
0.26389772
0.29736358
0.34492868
0.06988203
0.06274412
0.8854012
0.037886135
0.47972444
0.923789
0.19858313
0.5356343
0.90196985
0.8670756
0.93560165
0.90885824
0.11512434
0.5787145
0.51333106
0.55622023
0.1404345
0.7022245
0.89413166
0.39433494
0.4427412
0.92782754
0.2469435
0.9310415
0.4980685
0.17875758
0.7335223
0.3659388
0.76065534
0.4151234
0.4499968
0.9095738
0.59347814
0.82860225
0.86389494
0.6671917
0.50413215
0.34093422
0.24271181
0.81234205
0.016101643
0.6401222
0.4918857
0.9040368
0.8055989
0.876056
0.23210713
0.35126913
0.24135795
0.99604654
0.64578944
0.5591643
0.0503347
0.5121833
0.494353
0.8517928
0.020473525
0.72260857
0.38322553
0.14251396
0.6060699
0.49529606
0.7575503
0.15779203
0.28216562
0.523685
0.6639904
0.14029048
0.636088
0.93227744
0.54492754
0.26761228
0.30100182
0.078998186
0.8339913
0.573265
0.5797959
0.3545239
0.60974187
0.03760632
0.44681874
0.58377695
0.074185774
0.6740067
0.27096823
0.105430886
0.1236931
0.740855
0.5163612
0.55255497
0.7073297
0.6921399
0.41936493
0.89913124
0.51588166
0.06343262
0.31216514
0.75501215
0.4235781
0.14998668
0.38939136
0.5447124
0.9883398
0.011893154
0.93578684
0.27555838
0.19991742
0.8802669
0.5775637
0.7339307
0.3097193
0.10647745
0.3966095
0.6660676
0.69983274
0.67583615
0.38154528
0.7870594
0.89966357
0.7751849
0.56488496
0.31279454
0.49115163
0.16533163
0.5946262
0.29655644
0.87820005
0.6103378
0.08494117
0.3164224
0.7251093
0.0800674
0.734641
0.5928442
0.05809024
0.5627872
0.65364337
0.7310028
0.21506824
0.48491332
0.20856778
0.609058
0.59229505
0.5970602
0.10241793
0.90327275
0.2970287
0.87594515
0.7377804
0.6024814
0.63172317
0.656467
0.089276366
0.87994117
0.11874651
0.043411553
0.76843834
0.41326135
0.5906008
0.6265014
0.85948586
0.78883004
0.5884893
0.90110785
0.20540601
0.7424696
0.34226784
0.010276951
0.17424813
0.6271289
0.51683635
0.32532677
0.7983855
0.5119261
0.12478993
0.17112103
0.82653517
0.8889819
0.32241327
0.7934231
0.27571487
0.77368975
0.5439421
0.66535413
0.6046837
0.68109477
0.6096399
0.6731163
0.9476547
0.855043
0.080403484
0.29004794
0.36701092
0.7759051
0.85746604
0.7962021
0.1903913
0.42989025
0.68220204
0.7829443
0.5930215
0.55519605
0.60100675
0.1945061
0.34346944
0.16484833
0.5823442
0.8647683
0.38081053
0.13509437
0.5462631
0.784357
0.44759724
0.72851217
0.6668171
0.9791116
0.9629537
0.035819843
0.66685593
0.0076957117
0.6197267
0.7056749
0.47154298
0.19411415
0.2414425
0.6395196
0.90114397
0.7546621
0.19561554
0.53900707
0.81747746
0.039018676
0.0687658
0.50147647
0.39197347
0.2404291
0.86449057
0.678975
0.82902783
0.30734715
0.62694234
0.9721365
0.8294598
0.88308406
0.7084505
0.035223152
0.9176032
0.19535984
0.75027776
0.6114306
0.10787857
0.754776
0.46783972
0.4369258
0.034009125
0.7993652
0.6235522
0.059610315
0.12704761
0.8980203
0.055353012
0.75338626
0.10926394
0.9367893
0.88982
0.8508413
0.9931131
0.78443813
0.079082444
0.053614378
0.89073545
0.84807396
0.3917392
0.87798935
0.7934804
0.21238104
0.21990646
0.5956668
0.93027323
0.3171058
0.662444
0.061148476
0.104996465
0.6587523
0.23886818
0.8130014
0.7584453
0.7636806
0.288605
0.7106078
0.09149355
0.48699278
0.63816667
0.28947282
0.40270182
0.26417923
0.6822746
0.71379125
0.18182275
0.92282027
0.6133795
0.7049069
0.7302229
0.19293188
0.9074643
0.43094322
0.2058591
0.96029556
0.13462058
0.4097313
0.0916533
0.67529756
0.5397926
0.15862529
0.7072047
0.29767802
0.39688402
0.05413606
0.74642104
0.31194738
0.15607284
0.82901365
0.9193753
0.91598135
0.823501
0.87211597
0.901713
0.7436715
0.738829
0.69650215
0.9511854
0.95146394
0.37310866
0.8322078
0.6402448
0.013480017
0.66570646
0.09678704
0.7168469
0.9265031
0.6868327
0.10854874
0.054653123
0.14122297
0.5638038
0.5938346
0.008337935
0.990874
0.6800061
0.44664076
0.5434718
0.18932386
0.60370266
0.23644482
0.7702129
0.69739544
0.38201168
0.25384814
0.6646423
0.77305883
0.23276117
0.11246189
0.5543115
0.508987
0.62286985
0.68487936
0.7319773
0.7501113
0.7643826
0.41680294
0.84423625
0.68715435
0.08116717
0.2975179
0.16366461
0.24525091
0.065235645
0.87859493
0.09613127
0.16168256
0.11265932
0.8353569
0.47696257
0.40329203
0.8154293
0.030227832
0.7413164
0.028475353
0.59310496
0.30672124
0.8669843
0.6926347
0.6235024
0.7311737
0.9323438
0.028925318
0.80550736
0.5468462
0.051646154
0.41506648
0.31710476
0.21780713
0.45831358
0.4552455
0.45370114
0.65209824
0.40568963
0.875518
0.36671788
0.22637624
0.035522692
0.8499532
0.06498825
0.7691151
0.42045254
0.5707861
0.5665192
0.77413136
0.12005761
0.3087115
0.98545986
0.9768901
0.079718865
0.3830917
0.008869698
0.62717396
0.30712235
0.29853675
0.028051322
0.064584926
0.13788953
0.300447
0.9156824
0.57953155
0.51721656
0.4700088
0.2252919
0.2306393
0.89359266
0.011758203
0.78813034
0.9271721
0.47565
0.8219166
0.18936867
0.20396703
0.9323252
0.3357022
0.47769645
0.35333776
0.45932576
0.73272556
0.050755244
0.96311975
0.9040285
0.0543426
0.7189547
0.45179868
0.09025383
0.79914856
0.045196604
0.56163514
0.20989582
0.61294043
0.45876288
0.82473135
0.8488475
0.78311634
0.5963932
0.12518318
0.9721979
0.96143025
0.5813813
0.58940727
0.15636854
0.96039945
0.3194516
0.7187131
0.24151261
0.41953522
0.4456715
0.24254648
0.9368825
0.533832
0.5854124
0.75646335
0.32680273
0.06375582
0.93486077
0.68522465
0.5386222
0.025546744
0.17683247
0.5857975
0.055796627
0.12742722
0.4383397
0.90358746
0.76941824
0.34062225
0.49131775
0.06831318
0.20526065
0.107801124
0.8059019
0.87895143
0.12010871
0.77963156
0.10385288
0.5534808
0.88601124
0.7835539
0.058985453
0.085212454
0.51157516
0.863211
0.6185847
0.9008053
0.52295095
0.38179865
0.47256938
0.31632164
0.5484123
0.46586484
0.5430462
0.0859478
0.9034361
0.3172283
0.4884048
0.4620996
0.21768817
0.17472637
0.32526708
0.2670696
0.19576108
0.1878484
0.49693626
0.79241407
0.6170652
0.1922185
0.53656256
0.94865704
0.12414151
0.80787593
0.9056243
0.44701314
0.9958786
0.75623983
0.78382874
0.2513601
0.13073936
0.23101813
0.8289721
0.81002325
0.9441287
0.57986677
0.40885726
0.5692775
0.59198123
0.80754524
0.7954327
0.71262217
0.45481622
0.7759765
0.7232397
0.5745429
0.7397925
0.7178322
0.85116976
0.8941234
0.13799685
0.4431302
0.1590969
0.5347839
0.0030568058
0.13976952
0.4917947
0.6490685
0.22576798
0.1321233
0.6390179
0.09462147
0.9528114
0.17459887
0.15001932
0.3416819
0.24083453
0.5679528
0.97757685
0.21939342
0.2968611
0.119070016
0.32553294
0.7308049
0.30190772
0.44867888
0.7542553
0.33072096
0.8461791
0.86870843
0.696814
0.6711539
0.29422382
0.38618678
0.6232015
0.94261056
0.30512795
0.991316
0.95246196
0.7832665
0.47204033
0.46386704
0.4485333
0.31309712
0.46069562
0.36797005
0.68675697
0.9812363
0.22543454
0.42788815
0.6578306
0.35698232
0.1977991
0.52118045
0.899925
0.56830496
0.40740433
0.6172775
0.19810101
0.32818758
0.29764476
0.7724441
0.025072379
0.033091962
0.5736443
0.54692316
0.85347414
0.471003
0.47892347
0.8725893
0.676419
0.06195686
0.20225717
0.14930062
0.82742125
0.5313433
0.8108171
0.73087054
0.085911036
0.67983
0.13896216
0.64174116
0.982156
0.02389085
0.8591951
0.33506435
0.15384217
0.11402787
0.2677169
0.21943538
0.24668184
0.038741574
0.6033657
0.34979454
0.27982226
0.46379542
0.45012245
0.73098373
0.82518244
0.5246102
0.9197739
0.42185327
0.6421609
0.68636835
0.43228975
0.23150226
0.20967641
0.020743458
0.3513383
0.14847443
0.9103237
0.4516451
0.24340968
0.31423283
0.781388
0.2262005
0.38849393
0.19396396
0.56024945
0.5095102
0.7371162
0.37091127
0.661837
0.4112582
0.8336961
0.76641047
0.0849924
0.41701642
0.066062085
0.91767305
0.78999704
0.08392337
0.6124395
0.539072
0.56006795
0.5537043
0.19391271
0.40222335
0.032000013
0.2809704
0.041503243
0.81573945
0.13109496
0.790539
0.58364034
0.027200194
0.50054485
0.6666532
0.28308004
0.51149035
0.93334293
0.3252456
0.25896296
0.60731435
0.62626296
0.7531721
0.99817973
0.7289843
0.61445206
0.7810243
0.95685947
