-0.00017878780199276362
-0.05462074932769756
-0.18245852439022234
-0.007880275685940297
-0.16028200119184888
-0.13630069371103737
-0.1766034100230769
-0.0020581557554574803
-0.17681861615191166
-0.01589737385982315
-0.1395989471529795
-0.15329992669328973
-0.004742050036825596
-0.17107086115464298
-0.11757934811066839
-0.0142951383088199
-0.13972757400049574
-1.0694408724079856
-2.6875589399207385e-06
-2.7629272203556656e-06
-1.575747653256954e-06
-1.7096671864949875e-06
-1.0030736774611682e-06
-2.7621536933438984e-06
-3.5693567781566263e-06
-1.3465285739843115e-06
6.23429011331613e-08
-1.2229342676317196e-06
-2.4661634974398907e-06
-1.6504603577269353e-06
-2.2100665191397185e-06
-6.6444656576753e-07
-2.405445821215008e-06
-2.61545245371294e-06
-1.7772225531332189e-06
-0.25966030963104675
-5.154081002060104e-07
-1.158181788684453e-06
-1.9128803767654763e-06
-2.6742835394814934e-06
6.846899614410056e-06
-1.1131548900461576e-06
-1.5692413244230831e-06
5.3430466628881145e-06
-7.842625322461851e-07
-2.7981187802231677e-06
-2.0021069069105017e-06
4.701284726851778e-06
8.033087919351771e-07
4.135909536640151e-06
2.3657253054442703e-06
-1.9573264342573894e-06
4.373795670528846e-06
-0.6066319860867987
3.3420821719007115e-06
-3.4773562807116576e-08
2.6574076530305587e-06
-1.9975841336679748e-07
-1.194547036403106e-06
3.796176092581893e-06
-5.525326822757093e-07
-1.5232627204108704e-06
5.061376398873374e-06
-2.3145352567919127e-06
-3.075822361260112e-06
5.790801814948784e-06
-2.4936639988559747e-06
3.0293601378354424e-06
-1.6432575051848017e-06
-1.9412769471968334e-06
3.327219679327671e-06
-0.258303324800157
-6.9765798454535615e-06
-4.129515081933168e-06
-1.5690125043615511e-06
-1.5355705107435657e-06
-3.2378255001553305e-06
-4.38271219678362e-06
-4.457591609654627e-06
-1.4352240851767517e-05
-6.571328446646874e-09
-3.622838085525415e-06
-1.1517630409402749e-06
1.6900875392516085e-06
-2.7654695724542076e-06
1.146567249589598e-06
-5.963327947000884e-06
-4.681646826641096e-06
6.067657669647059e-07
-0.3780956671114232
-8.726985676726883e-07
3.873068811442932e-06
-1.4736961529017846e-07
1.7279359147964831e-06
-7.321361614755486e-07
-1.8944144901968757e-06
7.194950038422749e-06
-9.111841006319947e-07
1.9471504213463583e-06
4.37607255321065e-06
3.4187796371641134e-06
-2.462284767195873e-07
5.07949792982203e-06
-2.1483201475653028e-06
7.954551721308576e-06
3.4261922863375372e-06
-2.2940005806199471e-07
-0.6617423352859452
1.011763970352918e-06
1.7558967666778755e-06
3.1247165877108445e-07
8.0312296903326e-07
-2.4670812406222425e-06
8.178228005833328e-07
7.288682235670813e-07
-2.206174598115112e-06
-1.994929242248157e-06
-2.7708285710450645e-06
5.948796672981991e-07
1.1605945155937663e-06
1.0116872273160046e-06
8.628976750824146e-07
1.0562968473148735e-06
1.339140600636864e-07
6.917935140220182e-07
-0.1247963652518853
1.3304114223953567e-08
-3.750843214030294e-08
-1.601766009761042e-08
2.5592002734273386e-08
4.16022916546914e-07
-1.2758634239908117e-07
2.061563470824653e-07
2.451121412440818e-07
5.999045475257038e-06
5.722216267486436e-07
2.1432287269231354e-06
1.0716166354259919e-06
1.904782372703034e-06
8.034593363889952e-07
7.437550717441818e-07
3.087859805641496e-07
1.3095983977218198e-06
-0.5036142465527161
-3.6578731156304904e-07
-4.6364850092519843e-07
-3.064223528342784e-07
3.3499912008679373e-06
2.679244897017344e-07
5.353228136170287e-07
5.586531266907086e-06
7.067727061304534e-07
4.580209477480833e-06
4.993461330654303e-06
1.465792021113805e-07
-3.137885040681805e-07
-2.3936430892898898e-09
2.3452636166419497e-06
9.057667716283318e-06
1.3690024660495165e-06
8.916792051141332e-07
-0.3182756208462567
1.6681748444620634e-06
1.8618970281119866e-06
1.6533008460056425e-06
2.6261746779227876e-08
7.243289096941544e-07
6.441968207759056e-07
4.85567541731386e-06
1.421337331387748e-05
6.799941015374682e-06
2.8582333784219806e-06
4.87832216060859e-07
8.713563897091339e-07
4.245008507377928e-06
7.5187096584394345e-06
1.0064725851575083e-06
1.151671499590337e-05
3.902438925792279e-06
-0.03806107484537921
3.1505638768732382e-06
3.858166054184652e-06
8.759087039649345e-06
6.316079024277448e-06
9.812765391262741e-07
-3.5100298188090997e-06
-4.091292905800643e-06
-1.2958397027393133e-07
2.2059886522013745e-06
9.179533233104127e-06
-1.9780633886400968e-07
-1.968853939425013e-06
-9.248478782818027e-07
-1.297736517369037e-06
-4.035233626353298e-06
-2.4163187734942207e-06
-5.109048772945905e-07
-0.37553317619297405
-6.874348994968533e-06
-1.6962122062494132e-07
-7.291955395960101e-06
-8.350714889369852e-06
-7.90390018324677e-06
-8.678714752221431e-06
-9.513812274882801e-06
-5.622163996587129e-06
-2.7885030582415763e-06
-5.162601685713997e-06
-6.188464778849172e-06
-6.88889752088898e-06
-3.183435950407506e-06
-6.784351216832055e-06
-9.282003050622228e-07
-2.5424227585418603e-06
-9.356766246274909e-07
-0.5148753505118068
-1.3942996493471213e-07
-4.894313323512359e-06
-3.357440065526192e-06
-9.250797043952276e-07
-1.7091313679896776e-06
-3.991553062515303e-07
-3.3872758917759657e-06
-4.597671242842612e-06
-6.1177899883902075e-06
-6.08774429356423e-06
-3.37303043984623e-06
-2.18623198567071e-06
-6.385858992711033e-06
-1.4697112069607671e-06
-3.163181384381221e-06
-5.193477682567465e-06
-3.6109710740858194e-06
-0.38740733374867636
-1.4183706126195006e-07
-9.780106755537565e-07
-3.553795510329408e-06
-3.5536304414576e-06
-8.543896751860399e-06
-3.6437797446136114e-06
-9.183480327276358e-07
-2.3335705983111565e-06
-1.5528777965760103e-06
-2.2544932365391384e-06
-3.2282483691218104e-06
-1.7172046331609016e-06
-3.5833061628938186e-06
-4.031089928534232e-06
-3.7930184424331893e-06
-1.2793629664318042e-05
-1.1665045457325257e-07
-0.21237250283708806
-1.9561511277436884e-06
-1.4819901774410236e-08
-9.409539143967007e-07
-8.886572095905753e-07
-1.0604270221855204e-06
-8.13947656829287e-07
-2.7775131888692047e-08
-3.554253304982993e-06
-2.5837207644461787e-06
-1.3594126428882953e-06
-1.508286559638289e-06
-2.0161329166071804e-06
-1.553031146785268e-06
-8.96066433717926e-07
-1.7177489470704582e-06
-1.9268606892090775e-06
-2.6878307952553312e-06
-0.4073879032759189
5.02007609698643e-07
1.844165604655321e-07
7.08126210099746e-07
8.273624612034522e-07
-8.14417562456582e-06
3.823326890499501e-07
1.0046472018675986e-06
-1.1969706039703045e-06
8.853791406619315e-07
5.290768081239398e-07
-1.2976548089413755e-06
5.001315894653419e-07
5.886940934674214e-07
6.944695787253835e-07
4.280568002250138e-07
-6.749183872886764e-07
1.2131673487865148e-06
-0.22956056935221605
1.8366396380724603e-07
7.412677880356598e-07
6.901409426159153e-07
7.710197849019355e-07
1.836543087597795e-07
1.171428714036325e-06
8.596949152505856e-07
1.0975453483764615e-06
1.8110481754087259e-06
1.8407033186486716e-06
4.032549483201545e-08
1.2910846423048944e-06
1.4238093228787289e-06
3.185000285714065e-07
1.2309336971869564e-06
1.89933901406354e-06
9.786831038908913e-07
-0.02853145292845476
-0.77905409451356
-1.061996659309938
-1.2637015946193748
-0.8332159414386138
-1.2289800113072356
-0.9294295807315303
-0.5970016898593384
-1.0236088985863434
-0.7265644410053855
-0.7286672779830576
-0.5996305527311219
-0.9234759260530709
-0.7802383792068857
-1.318180806477216
-0.3914637064839329
-0.07073299810561612
-0.17726377491814244
-0.3911461826959859
-0.11838028600273454
-0.019213723525789213
-0.015095289932975924
-0.019999388714673223
-0.013863665382577215
-0.01677630101974969
-0.006408151106076038
-0.009587694390765128
-0.013143153961349801
-0.01819864364008161
-0.016745690784965465
-0.008978647885949372
-0.013567051827414472
-0.0019036194803834206
-0.001922097580775216
-0.004944988187587372
-0.004580562000683139
-0.6403382803718802
-2.8443175523305792e-05
9.834766387939453e-07
9.5367431640625e-07
-9.809388295423127e-06
0.7978691704547316
0.02892346552383529
-2.8086452687147518e-05
7.897615432739258e-07
1.1742115020751953e-05
0.0918861888678304
0.8032164241125344
-2.957643042122931e-05
1.6093254089355469e-06
1.0132789611816406e-06
0.6421039510788091
0.6103597507161993
-7.528481091867233e-07
1.0132789611816406e-06
1.2993812561035156e-05
0.14357240619646028
0.2126663283183099
-1.353649432189704e-05
1.475214958190918e-06
1.0728836059570312e-05
0.5802196940253666
0.7220961447627161
-6.738188240262496e-06
5.066394805908203e-07
1.043081283569336e-07
0.4356090339732077
0.13087592862744302
-8.750846539839813e-06
1.2516975402832031e-06
1.245737075805664e-05
0.6156866817407973
0.37023312136690123
-2.4031695389225566e-05
5.662441253662109e-06
1.2099742889404297e-05
0.45410302389644386
0.4415507281980524
-2.2421132584326548e-05
3.847986562277583e-06
4.360751518106554e-06
0.6297650678467903
0.7908149584204551
-1.180709345049953e-05
3.814697265625e-06
-1.9073486328125e-06
0.2836304312765243
0.71034687331192
-1.2701720123686462e-05
-1.7881393432617188e-06
-1.430511474609375e-06
0.8136954426795882
0.20548956909365046
-2.1645920384116245e-05
5.602836608886719e-06
5.990266799926758e-06
0.43363695365588484
0.24848140026194443
-9.809525714387976e-06
1.5050172805786133e-06
-4.470348358154297e-07
0.6128879441693869
0.5907501141468217
-1.0196849942189876e-05
1.0579824447631836e-06
9.5367431640625e-06
0.21956681864583416
0.2826031781960481
-2.188512391398894e-05
1.296401023864746e-06
-6.407499313354492e-07
0.28156375833811964
0.513285925308395
-4.1370205856593245e-06
-6.854534149169922e-07
-1.6093254089355469e-06
0.07613812677348264
0.7062188926725241
-2.6237612630097686e-05
4.947185516357422e-06
5.0961971282958984e-06
0.43878444329597244
0.6767654861639443
-0.00015958450354958131
2.767069169254683
0.2528645211514231
0.6014238191656602
0.1853069537319243
3.1838555472066573e-06
4.7497451305389404e-08
-3.337860107421875e-06
1.043081283569336e-05
1.354839085365711e-08
-1.9042337839816968e-07
1.4901161193847656e-06
2.9802322387695312e-06
8.70319061263608e-07
2.8014183044433594e-06
-6.794929504394531e-06
-3.330857367677832e-08
2.86102294921875e-06
9.5367431640625e-07
-4.6046562118731124e-08
9.08970832824707e-07
5.364418029785156e-06
7.319719543375678e-06
3.6954879760742188e-06
-2.175569534301758e-06
-4.266259168155865e-07
2.0265579223632812e-06
8.940696716308594e-07
-6.875222879841074e-08
2.384185791015625e-06
5.0067901611328125e-06
1.1831161828013137e-08
2.1457672119140625e-06
-4.045281869480277e-07
-1.2614750772852117e-06
-1.3765472601789952e-06
1.0132789611816406e-06
-5.323327201261446e-08
1.430511474609375e-06
2.682209014892578e-06
1.840859638058245e-07
4.0978193283081055e-08
1.4901161193847656e-07
-1.4433948365414763e-06
8.58306884765625e-06
8.344650268554688e-07
1.6806329234954568e-06
2.980232238769531e-07
4.284083843231201e-08
-1.9587985278223116e-07
1.0609626770019531e-05
3.5390257835388184e-08
-5.725159653021606e-07
8.940696716308594e-07
4.842877388000488e-08
7.080586073016904e-06
8.344650268554688e-07
2.384185791015625e-07
-0.0001509509751045357
2.5306256373733045
1.6858867783885216
-1.5133543129750516e-07
3.2782554626464844e-07
3.2186508178710938e-06
1.430511474609375e-06
7.812654834182808e-07
6.785913754470392e-06
9.5367431640625e-07
5.699694156646729e-07
-6.027801973116148e-07
1.4528632164001465e-07
2.7567148208618164e-07
6.324003054558865e-07
3.814697265625e-06
4.559755325317383e-06
7.202435597264695e-06
2.0721927285194397e-08
1.1444091796875e-05
-2.434300299111626e-07
6.854534149169922e-07
2.2649765014648438e-06
4.523755848140534e-06
2.86102294921875e-06
7.525086402893066e-07
9.702795210842434e-06
8.046627044677734e-06
8.404254913330078e-06
-8.43944945926861e-07
1.7285346984863281e-06
2.86102294921875e-06
-1.883770153195597e-07
2.205371856689453e-06
3.6656856536865234e-06
-9.072368385428288e-07
1.1086463928222656e-05
4.678964614868164e-06
9.767969437746326e-06
1.430511474609375e-06
2.980232238769531e-07
-1.2355140199802985e-07
4.172325134277344e-07
7.68899917602539e-06
2.546245852386245e-06
2.0265579223632812e-06
1.8477439880371094e-06
-9.072380606763342e-07
3.2782554626464844e-07
5.4836273193359375e-06
-6.773931193745545e-08
8.404254913330078e-06
9.760260581970215e-07
3.0226933311895413e-06
2.7418136596679688e-06
2.205371856689453e-06
-6.382948951610956e-05
3.4962825493712804
0.437134901934769
1.09994478236801e-06
1.7285346984863281e-06
7.748603820800781e-07
1.9818544387817383e-06
3.3867922724084565e-06
6.390606870355104e-07
7.271766662597656e-06
3.2186508178710938e-06
4.0422965668088935e-06
2.9802322387695312e-06
1.7881393432617188e-06
1.5748214110546317e-06
1.0251998901367188e-05
2.9802322387695312e-06
1.3371755400727547e-06
2.6226043701171875e-06
2.0265579223632812e-06
3.745114284470778e-06
2.6226043701171875e-06
3.2186508178710938e-06
2.614342704987674e-06
1.0132789611816406e-05
2.2649765014648438e-06
9.361106307894166e-07
2.3245811462402344e-06
5.960464477539062e-07
1.6645219389491572e-06
1.7881393432617188e-06
1.9669532775878906e-06
1.1292217614313657e-06
1.4603137969970703e-06
2.4437904357910156e-06
4.3061940679938876e-07
2.9802322387695312e-06
2.1457672119140625e-06
8.619997053928153e-07
8.940696716308594e-07
2.8014183044433594e-06
2.4957577196007924e-06
7.152557373046875e-06
1.6093254089355469e-06
1.7539641135047169e-06
2.384185791015625e-06
3.4570693969726562e-06
2.912100569574539e-06
1.0728836059570312e-05
3.6954879760742188e-06
2.1988125737952676e-06
2.7418136596679688e-06
2.2649765014648438e-06
4.40010120428308e-06
2.6226043701171875e-06
3.4570693969726562e-06
-0.00013972888675795048
3.2289181282976647
2.8399829822592437
3.8104093960102895e-06
-1.3709068298339844e-06
1.0011717677116394e-08
2.86102294921875e-06
-4.175233407011092e-06
-2.4455456610892795e-06
-4.5299530029296875e-06
-1.0371208190917969e-05
4.108407594572174e-06
-5.602836608886719e-06
4.0531158447265625e-06
-1.2825461581654829e-06
-7.301568984985352e-07
-1.3113021850585938e-05
-6.203401241577471e-06
-3.993511199951172e-06
-4.470348358154297e-06
1.964608010496368e-06
-2.8014183044433594e-06
2.6226043701171875e-06
-3.6385698081173407e-06
-5.245208740234375e-06
-5.781650543212891e-06
-5.308829415184288e-06
-1.3947486877441406e-05
-4.887580871582031e-06
5.060598731177499e-07
-1.8756144513076833e-06
6.774625944672152e-07
3.810113270219992e-06
1.6689300537109375e-06
4.023313522338867e-06
3.333488038493268e-06
7.927417755126953e-06
8.881092071533203e-06
2.20300591280453e-06
3.3080577850341797e-06
7.569789886474609e-06
3.348746488996324e-07
1.1801719665527344e-05
4.082918167114258e-06
2.3816907770428238e-06
8.64267349243164e-06
6.973743438720703e-06
6.69735342739936e-07
1.1682510375976562e-05
5.9604644775390625e-06
2.143008899224938e-06
4.231929779052734e-06
1.2874603271484375e-05
4.0484963648173735e-06
2.4586915969848633e-06
7.033348083496094e-06
-0.00021492732972916428
3.0048581857408534
3.1290797877009027
3.4239002744132913e-07
8.225440979003906e-06
6.020069122314453e-06
-1.2040138244628906e-05
2.381716818433688e-06
1.1909902042363454e-06
6.658956408500671e-08
4.231929779052734e-06
2.97725605236157e-06
1.3113021850585938e-05
4.947185516357422e-06
3.6323265391052372e-06
6.258487701416016e-06
3.248453140258789e-06
2.5006895256755605e-06
4.26173210144043e-06
4.589557647705078e-06
4.3163175966758656e-07
1.1324882507324219e-05
1.3113021850585938e-05
1.3099480078439816e-06
1.3947486877441406e-05
5.0961971282958984e-06
2.8584012028433364e-06
1.2516975402832031e-05
8.58306884765625e-06
5.024928952934715e-07
3.725290298461914e-06
1.2115464187445468e-06
2.7707623431185013e-06
-6.966183633494438e-06
-5.289912223815918e-07
9.533780653825727e-07
9.5367431640625e-07
-5.125999450683594e-06
6.84640575343676e-07
-1.5795230865478516e-06
1.6093254089355469e-06
8.639950559441769e-07
-7.450580596923828e-07
-3.2186508178710938e-06
7.143751297179744e-07
-3.2186508178710938e-06
2.86102294921875e-06
5.958672531392252e-06
-6.854534149169922e-07
-4.470348358154297e-06
1.4419964074364118e-05
2.0265579223632812e-06
-4.544854164123535e-07
3.4529380457122415e-06
-1.3113021850585938e-06
3.039836883544922e-06
-0.00011061789001232114
2.6768337995745246
0.15173521877841267
2.457913341746876e-07
1.4156103134155273e-07
-2.4959444999694824e-07
1.1324882507324219e-05
-4.294438497254305e-06
-3.4593053186424246e-06
-3.2782554626464844e-06
-1.0281801223754883e-06
1.5045213253018026e-06
3.814697265625e-06
-3.7550926208496094e-06
-3.4593078339637088e-06
-6.258487701416016e-07
-1.1920928955078125e-06
-6.083613911300275e-06
-4.5299530029296875e-06
-1.0728836059570312e-06
5.094534884619956e-06
1.7285346984863281e-06
-6.556510925292969e-07
-4.175194433741693e-06
-9.834766387939453e-07
-4.112720489501953e-06
-1.4165080521876691e-06
-3.993511199951172e-06
-7.599592208862305e-07
-4.1152416088148145e-06
-5.8289327142801994e-06
1.844076109591697e-07
2.797861853310216e-06
1.214444637298584e-06
1.3172626495361328e-05
1.5180264654192331e-06
1.52587890625e-05
1.2993812561035156e-05
1.3095983959489716e-06
1.3828277587890625e-05
2.205371856689453e-06
1.0713297236010223e-06
2.3692846298217773e-06
1.087784767150879e-06
2.4406442094010482e-06
1.3470649719238281e-05
3.933906555175781e-06
3.2144608752563087e-06
7.450580596923828e-06
5.0961971282958984e-06
8.630752823537381e-07
1.0788440704345703e-05
8.13603401184082e-06
2.6189577511106915e-06
8.165836334228516e-06
2.3245811462402344e-06
-8.05915939707802e-05
0.5328043239642282
1.478644444985548
3.810686990846536e-06
1.2218952178955078e-06
-5.9604644775390625e-06
-2.0265579223632812e-06
2.0839895453761415e-07
1.2801646498418758e-06
2.9802322387695312e-06
3.5762786865234375e-06
1.905392451817706e-06
1.5795230865478516e-06
-5.7220458984375e-06
1.220645199140492e-06
8.568167686462402e-08
1.8477439880371094e-06
3.036649765420351e-06
4.3213367462158203e-07
2.7418136596679688e-06
2.7541087987973023e-07
3.4570693969726562e-06
-1.4007091522216797e-06
3.691669078876226e-06
3.0994415283203125e-06
1.1622905731201172e-06
1.786319913321848e-06
1.5497207641601562e-06
9.5367431640625e-07
-2.2351111965690507e-06
1.54971309029861e-06
4.443336365511641e-08
1.339478423290197e-06
6.263435423647934e-07
1.2218952178955078e-06
2.6191100914733367e-06
4.172325134277344e-06
2.4437904357910156e-06
1.5779345545753862e-06
7.450580596923828e-07
-2.2351741790771484e-06
4.048797094924785e-06
1.6987323760986328e-06
3.933906555175781e-06
1.637374950292045e-06
2.682209014892578e-06
-2.123415470123291e-07
1.726671740698486e-06
1.7136335372924805e-07
1.1324882507324219e-06
1.488260732429738e-07
2.086162567138672e-06
2.6226043701171875e-06
6.54970264690817e-07
1.8477439880371094e-06
-5.602836608886719e-06
-0.00013790310779171477
2.0399599316879415
1.2299116874783067
3.5720091347006552e-06
3.725290298461914e-07
2.8014183044433594e-06
2.5033950805664062e-06
3.095127169672196e-06
8.333801666538613e-07
4.0531158447265625e-06
6.705522537231445e-07
2.9175830675857236e-06
2.7418136596679688e-06
1.4007091522216797e-06
2.9764271687330146e-06
1.4055727888262481e-06
1.8808409549819771e-06
9.22766908218001e-07
1.239776611328125e-05
1.1324882507324219e-05
1.2503036792567732e-06
4.887580871582031e-06
-6.258487701416016e-06
5.804147775734844e-07
1.1920928955078125e-05
4.6193599700927734e-06
1.7266105061255901e-06
1.2993812561035156e-05
7.987022399902344e-06
8.138452813000185e-06
1.1205673217773438e-05
-3.140972012261045e-06
2.6790296416837664e-06
7.600126394891049e-07
9.238719940185547e-07
2.0838291270310065e-07
3.933906555175781e-06
1.4901161193847656e-06
4.048822034974784e-06
3.039836883544922e-06
2.1457672119140625e-06
9.674784751113152e-08
1.9073486328125e-06
3.8743019104003906e-07
2.0239197269237784e-06
9.352249037419824e-07
-3.5676802099260385e-06
8.33455253257482e-07
1.1920928955078125e-05
3.159046173095703e-06
3.2143616408579426e-06
1.2159347534179688e-05
1.4435499906539917e-07
2.6195331841453057e-06
8.881092071533203e-06
-1.555308699607849e-07
-8.46913448135922e-05
1.452652371823205
0.7558354499633424
3.0960474788348024e-06
6.616115570068359e-06
2.562999725341797e-06
8.344650268554688e-07
3.2748243761204776e-07
1.6374036597713233e-06
2.8312206268310547e-07
4.887580871582031e-06
3.09628007499923e-06
9.417533874511719e-06
8.642673492431641e-07
-5.776247235189658e-06
3.635883331298828e-06
1.4176285958455992e-06
5.65649335371256e-07
1.806491866318538e-06
2.4437904357910156e-06
-5.778271694455937e-08
-3.039836883544922e-06
2.5033950805664062e-06
1.488551003348202e-06
1.4901161193847656e-06
3.4570693969726562e-06
4.049152693142078e-06
9.238719940185547e-07
3.073364496231079e-08
1.726582020467228e-06
-1.3210260945584196e-05
1.9064688103753724e-06
3.810311511643272e-06
1.1995434761047363e-06
1.7285346984863281e-06
3.3339770055824098e-06
1.862645149230957e-06
4.798173904418945e-06
1.3397075715461313e-07
1.1563301086425781e-05
6.556510925292969e-07
1.1906576489197937e-06
1.1682510375976562e-05
1.1682510375976562e-05
4.450763981367345e-06
4.887580871582031e-06
4.3345559674889955e-07
2.798327038533856e-06
-3.923621235912833e-06
1.7285346984863281e-06
2.9770375249430744e-06
1.6093254089355469e-06
2.1457672119140625e-06
-4.4139888473180925e-06
-4.112720489501953e-06
2.7418136596679688e-06
-0.0001273989711378931
1.1787078469351395
0.8118182172183879
1.4882443757359509e-06
-5.602836608886719e-06
2.7418136596679688e-06
8.046627044677734e-06
1.3227859341213843e-05
5.720124871544663e-06
-5.364418029785156e-06
-1.1801719665527344e-05
2.559935140311981e-06
-4.5299530029296875e-06
2.384185791015625e-06
2.115261288793237e-06
-8.344650268554688e-07
-9.834766387939453e-06
1.785805359589059e-06
-5.8710575103759766e-06
-1.1444091796875e-05
-6.710753961413772e-07
-5.4836273193359375e-06
6.705522537231445e-07
2.738584399253808e-06
-3.516674041748047e-06
-2.9653310775756836e-06
2.7379517817398335e-06
-5.8710575103759766e-06
-4.559755325317383e-06
4.4368334761735184e-07
-5.125999450683594e-06
-4.869718054578698e-06
3.33323588108694e-06
2.178715448053481e-06
1.9669532775878906e-06
1.398899975413488e-06
7.152557373046875e-07
8.046627044677734e-07
2.976265216503839e-07
3.2186508178710938e-06
-5.602836608886719e-06
1.8604319107497943e-07
2.9206275939941406e-06
2.5033950805664062e-06
1.4882410575014348e-06
2.9802322387695312e-06
-1.519918441772461e-06
8.929610331166411e-07
1.8477439880371094e-06
4.917383193969727e-07
1.0416245963542336e-06
2.6226043701171875e-06
2.205371856689453e-06
3.0951308644946647e-06
2.6226043701171875e-06
-2.5033950805664062e-06
-0.0001501979479527904
2.6382787575421385
1.996116278503905
-1.5527071042241596e-06
1.4007091522216797e-06
1.4603137970525815e-06
-8.940696716308594e-06
-5.2553010903011455e-06
-2.3587580564309455e-06
3.0994415283203125e-06
-2.9206275939941406e-06
-3.4041702861028416e-06
2.384185791015625e-07
2.384185791015625e-06
-5.852961479035652e-06
1.4901161193847656e-06
-1.0728836059570312e-06
-3.882446947045356e-06
-1.0728836059570312e-06
-6.079673767089844e-06
-1.1197210003643055e-06
2.205371856689453e-06
5.960464477539062e-07
-2.000728542839081e-06
8.344650268554688e-07
-5.841255187988281e-06
-4.5983230378963355e-06
-2.2649765014648438e-06
-4.887580871582031e-06
-2.8065642183602913e-06
2.4437904357910156e-06
5.960464477539062e-07
-9.256917223865043e-07
1.430511474609375e-06
-2.175569534301758e-06
-6.419841094284787e-07
-4.351139068603516e-06
-3.6954879760742188e-06
-2.3291826529712442e-06
2.980232238769531e-07
2.682209014892578e-06
-4.180117180396618e-06
9.238719940185547e-07
-6.258487701416016e-07
-2.6272924635860495e-06
2.7418136596679688e-06
2.3245811462402344e-06
-3.822476415393621e-06
2.3245811462402344e-06
-4.649162292480469e-06
-1.1348030479751264e-06
-1.7285346984863281e-06
-5.4836273193359375e-06
-4.00094671704178e-06
1.9669532775878906e-06
2.6822090150036004e-06
-0.00010200863406595317
0.8196096414976636
0.5918915994043346
3.561911377403729e-06
1.1920928955078125e-06
1.1682510375976562e-05
-3.7997961044311523e-07
3.563495603486899e-06
2.44780420821676e-07
3.606081008911133e-06
1.8477439880371094e-06
3.413167437571983e-07
4.470348358154297e-07
1.862645149230957e-06
2.613075125168688e-06
1.0013580322265625e-05
2.86102294921875e-06
1.7212078020635574e-06
3.6954879760742188e-06
3.2186508178710938e-06
3.3236988912226667e-06
2.9802322387695312e-06
1.0013580322265625e-05
3.088308723420353e-06
2.2351741790771484e-06
8.642673492431641e-07
1.425069573457563e-06
1.601874828338623e-07
2.7418136596679688e-06
2.731832090319276e-06
2.5033950805664062e-06
7.987022399902344e-06
2.8509325034067223e-06
8.58306884765625e-06
1.7881393432617188e-06
1.6026031062211956e-06
1.1026859283447266e-06
5.811452865600586e-07
8.015958510299924e-07
2.682209014892578e-06
8.344650268554688e-06
1.7806196694893125e-06
3.129243850708008e-06
9.238719940185547e-07
8.012328400753529e-07
2.086162567138672e-06
9.59634780883789e-06
3.8006189839737038e-06
1.2993812561035156e-05
3.2186508178710938e-06
1.9600375829045186e-06
1.3709068298339844e-06
1.7285346984863281e-06
2.6127823318237067e-06
3.814697265625e-06
2.1606683730801546e-06
-2.1890148829584177e-05
1.2919562149836563
0.30241754114649666
6.430779198041264e-06
2.9802322387695312e-06
3.5762786865234375e-06
2.3245811462402344e-06
-4.122612601520359e-06
-2.9875872087357097e-06
-6.407499313354492e-07
-5.602836608886719e-06
4.3466408516935735e-06
2.86102294921875e-06
1.7881393432617188e-06
-2.9875107721009124e-06
-2.5033950805664062e-06
-2.9802322387695312e-06
-2.927791037165901e-06
-6.4373016357421875e-06
-2.7418136596679688e-06
2.4264225189086147e-06
4.023313522338867e-07
1.2814998626708984e-06
-4.241786065506107e-06
-1.4603137969970703e-06
-2.115964889526367e-06
-2.9275293371710083e-06
-2.86102294921875e-06
-1.1324882507324219e-06
4.108502595912076e-06
1.7881393432617188e-06
1.7881393432617188e-06
-5.257345826237093e-06
-4.410743713378906e-06
-1.519918441772461e-06
-3.7641316446010483e-06
-4.172325134277344e-06
-2.0265579223632812e-06
1.065842894831839e-05
2.5033950805664062e-06
2.1420419216156006e-08
-1.762825064588334e-06
-3.3974647521972656e-06
-5.125999450683594e-06
9.288850606026532e-06
2.7418136596679688e-06
1.5497207641601562e-06
-1.374128492770313e-06
-3.516674041748047e-06
-2.086162567138672e-06
-5.376893499331209e-07
-2.6226043701171875e-06
-8.195638656616211e-07
5.597100628307412e-06
2.4437904357910156e-06
2.4437904357910156e-06
-3.7566367772967624e-05
0.19045788491621354
0.43405415743836784
2.552810567380161e-06
3.6954879760742188e-06
7.748603820800781e-06
-4.410743713378906e-06
2.2570146995803952e-06
4.0073254137243766e-07
3.814697265625e-06
-2.175569534301758e-06
3.206933641308939e-06
2.2351741790771484e-07
8.761882781982422e-06
3.3265516918847838e-06
3.6954879760742188e-06
-3.993511199951172e-06
2.315931105556672e-06
-3.7550926208496094e-06
-3.993511199951172e-06
1.6623421750240318e-06
3.337860107421875e-06
1.862645149230957e-06
2.8506298690447014e-06
2.3096799850463867e-07
-3.6954879760742188e-06
8.907489235100212e-07
-4.470348358154297e-06
-1.6987323760986328e-06
9.499654396450344e-07
9.12696123123169e-08
1.6540288925170898e-06
3.563373148552165e-06
3.0994415283203125e-06
-5.841255187988281e-06
3.4445885077618828e-06
-5.4836273193359375e-06
-4.917383193969727e-07
1.7223805990341497e-06
2.4437904357910156e-06
1.7434358596801758e-06
3.562942289647971e-06
1.8477439880371094e-06
-3.948807716369629e-07
6.088223587497308e-07
1.9669532775878906e-06
1.1563301086425781e-05
3.207134930960592e-06
3.039836883544922e-06
-5.125999450683594e-06
2.137004376123894e-06
-1.5497207641601562e-06
-2.3245811462402344e-06
1.2622308909194218e-07
3.6954879760742188e-06
2.0712614059448242e-06
-2.8463758358299174e-05
0.6296209492793408
0.5933862788006081
8.310182959548338e-07
1.1801719665527344e-05
7.987022399902344e-06
-3.159046173095703e-06
3.6819810418364796e-06
4.302498348707651e-07
9.164214134216309e-07
1.3828277587890625e-05
4.3046346931421104e-07
9.834766387939453e-07
6.318092346191406e-06
2.2567748025894227e-06
9.834766387939453e-06
1.4901161193847656e-06
2.3748563080518903e-06
5.066394805908203e-06
1.2874603271484375e-05
1.722319273867003e-06
4.798173904418945e-06
6.4373016357421875e-06
3.4433844433582144e-06
5.4836273193359375e-06
2.4437904357910156e-06
3.086958034970378e-06
4.731118679046631e-07
1.2993812561035156e-05
7.417983418634096e-07
9.98377799987793e-07
1.4185905456542969e-05
2.9674213770649557e-06
1.8328428268432617e-06
1.475214958190918e-06
2.55408273019973e-06
8.702278137207031e-06
4.947185516357422e-06
1.1505336505735725e-07
8.404254913330078e-06
3.390014171600342e-07
4.3032808250136044e-07
1.3113021850585938e-05
4.544854164123535e-07
3.206168209146893e-06
3.6954879760742188e-06
2.3543834686279297e-06
2.4932736373275526e-06
1.1086463928222656e-05
9.119510650634766e-06
1.7218551029430216e-06
8.940696716308594e-06
7.450580596923828e-06
1.4248669319983083e-06
4.023313522338867e-06
1.2516975402832031e-05
-1.8262124932277857e-06
0.14442735411284957
0.7197229872163007
4.303817275897189e-07
1.245737075805664e-05
-3.3155083656311035e-07
4.738569259643555e-06
2.848682889577958e-06
3.5622909351219673e-06
2.9802322387695312e-06
-4.172325134277344e-06
3.3262409289137858e-06
1.2159347534179688e-05
-3.0994415283203125e-06
1.3062405646025372e-06
5.960464477539062e-07
-2.5033950805664062e-06
6.528706482100947e-07
-5.245208740234375e-06
-2.905726432800293e-07
1.7073072355878655e-07
7.510185241699219e-06
-5.304813385009766e-06
2.6106502808432856e-06
3.2186508178710938e-06
-3.6954879760742188e-06
7.418743646070818e-07
-3.159046173095703e-06
-1.1622905731201172e-06
1.5440345428886188e-06
5.602836608886719e-06
-1.7583370208740234e-06
1.780750835678282e-06
1.1622905731201172e-06
-1.8775463104248047e-06
1.423159442737256e-06
-3.159046173095703e-06
-4.887580871582031e-06
2.1968219048319754e-06
6.3478946685791016e-06
-1.817941665649414e-06
6.381723869353336e-07
1.1324882507324219e-06
-3.337860107421875e-06
3.444801308205716e-06
1.0728836059570312e-05
-1.996755599975586e-06
2.0178719601916227e-06
8.046627044677734e-07
-4.0978193283081055e-07
3.710115534794277e-07
-2.2649765014648438e-06
-3.635883331298828e-06
8.0121563517116e-07
6.891787052154541e-07
-4.112720489501953e-06
-2.7266009006154945e-07
1.0292942197756938
0.6180088200003411
-3.339799661716813e-05
-1.7285346984863281e-06
-1.1457717485896429e-05
0.6793359771039147
4.818195768748854
-8.175705850987855e-06
5.650948248594684
1.4632608139281316
-2.7672245732190847e-05
3.4714904197392817
0.6920841560865183
-1.0682026077901606e-05
3.4819797940689314
5.539875329384886
-9.189822447908039e-06
4.863131729311787
3.3165826445700866
-2.489920929882308e-06
4.819043365956555
2.9437387273401976
-7.160872822708994e-06
4.249850513179689
2.87953832671505
-1.1636997749420138e-05
2.8200459889383023
4.12420328057318
-1.3239894677496918e-05
1.9181682191287868
5.021525329733027
-5.161863259495176e-06
1.8393469479933722
1.9473905952844373
-1.0294077512629143e-06
4.11917326103814
0.8628831414250846
-2.051565373939461e-05
4.134357663403252
4.291649832504163
-1.300925915437279e-05
5.06047835571572
2.703239889082303
-1.968076824532255e-05
4.048296126708008
1.2158946861998658
-4.774277495123117e-06
1.1299747079207205
0.5283622462139284
-8.593643963550301e-06
2.3199803079348458
5.041977828905816
-2.76720455367751e-05
5.705927155338516
0.4928911425047118
0.6601267570927118
0.8237381597389484
1.711655889423355
-0.00869255890520293
0.34241270027848714
-0.03695283740437105
-0.028346948381830828
-0.004389121716435795
-0.016548362931480654
-0.022665477438735593
-0.0036360051315167397
-0.022471423355412412
-0.016497213988486692
-0.02672634399915097
-0.012759417548117824
-0.012909505055180404
-0.018805384493305155
-0.016299222300219185
-0.00928675943639945
-0.0021436170580031444
-0.011803403678410263
0.3012106908201332
0.38732647625147365
1.384972458708944
-0.21371380841584922
-0.10761218353978923
-0.22017490528179545
-0.3597890381804466
-0.23947722844823013
-0.00994528721759211
-0.0742688316706466
-0.385002011152599
-0.4099068313087529
-0.023892100536208945
-0.006271588986136391
-0.24003381661256198
-0.03457392140673744
-0.2568356653640516
-0.3366198786444007
-0.34467228721707965
-0.11550260159141691
-0.7481385429383058
-0.04053686714414451
-6.984919309657048e-07
-4.500150680585683e-06
-5.483627319368405e-06
-2.764165401477162e-06
-8.195638656705771e-06
-5.975365638768975e-06
-6.973743438815181e-06
-5.117750594935213e-06
-6.139722068325663e-08
-1.4044344425418885e-06
-5.617737770156195e-06
-2.22027301791761e-06
-7.778406143257369e-06
-8.434057235847666e-06
-5.871057510461488e-06
-1.7136335373109206e-06
-0.025751264130698805
-0.358920678333675
-2.220273017919267e-06
-2.503395080626877e-06
-3.039836883594933e-06
-1.758337020918248e-06
-1.8477439881108195e-06
-2.6673078537374255e-06
-3.688037395692152e-07
-8.791685104592388e-07
-5.970794828396871e-07
-2.3245811462711303e-06
-1.0989606380898355e-07
-1.8626451492580047e-06
-1.892447471659169e-06
-2.682209014936519e-06
-6.705522537380751e-07
-1.1324882507652247e-06
-0.20520635114521824
-0.25542315473459715
-5.662441254399178e-07
-2.9802322390544334e-07
-1.3411045075708993e-07
-6.705522537582378e-07
-7.003545761958107e-07
-5.215406418244543e-07
-1.6689300538199915e-06
-1.164153218448836e-08
-1.9371509554896643e-07
-1.1175870895855308e-08
-5.662441254414882e-07
-6.258487701991175e-07
-3.5762786869224636e-07
-2.9802322390915377e-07
-1.4305114746861232e-06
-3.874301911250737e-07
-0.00656477916028967
-0.21187382422220138
1.5646219253218774e-06
2.2202730178445338e-06
8.083879947500867e-07
1.7657876014420317e-06
1.86264514921087e-06
2.7418136596127464e-06
3.2186508178096585e-06
1.1480079613461348e-06
6.631016731107631e-07
1.7732381820231838e-06
4.0233135222813545e-06
1.6316771506871653e-06
4.112720489433707e-06
4.0531158446258e-06
3.054738044659207e-06
3.48687171925703e-06
-0.14183987819593316
-0.17208264093322082
4.261732101399181e-06
1.1697411537042434e-06
2.935528755159669e-06
5.155801773019854e-06
2.067536115622223e-07
5.662441253606387e-06
3.769993781990096e-06
9.176387449844888e-07
2.5121295565761553e-07
3.3825635909434358e-06
6.04987144461279e-06
3.218650817817121e-06
1.8700957298083375e-06
9.611248969865337e-07
3.0174851416970535e-07
3.933906555131427e-06
-0.3311776470918582
-0.2237271328507058
-1.3709068298599089e-06
-6.183981895524242e-07
-2.5480985641955868e-06
-4.544854164194109e-06
-6.020069122371089e-06
-3.5017728806203237e-06
-1.6465783119381653e-06
-4.647236880671268e-06
-1.1802336512794859e-06
-4.693865776121001e-06
-4.768371582082875e-06
-2.212822437321066e-06
-5.066394805947826e-06
-1.862645149258095e-06
-7.063150405947229e-06
-3.501772880618823e-06
-0.17067917311623335
-0.11011452035065529
3.4272670745461008e-06
3.1292438506454534e-07
1.0952353477339158e-06
8.475035428893378e-08
2.9802322387154935e-06
4.023313522292456e-06
2.3245811461940537e-06
-2.3559781349877398e-08
4.8983970567817164e-06
1.162290573088523e-06
2.309679984967147e-07
1.1026859283101973e-06
1.0207295417567313e-06
9.983777999616364e-07
1.095235347709702e-06
1.0877847671132766e-06
-0.06812549060996875
-0.0881733567379244
4.783272743151059e-06
6.586313247645664e-06
-2.2028572435290262e-07
-3.963708877643096e-06
-3.2633543014974795e-06
-3.844499588089137e-06
-9.126961231391709e-07
-2.2009228511406066e-06
-6.121322461439743e-06
-7.376074791155638e-07
4.246830940217732e-06
1.4677643775729433e-06
-2.5105207037840897e-06
-3.203749656743512e-06
-1.0728836059776076e-06
-1.214444637318651e-06
-0.21093238906502726
-0.15072076825645733
-1.7881393435030413e-07
-1.490116124325247e-08
-1.5508942254977684e-06
1.8045469518279124e-06
-5.960464478615853e-08
-8.940696719886768e-08
-9.53674316501313e-07
1.4881079585905313e-06
-7.4254222629179e-06
1.274049282066487e-06
2.980232232648984e-08
-1.3038516047211239e-08
-3.5299499190677946e-06
4.246760840631316e-07
-2.756714821192714e-07
-2.980232241433073e-08
-0.12364030449339071
-0.09248338404011093
1.1101365089266232e-06
2.145767211878621e-06
2.60770320888613e-06
6.970583893146915e-06
7.078051566999441e-07
3.546476364094879e-06
3.0100345611139915e-06
7.264071896815753e-06
-3.2271187191075944e-07
2.1159648894978205e-06
-1.9837170839636308e-07
-2.6971101761299603e-06
-1.877546310459669e-06
-1.3120171841470673e-08
-3.6358833313810975e-06
-2.8312206268856697e-06
-0.30639565183156536
-0.1957399512879379
6.0200691222590944e-06
5.707144737203082e-06
8.10623168937907e-06
-8.642673493282333e-07
8.40425491327675e-06
8.642673492349816e-06
-2.8312206272208767e-07
1.63540244101281e-06
1.2703443536132962e-05
3.0547380447096e-07
2.332031726823388e-06
8.50856304161346e-06
5.811452865566088e-06
4.902482032731977e-06
4.887580871540458e-06
4.1872262954283925e-06
-0.14006863121234786
-0.2767372610131123
2.0861625667908195e-07
7.301568984576256e-07
1.0430812834773532e-06
-3.144145011930469e-06
5.4016709324403577e-08
5.960464476702501e-07
-1.4975666999928049e-06
6.854534148865588e-07
1.5832483765205608e-08
-3.5613775253639256e-06
3.4272670742561306e-07
9.313225745099487e-08
1.4156103133416685e-07
1.6391277310802726e-07
-6.303191185038531e-06
1.7881393430490635e-07
-0.14002735770491928
-0.23431448897324364
2.3245811462031657e-06
2.5033950805171983e-06
1.370906829813094e-06
1.5497207641258317e-06
5.215406417736466e-07
1.9967555999434677e-06
1.4007091521669902e-06
5.215406417810901e-08
1.624226570093011e-06
4.6193599699894153e-07
1.296401023836114e-06
2.56299972530174e-06
2.0265579223318453e-06
2.5033950805301587e-06
9.983777999508255e-07
1.7583370208545197e-06
-0.13730410389422482
-0.13594753733820134
-2.3376196622947603e-07
-2.361834049238298e-06
-2.9206275940077575e-06
1.9818544387643957e-06
-4.857778549227227e-06
-1.1315569281626915e-07
1.6987323760636508e-06
-2.9876828193889713e-06
-2.8759241104385393e-06
2.0414590835371995e-06
-7.599592208897048e-07
-6.139278411892479e-06
-4.3362379074476955e-06
-4.7832727432499284e-06
6.183981895325779e-07
-1.3634562492436212e-06
-0.12736366694607976
-0.02367292405611466
-1.020729541792622e-06
-1.8477439880745599e-06
-3.650784492565262e-07
-3.958120942181364e-08
-1.0356307029975616e-06
-3.0547380447834145e-07
-2.443790435844589e-06
-1.3560056686620774e-06
-1.6838312149573376e-06
-2.562999725374848e-06
-1.5199184418189586e-06
-1.5497207641875044e-06
-8.791685104544754e-07
-4.395842552260359e-07
-6.705522537335247e-07
-4.2095780373431007e-07
-0.15414819332163665
-0.05187706582127483
3.799796104428067e-05
1.5653669834124e-05
2.0414590835555673e-05
7.976777851577e-07
2.6300549507124596e-06
1.4133751392353021e-05
1.1369585990901726e-05
3.486871719357068e-05
1.2844800949087933e-05
1.4185905456977598e-05
3.5643577575660134e-05
1.1026859283439392e-05
3.0219554901107285e-05
1.2353062629689361e-05
4.1976571083034736e-05
1.0356307029712834e-05
-0.07581793165251804
-2.8224333089963487
-1.6323238087713046
-1.9091594707512822
-0.025655545407951078
-1.24255579978606
-2.351172526792917
-1.0057174920424226
-1.676945518601979
-0.3014652474780868
-1.9124887626981462
-0.33620100354808113
-0.38412333549148414
-2.742031587627187
-2.733275195904275
-1.2510211569291547
-2.3644090494960253
-2.4287629030993294
-0.8996154582423123
1.1361827112921219e-05
3.814698175120187e-06
2.8014183044433594e-06
0.4892240556606815
0.5217472440988935
2.9116798725203665
-5.451320291172124e-06
2.026557382351203e-06
-2.9802322387695312e-06
1.5312001135492324
0.6198503282938042
6.924506781302853e-06
2.7418143488951488e-06
2.812594175338745e-07
0.7178464823696764
1.365970961043537
-5.206500908627731e-06
3.3378593613525564e-06
-3.7550926208496094e-06
0.8215543365645068
0.6211007146335525
-5.3318342168040544e-06
-2.9206275939937493e-06
-3.7550926208496094e-06
0.7760795074266156
0.009769758072538437
2.3523321424079313e-06
1.7881397518241992e-06
8.717179298400879e-07
1.0507296750888528
0.004573936713188925
-9.546980734853605e-07
1.3709064816683018e-06
-2.205371856689453e-06
1.176532852790693
1.597075472972378
-5.6902643521539176e-06
-4.470348358153698e-06
-3.159046173095703e-06
1.354872997045213
1.2137014064467024
9.114522597997166e-06
-5.699795693196457e-07
-1.765242885198859e-08
0.8982444174637614
0.507238816729938
-5.083340695932748e-06
-4.649163081182395e-06
-4.291534423828125e-06
0.2644278067548953
0.36989608433999877
-4.114829692980493e-06
-4.41074371337815e-06
-4.842877388000488e-07
0.8017403213244627
1.1317688550773823
1.0119906910688314e-05
-2.5629992421724642e-06
-2.5033950805664062e-06
0.18113931259710725
0.38117173432766904
-5.209082075907645e-06
-5.126000331755728e-06
-2.9206275939941406e-06
0.26694404673869165
0.08747239376959515
1.2072789537853623e-05
-4.4107429033592905e-06
-4.5299530029296875e-06
0.7668525888310356
0.25023924358611715
-1.3640600418085569e-06
-4.4703491841594246e-07
-3.159046173095703e-06
1.5690650385655829
1.5713492717307815
-1.0917670980603589e-06
-7.003545761107326e-07
-4.76837158203125e-06
0.5677252642617603
1.5947545871262463
1.656821790874119e-06
-4.112719786063919e-06
-3.4570693969726562e-06
1.4786748295083711
1.0160954228599124
-0.0001221835862420933
0.042173417199137475
0.8153552434705489
0.2994711818833249
0.6705107406087336
-3.933906555175781e-06
1.1920932010414995e-06
1.6093254089355469e-06
0.4249894880660534
1.8522245075806083
-3.5762786865234375e-07
2.861022174727827e-06
1.2516975402832031e-06
-1.0281801223754883e-06
2.9206283329592944e-06
1.4901161193847656e-06
-3.6954879760742188e-06
2.887099248561407e-08
1.2516975402832031e-06
-2.6226043701171875e-06
7.450580596925318e-07
1.7285346984863281e-06
-4.0531158447265625e-06
1.311302515461201e-06
2.562999725341797e-06
-8.195638656616211e-08
1.192092565105721e-06
1.1026859283447266e-06
-5.125999450683594e-06
3.218650817871856e-06
3.5762786865234375e-06
-2.375795190801e-06
5.960465827571732e-07
-2.2428924637551972e-06
2.8014183044433594e-06
-1.009249757543713e-06
1.2516975402832031e-06
9.5367431640625e-07
7.152557373048413e-07
6.854534149169922e-07
-1.8477439880371094e-06
8.642675481953559e-07
9.47713851928711e-06
5.21540641784668e-07
1.0490416727294038e-05
3.4570693969726562e-06
-1.9669532775878906e-06
3.6954888287265274e-06
1.0132789611816406e-05
1.6689300537109375e-06
1.2993811608908627e-05
2.1606683731079102e-07
3.5762786865234375e-06
9.536743164064607e-07
1.3709068298339844e-06
-3.933906555175781e-06
2.7418143986329586e-06
9.59634780883789e-06
-0.0012494456147749133
1.4690973625693005
0.5671911491554056
1.1920928955078125e-07
3.218651627890904e-06
2.1457672119140625e-06
1.8365022147511283
0.02585554358862263
2.1457672119140625e-06
1.728534208212289e-06
9.834766387939453e-07
1.0132789611816406e-06
1.8477445422609034e-06
3.337860107421875e-06
3.5762786865234375e-06
3.218649951009751e-06
2.0265579223632812e-06
8.940696716308594e-08
1.3411045074466236e-06
3.933906555175781e-06
2.9802322387695312e-06
3.3378609458631147e-06
2.4437904357910156e-06
1.4901161193847656e-06
2.6226036311534127e-06
2.205371856689453e-06
1.9371509552001953e-07
2.205371856689879e-06
4.917383193969727e-07
2.3245811462402344e-06
4.023314552627012e-07
3.501772880554199e-07
1.9669532775878906e-06
9.238717488814813e-07
2.4437904357910156e-06
9.834766387939453e-07
1.8477439880375498e-06
6.407499313354492e-07
1.430511474609375e-06
3.2186516065744478e-06
1.5497207641601562e-06
3.2186508178710938e-06
2.2053712456232624e-06
3.4570693969726562e-06
2.6226043701171875e-06
2.7418144199492483e-06
2.4586915969848633e-07
7.450580596923828e-07
2.9802314784895015e-06
1.4007091522216797e-06
1.6689300537109375e-06
1.7285346984867883e-06
7.748603820800781e-07
1.8477439880371094e-06
1.9073492367742256e-06
3.2186508178710938e-06
-0.0006855640922118766
0.3921247670514276
0.9735580082196975
3.5762786865234375e-06
-1.102685731168949e-06
-5.7220458984375e-06
1.1683792453723783
0.9209261244155478
2.6226043701171875e-06
-8.64267498457e-07
-1.0579824447631836e-06
2.682209014892578e-06
-3.039836329321124e-06
-2.205371856689453e-06
1.6689300537109375e-06
-2.443790876327101e-06
-5.7220458984375e-06
1.2814998626708984e-06
-9.238719940184082e-07
-5.8673322200775146e-08
9.5367431640625e-07
-5.289911308991237e-07
-5.364418029785156e-06
1.430511474609375e-06
-2.3245815228275315e-06
-5.125999450683594e-06
3.4570693969726562e-06
-5.006790161131902e-06
-4.649162292480469e-06
2.4437904357910156e-06
-3.993510532040553e-06
-1.5795230865478516e-06
2.086162567138672e-06
-4.649163109603718e-06
-1.8775463104248047e-06
8.046627044677734e-07
-5.364418029784324e-06
-3.814697265625e-06
1.4528632164001465e-07
-1.5795228058832346e-06
-1.341104507446289e-06
8.046627044677734e-07
-4.887581766865043e-06
-2.7418136596679688e-06
3.933906555175781e-06
-3.576278082561652e-06
-7.636845111846924e-08
1.7881393432617188e-06
-5.126000310439499e-06
-4.291534423828125e-06
1.341104507446289e-06
-5.125999450682625e-06
-3.874301910400391e-06
8.046627044677734e-07
-5.12599861224236e-06
-4.76837158203125e-06
-0.0010071607552646356
1.037818561482709
0.48063700340587845
1.0013580322265625e-05
3.695488800304622e-06
2.562999725341797e-06
0.8966959970375079
0.8495766197955703
3.6954879760742188e-06
9.536740783746117e-07
1.9669532775878906e-06
9.953975677490234e-06
8.046629140780868e-07
7.748603820800781e-07
2.7567148208618164e-07
1.9669528157354563e-06
3.6954879760742188e-06
3.4570693969726562e-06
2.0861625671390242e-06
4.172325134277344e-06
9.59634780883789e-06
2.5630003008818715e-06
4.291534423828125e-06
1.5795230865478516e-06
2.264975961452772e-06
1.043081283569336e-06
4.470348358154297e-07
1.0430812835696195e-06
2.1457672119140625e-06
1.1548399925231934e-07
-2.05651943474156e-07
-1.989655459055939e-06
3.3527612686157227e-07
3.501772072312387e-07
4.917383193969727e-07
3.4570693969726562e-06
4.172325134278273e-06
3.933906555175781e-06
2.562999725341797e-06
2.0265583984274305e-06
3.0994415283203125e-06
2.8014183044433594e-06
2.980231464278719e-06
3.814697265625e-06
2.8014183044433594e-06
5.364419290999611e-07
1.862645149230957e-07
5.21540641784668e-07
2.7567141192015674e-07
1.9669532775878906e-06
2.562999725341797e-06
1.370906829834388e-06
1.7285346984863281e-06
1.7881393432617188e-06
2.980233013261813e-06
2.3245811462402344e-06
-0.001084867477789686
0.16212106221792055
0.7288248204094998
1.5497207641601562e-06
-8.940696154979114e-06
3.129243850708008e-07
1.0161315102942723
0.7710328317844564
5.125999450683594e-06
-5.364418868224916e-06
-5.841255187988281e-06
3.4570693969726562e-06
-1.4185904582574641e-05
1.6093254089355469e-06
6.198883056640625e-06
-2.801418801822879e-06
-8.791685104370117e-07
1.0967254638671875e-05
-4.410743713378371e-06
-5.602836608886719e-06
3.0994415283203125e-06
-6.049871075219552e-06
3.2186508178710938e-06
1.2993812561035156e-05
-4.291535141475716e-06
-4.887580871582031e-06
1.3828277587890625e-05
-4.991888999938325e-07
-6.079673767089844e-06
3.2214629754889756e-06
-4.917382888436022e-06
-2.5434925703393674e-06
1.8477439880371094e-06
5.771640701369268e-06
8.866190910339355e-07
3.948807716369629e-07
1.0609626770020095e-05
7.3909759521484375e-06
2.86102294921875e-06
8.821488037825084e-06
1.2159347534179688e-05
1.5497207641601562e-06
1.1801718848403804e-05
7.987022399902344e-06
1.5497207641601562e-06
8.04662763442888e-06
2.3245811462402344e-06
2.9802322387695312e-06
2.9802320238305125e-06
5.155801773071289e-06
1.4007091522216797e-06
1.475214958191014e-06
6.616115570068359e-06
1.2814998626708984e-06
1.2159348386831709e-05
5.185604095458984e-06
-0.0019672615686019412
0.4220254779502284
0.37543801693755086
6.109476089477539e-07
1.3411048485072204e-06
2.9802322387695312e-06
0.9483251999508084
0.606010979469854
-7.897615432739258e-07
3.9339055746279375e-06
1.7881393432617188e-06
2.9802322387695312e-06
3.337860967179278e-06
8.046627044677734e-07
-5.7220458984375e-06
1.460313427515277e-06
1.9669532775878906e-06
-2.2649765014648438e-06
3.6954879760753e-06
2.1457672119140625e-06
2.384185791015625e-06
3.6954889282025807e-06
3.0994415283203125e-06
-2.3245811462402344e-06
4.172324182151165e-06
3.6954879760742188e-06
-5.0067901611328125e-06
2.980232238770007e-06
1.2814998626708984e-06
-4.76837158203125e-06
-1.6643001465852393e-07
-4.1165890252159443e-07
-3.039836883544922e-06
2.2649759614527144e-06
1.2814998626708984e-06
-4.649162292480469e-06
3.8146972656255785e-06
2.562999725341797e-06
3.814697265625e-06
4.172326114827209e-06
1.8477439880371094e-06
-1.0281801223754883e-06
3.2186499865365986e-06
6.705522537231445e-07
1.816079020500183e-08
2.5630004287795707e-06
1.6689300537109375e-06
-5.7220458984375e-06
3.4570685301110463e-06
1.8477439880371094e-06
-5.245208740234375e-06
1.7285346984866627e-06
5.21540641784668e-07
1.1324882507324219e-06
1.0728838759635751e-06
3.933906555175781e-06
-0.000946890857687066
1.390707341284724
0.5106729950784938
3.8743019104003906e-07
4.73856958649343e-06
1.3828277587890625e-05
0.23836405294299823
0.23892102818269656
3.2186508178710938e-06
6.020068688883819e-06
1.4621764421463013e-07
8.642673492431641e-07
3.6358835835417123e-06
6.258487701416016e-06
9.164214134216309e-07
1.0550021386280434e-05
3.069639205932617e-06
6.139278411865234e-06
1.0192394256592505e-05
5.125999450683594e-06
2.9802322387695312e-06
4.649162626435798e-06
9.894371032714844e-06
1.0728836059570312e-05
4.976987483474103e-06
1.1205673217773438e-05
1.2278556823730469e-05
4.91738319396992e-06
1.2516975402832031e-05
1.4034092998826964e-07
-1.1501947305687166e-07
2.9415740527838352e-06
1.8477439880371094e-06
-3.4049529418186394e-07
1.1563301086425781e-05
2.86102294921875e-06
1.215934753418027e-05
8.225440979003906e-06
9.298324584960938e-06
3.0696394226483252e-06
4.649162292480469e-06
6.891787052154541e-08
8.881091432045175e-06
2.9802322387695312e-06
2.130866050720215e-06
3.3080580195135358e-06
3.5762786865234375e-06
2.86102294921875e-06
3.635883075503617e-06
1.1801719665527344e-05
3.2186508178710938e-06
4.321336746216069e-06
2.2165477275848389e-07
9.775161743164062e-06
3.218651045244922e-06
3.3080577850341797e-06
-0.002380189354482809
1.3099709247762803
1.1872663183676195
4.202127456665039e-06
1.4007094755190022e-06
-2.7567148208618164e-06
0.42970891623248164
0.12856029705155514
-8.009374141693115e-08
1.251697256066287e-06
1.4901161193847656e-06
4.976987838745117e-06
3.87430286963411e-07
-5.632638931274414e-06
-5.245208740234375e-06
-1.4566762352785208e-05
-9.502868579147616e-06
-1.2516975402832031e-06
4.172325134278439e-06
3.337860107421875e-06
-1.9371509552001953e-06
3.725291239931829e-07
2.562999725341797e-06
-1.862645149230957e-07
3.4570685727439908e-06
3.159046173095703e-06
-4.649162292480469e-06
1.4901161193851563e-06
3.814697265625e-06
-2.262691054966126e-06
3.1590469120609217e-06
-5.1514715551093104e-06
-4.0531158447265625e-06
-1.582396180310673e-05
3.203749656677246e-07
-2.8014183044433594e-06
1.4901161193849986e-06
7.152557373046875e-07
1.1563301086425781e-05
3.2186516918395723e-06
-8.404254913330078e-06
-4.76837158203125e-06
8.642671431858999e-07
3.933906555175781e-06
-3.039836883544922e-06
-2.0024610606127743e-05
-2.184696228368921e-06
-3.039836883544922e-06
5.811451320171827e-07
1.8477439880371094e-06
-2.3245811462402344e-06
9.53674316406451e-07
1.2218952178955078e-06
-1.9669532775878906e-06
4.917384295312072e-07
2.5033950805664062e-06
-0.0014700267088443297
1.13995766240987
1.0986234948718758
-1.0132789611816406e-06
-1.639127471974759e-06
2.2649765014648438e-06
0.8977783208828356
0.6303059608941197
1.3470649719238281e-05
-5.722046793720792e-06
3.948807716369629e-07
-4.291534423828125e-06
-2.3245807874158542e-06
7.152557373046875e-07
4.940449116475065e-06
-4.410744494975433e-06
2.6750328174784954e-08
3.4570693969726562e-06
-8.87782407587601e-08
2.3245811462402344e-06
2.8014183044433594e-06
1.1920929793519434e-05
2.5033950805664062e-06
2.86102294921875e-06
1.382827662155323e-05
3.0994415283203125e-06
1.9073486328125e-06
3.3378601074224925e-06
3.5762786865234375e-06
2.8014183044433594e-06
5.028309217892143e-06
-1.1974481139986892e-07
1.3232231140136719e-05
-5.6028375183807226e-06
3.5762786865234375e-06
3.427267074584961e-06
2.6077032089237115e-07
4.172325134277344e-06
-1.8477439880371094e-06
-1.6391274435531701e-06
1.3113021850585938e-06
1.1324882507324219e-05
-1.8775466159579922e-06
2.4437904357910156e-06
-2.1848244387001614e-06
-2.4437900414393975e-06
-4.720959623227827e-09
2.2649765014648438e-06
3.6110605918796385e-06
1.6689300537109375e-06
1.4007091522216797e-06
1.4305114746097481e-06
8.642673492431641e-07
4.470348358154297e-07
6.318092800939173e-06
1.049041748046875e-05
-0.001083817510121321
1.3434576962608844
0.5752170634368667
4.172325134277344e-06
1.3709072170801135e-06
6.891787052154541e-08
0.18856190793264282
0.5828397391257525
6.258487701416016e-06
2.4437898531464746e-06
1.6093254089355469e-06
2.4437904357910156e-06
3.6954888855698315e-06
3.4570693969726562e-06
1.3232231140136719e-05
2.026557403667524e-06
1.5497207641601562e-06
2.86102294921875e-06
2.9802322387702195e-06
3.129243850708008e-07
1.7881393432617188e-07
3.814698246175038e-06
5.662441253662109e-07
2.3245811462402344e-06
7.450578696223619e-07
4.172325134277344e-07
1.0803341865539551e-07
1.2814998626712798e-06
6.109476089477539e-07
-1.5300529412343167e-06
3.933907493093097e-06
1.2466085763662704e-07
9.499490261077881e-08
-8.259030259693512e-07
-1.080334186553955e-06
3.814697265625e-06
-1.52587890624994e-05
-1.4901161193847656e-05
-4.991888999938965e-07
1.1920931477507016e-06
5.424022674560547e-06
4.0531158447265625e-06
2.861022267098143e-06
-1.4185905456542969e-05
-4.649162292480469e-06
3.4570701430432433e-06
6.332993507385254e-08
-2.9206275939941406e-06
1.966952854815224e-06
-1.049041748046875e-05
-6.258487701416016e-07
-4.470348358153985e-06
-3.4570693969726562e-06
3.337860107421875e-06
3.65078536290842e-07
1.4185905456542969e-05
-0.00033533233283833397
0.6508267043245723
0.3206590450600494
5.781650543212891e-06
1.2516978102899562e-06
2.6226043701171875e-06
0.9268357812930361
1.0229815385691268
2.9802322387695312e-06
4.6193588776342744e-07
3.993511199951172e-06
1.0728836059570312e-06
2.086163064518886e-06
1.8477439880371094e-06
1.1622905731201172e-06
3.0994408959378384e-06
1.0013580322265625e-05
2.8014183044433594e-06
8.76188278198294e-06
4.708766937255859e-06
1.3470649719238281e-05
3.933907422038798e-06
2.205371856689453e-06
1.519918441772461e-06
2.443789874462749e-06
8.121132850646973e-07
9.778887033462524e-09
9.238719940186285e-06
1.1801719665527344e-05
1.3589859008789062e-05
2.6822095691165642e-06
3.2186508178710938e-06
4.887580871582031e-06
1.102685647680668e-06
8.225440979003906e-06
1.0073184967041016e-05
6.973743438721126e-06
6.735324859619141e-06
4.172325134277344e-06
4.29153537595603e-06
2.980232238769531e-07
1.0311603546142578e-05
1.7285343147935881e-06
7.033348083496094e-06
3.933906555175781e-06
4.649163273030127e-06
3.2186508178710938e-06
6.377696990966797e-06
2.80141771469341e-06
1.3828277587890625e-05
6.079673767089844e-06
1.251697540283298e-05
5.602836608886719e-06
4.291534423828125e-06
3.099442317023687e-06
3.8743019104003906e-07
-0.00016931684741194886
0.9066428917722078
0.5528419332548424
5.848705768585205e-07
2.8610237876600083e-06
2.7418136596679688e-06
0.8245287551746827
0.3037737154817073
-1.9073486328125e-06
1.2218948768353548e-06
-4.3958425521850586e-07
8.568167686462402e-07
3.218651698944892e-06
1.4156103134155273e-07
-3.0994415283203125e-06
2.503394156861814e-06
-1.2516975402832031e-06
-3.337860107421875e-06
-5.483627319334996e-06
-5.364418029785156e-06
1.3232231140136719e-05
2.741814554952731e-06
3.427267074584961e-07
-3.5762786865234375e-06
1.5497202525699225e-06
-3.3974647521972656e-06
-9.08970832824707e-07
-4.291534423827442e-06
-5.7220458984375e-06
5.543231964111328e-06
1.4901165599215727e-06
3.0994415283203125e-06
-1.6391277313232422e-06
3.2186498941664427e-06
-2.8014183044433594e-06
-1.1771917343139648e-06
-4.35113906860275e-06
-2.086162567138672e-06
1.0728836059570312e-05
1.6093258210506138e-06
1.6689300537109375e-06
-5.7220458984375e-06
2.1457666221642114e-06
-4.76837158203125e-06
1.2040138244628906e-05
2.3841864518210782e-06
1.9073486328125e-06
-2.115964889526367e-06
8.34464785271192e-07
-4.887580871582031e-06
-9.313225746154785e-08
-3.93390655517533e-06
-3.159046173095703e-06
1.2516975402832031e-05
2.8610237521329126e-06
3.337860107421875e-06
-0.0002059448858489077
0.40562203172885347
0.2612029756019183
-6.794929504394531e-06
1.1563301725914808e-05
-5.960464477539062e-07
0.0543214366291771
0.515929248079928
1.6689300537109375e-06
1.5437602151280943e-05
1.4901161193847656e-07
-4.5299530029296875e-06
6.973743818861378e-06
-2.384185791015625e-07
1.9073486328125e-06
8.702277646932908e-06
6.139278411865234e-06
5.662441253662109e-07
2.2351741790773555e-06
3.635883331298828e-06
-4.231929779052734e-06
2.518296380316181e-06
-4.172325134277344e-07
3.4570693969726562e-06
9.834765847927374e-06
1.9073486328125e-06
1.1324882507324219e-06
6.034970283508892e-07
6.020069122314453e-06
-3.516674041748047e-06
1.0490418056008976e-05
-3.2782554626464844e-07
2.0265579223632812e-06
6.705522164196791e-07
3.1888484954833984e-06
1.9669532775878906e-06
5.736947059631892e-07
5.304813385009766e-06
-1.7285346984863281e-06
1.8328429316484112e-06
-1.4156103134155273e-07
2.4437904357910156e-06
9.268521750982852e-06
3.874301910400391e-06
-4.708766937255859e-06
1.2338162157733062e-05
-4.172325134277344e-07
3.2186508178710938e-06
9.14931246143207e-06
4.5821070671081543e-07
9.5367431640625e-07
5.6624412536626074e-06
3.2782554626464844e-06
-9.5367431640625e-07
7.033348470742243e-06
-5.960464477539062e-07
-0.0005606099583133073
0.012010200712893493
0.8772124804780628
-9.760260581970215e-06
-1.9371489656797718e-07
1.3709068298339844e-06
0.540262376693029
0.6337440644119781
-5.334615707397461e-06
-2.9802428080806224e-08
3.5762786865234375e-06
-2.3305416107177734e-05
-6.556503961967597e-07
6.556510925292969e-07
-6.467103958129883e-06
-5.364425845746303e-07
8.64267349243164e-06
-1.341104507446289e-05
1.037120819091861e-05
2.9802322387695312e-06
-1.7136335372924805e-05
-1.043079649319666e-07
8.046627044677734e-07
-5.155801773071289e-06
-5.960473146150456e-07
5.5730342864990234e-06
-1.4454126358032227e-06
5.811452865600916e-06
6.973743438720703e-06
-2.7939677238464355e-06
-3.5762713679264517e-07
6.556510925292969e-07
-9.98377799987793e-07
-5.960519899813729e-08
6.318092346191406e-06
-1.2516975402832031e-05
3.904104232788331e-06
4.5299530029296875e-06
-7.3015689849853516e-06
-5.960404081344531e-08
8.046627044677734e-07
-1.0073184967041016e-05
-8.195648781838554e-08
8.940696716308594e-06
-1.0579824447631836e-05
-2.384177051330708e-07
1.3709068298339844e-06
-1.0132789611816406e-05
-5.960527005228001e-08
6.198883056640625e-06
-1.519918441772461e-06
1.6212463378906917e-05
1.080334186553955e-06
-1.5236437320709229e-06
-2.3841781882017344e-07
4.76837158203125e-07
-0.0001634815528746003
0.5420344369485974
0.6813679984607006
5.125999450683594e-06
1.7881394015262898e-05
1.1205673217773438e-05
0.16260382063830292
0.5343771625336373
4.738569259643555e-06
3.073364394090669e-07
5.066394805908203e-06
3.6954879760742188e-06
1.615285924572207e-05
3.904104232788086e-06
1.1682510375976562e-05
1.6033648940095274e-05
3.7550926208496094e-06
2.4437904357910156e-06
2.574920654296962e-05
2.6702880859375e-05
2.115964889526367e-06
2.455711443616407e-05
3.1888484954833984e-06
1.1324882507324219e-05
1.6629695352322078e-05
2.0563602447509766e-05
8.702278137207031e-06
2.0861625671387288e-05
1.817941665649414e-05
4.470348358154297e-06
2.9563904760721687e-05
1.049041748046875e-05
1.1399388313293457e-06
8.940696424986314e-06
1.1146068572998047e-05
1.049041748046875e-05
2.5987625122071214e-05
2.4199485778808594e-05
1.2516975402832031e-06
1.3321638537178629e-05
8.106231689453125e-06
1.1563301086425781e-05
1.800060213241812e-05
1.633167266845703e-05
3.993511199951172e-06
5.9157611875805726e-06
4.380941390991211e-06
2.339482307434082e-06
1.7940997494748148e-05
2.6345252990722656e-05
5.602836608886719e-06
4.097819328308221e-06
1.6391277313232422e-05
5.245208740234375e-06
1.3619661778819005e-05
8.344650268554688e-06
-0.00011153799895352458
0.7056196636222012
0.6243669334340094
-8.866190910339355e-07
2.5153160756020367e-05
3.0105002224445343e-07
0.4014877843594107
0.4061503099293091
-3.2186508178710938e-06
7.636844918224166e-06
1.4126300811767578e-05
-1.5497207641601562e-05
3.385543912770656e-05
2.9295682907104492e-05
-1.3709068298339844e-06
2.1070241388088486e-05
4.744529724121094e-05
-2.8312206268310547e-07
4.038214683532763e-06
2.9325485229492188e-05
-9.626150131225586e-06
9.238720181770316e-06
3.4689903259277344e-05
-4.887580871582031e-06
3.191828645299269e-05
1.8030405044555664e-05
-3.6954879760742188e-06
5.6803226470948255e-05
4.8279762268066406e-05
-2.2172927856445312e-05
2.6941300141914383e-05
1.3709068298339844e-06
-5.245208740234375e-06
7.621943755254022e-06
4.3451786041259766e-05
-4.351139068603516e-06
6.392598152160721e-06
4.458427429199219e-05
-1.138448715209961e-05
1.6748905615316285e-05
1.3150274753570557e-06
-5.424022674560547e-06
2.396106658153529e-05
3.468245267868042e-06
-3.129243850708008e-06
3.486871808888829e-05
2.1401792764663696e-06
-5.185604095458984e-06
4.2468308310007135e-06
5.412101745605469e-05
-5.125999450683594e-06
4.953145980835026e-05
5.829334259033203e-05
-1.8715858459472656e-05
2.9653311566236553e-06
2.1029263734817505e-06
-6.357995967955773e-05
0.4885046525596408
0.1972615976753822
4.44934796703933e-05
0.3994001185219531
0.0860231341456199
2.5496086780337404
6.90619682264898
5.457190614777119e-05
3.6765435882726827
7.6804145429861705
3.1055717242267633e-06
1.2173352026664679
7.6376140720462615
1.3963983070297559e-05
9.425987418102139
8.793459126328038
4.460122939065059e-05
3.3461035253277984
8.2388287903795
4.5838288063038135e-06
5.646223032944761
7.398942606713881
1.6777925122113402e-05
4.668948924357309
3.0629095258583607
3.9914103744820295e-05
8.275738412098896
2.108063603706796
4.682255515575662e-05
7.111557848719336
8.172733647203913
4.251171265678977e-05
2.236863781054941
10.521195470242851
2.547948464837191e-05
2.3867424004285684
11.133723790839191
6.786073609710286e-06
4.750449125835473
1.0626338845331524
3.955577641789887e-05
6.258388253419021
1.839111049302696
3.464159194521699e-05
3.4512967665457204
4.601497131883214
3.1924130445837307e-06
8.654050980573501
3.6167365104092504
9.254366398536717e-06
9.611634501271666
10.65929108674112
4.6047009170990805e-05
9.547718653276533
10.111364127523963
0.36526848090488784
8.622172837392064
8.30006451998861
8.288885603634697
3.6229460597785055
0.008346174843609333
0.0032728868536651134
0.007300068624317639
0.005616188980638981
0.0001182457635877654
0.005839530378580093
0.0008490101317875087
0.006288130767643452
0.00812720156843482
0.006024855654686689
0.0009521819301880896
0.00047941337106749415
0.0012387994211167097
0.004945647437125444
0.005209081340581179
7.313978858292097e-05
0.008691877126693719
-0.0031164404939180573
0.0
0.0
-1.734723475976807e-18
0.0
0.0
0.0
-3.469446951953614e-18
-3.469446951953614e-18
9.313225746154785e-10
1.86264514576151e-09
0.0
-1.734723475976807e-18
0.0
0.0
-3.469446951953614e-18
0.0
-6.938893903907228e-18
-0.009136760608155624
0.0
0.0
-3.469446951953614e-18
0.0
0.0
0.0
-1.734723475976807e-18
0.0
0.0
1.2960169599833538e-09
0.0
-8.673617379884035e-19
0.0
0.0
0.0
-3.469446951953614e-18
0.0
-0.009467052295849473
-2.168404344971009e-19
0.0
-4.336808689942018e-19
0.0
0.0
0.0
0.0
0.0
0.0
-6.938893903907228e-18
0.0
0.0
0.0
-4.336808689942018e-19
0.0
0.0
0.0
-0.004993189127188703
-3.469446951953614e-18
0.0
-6.938893903907228e-18
0.0
-6.938893903907228e-18
-3.903127820947816e-18
0.0
-4.336808689942018e-19
-1.6899873507558727e-08
-8.673617379884035e-19
0.0
0.0
-6.938893903907228e-18
-3.469446951953614e-18
0.0
-8.673617379884035e-19
-1.734723475976807e-18
-0.010431191882642486
0.0
0.0
0.0
0.0
0.0
0.0
0.0
0.0
1.3038516044183018e-08
2.7706846594810486e-08
0.0
0.0
0.0
0.0
0.0
0.0
-1.734723475976807e-18
-0.009200430474176416
-1.0842021724855044e-19
0.0
-6.938893903907228e-18
-3.469446951953614e-18
-6.938893903907228e-18
-1.734723475976807e-18
0.0
-6.938893903907228e-18
-6.66929534168248e-09
9.498181796629979e-09
0.0
0.0
0.0
0.0
0.0
0.0
-4.336808689942018e-19
-0.00719457911130382
-3.469446951953614e-18
8.673617379884035e-19
-6.938893903907228e-18
0.0
0.0
-1.734723475976807e-18
3.469446951953614e-18
-3.469446951953614e-18
-4.991230362350052e-08
-3.3527612686157227e-08
0.0
0.0
0.0
-1.3877787807814457e-17
0.0
-3.469446951953614e-18
0.0
-0.0015195768794884074
-6.938893903907228e-18
-1.734723475976807e-18
-6.938893903907228e-18
-4.798058839128316e-09
-3.0357660829594124e-18
-3.469446951953614e-18
0.0
-6.938893903907228e-18
-3.469446951953614e-18
1.0698889767180031e-08
0.0
-1.734723475976807e-18
0.0
-1.85725994722441e-08
8.673617379884035e-19
0.0
2.710505431213761e-20
-0.001667332136691093
-6.938893903907228e-18
0.0
-1.734723475976807e-18
9.313225750491594e-10
1.862645149230957e-09
8.673617379884035e-19
4.336808689942018e-19
0.0
-1.3571574974946543e-09
4.077851832465576e-09
0.0
-6.071532165918825e-18
0.0
-1.734723475976807e-18
9.313225754828403e-10
0.0
0.0
-0.008097982965162565
-6.938893903907228e-18
0.0
0.0
0.0
-6.946384623757185e-08
-3.469446951953614e-18
0.0
0.0
-3.469446951953614e-18
0.0
1.734723475976807e-18
0.0
0.0
-6.938893903907228e-18
1.7074991420784613e-09
-1.3877787807814457e-17
-1.734723475976807e-18
-0.004309737588428245
-6.938893903907228e-18
2.168404344971009e-19
-8.673617379884035e-19
4.336808689942018e-19
-1.3010426069826053e-18
-3.2526065174565133e-18
2.168404344971009e-19
-3.469446951953614e-18
-6.938893903907228e-18
1.2259048884528945e-08
2.168404344971009e-19
-6.938893903907228e-18
0.0
-1.734723475976807e-18
8.673617379884035e-19
-1.3877787807814457e-17
-3.469446951953614e-18
-0.008012908511265578
0.0
0.0
0.0
0.0
0.0
0.0
0.0
0.0
-3.469446951953614e-18
0.0
0.0
0.0
0.0
-6.938893903907228e-18
0.0
0.0
0.0
-0.005135037936236486
0.0
0.0
0.0
0.0
0.0
0.0
0.0
0.0
-6.938893903907228e-18
0.0
0.0
0.0
-3.469446951953614e-18
0.0
0.0
-3.469446951953614e-18
0.0
-0.005863601342055984
-1.734723475976807e-18
0.0
-3.903127820947816e-18
0.0
0.0
-6.938893903907228e-18
0.0
-1.734723475976807e-18
0.0
0.0
0.0
0.0
0.0
-6.938893903907228e-18
0.0
-6.938893903907228e-18
-7.806255641895632e-18
-0.003628993407195885
0.0
0.0
0.0
0.0
0.0
0.0
0.0
0.0
0.0
0.0
0.0
0.0
0.0
0.0
0.0
-3.469446951953614e-18
-6.938893903907228e-18
-0.0009607907268222582
0.0
0.0
0.0
0.0
0.0
0.0
0.0
0.0
-3.469446951953614e-18
-1.734723475976807e-18
0.0
0.0
0.0
0.0
0.0
0.0
-3.469446951953614e-18
-0.002825972391281073
-0.004131610039621592
-0.004201082978397608
-0.007654300890862943
-0.005933500360697508
-0.0005434812046587467
-0.0017741877818480134
-0.0013096545590087771
-0.007258081343024969
-0.00466091139242053
-0.00711243087425828
-0.0064111449755728245
-0.0007536064367741346
-0.00596342142671347
-0.001218967838212848
-0.005629308521747589
-0.008615403436124325
-0.00020956910157110545
-0.009270293987361448
-3.3527612686157227e-08
1.5599653124809265e-08
1.1408701539039612e-08
0.0
-2.2351741790771484e-08
-2.468004822731018e-08
3.841705620288849e-09
2.3283064365386963e-08
6.51925802230835e-09
-5.587935447692871e-09
-1.862645149230957e-08
1.862645149230957e-08
0.0
0.0
-2.0954757928848267e-08
0.0
4.190951585769653e-09
-0.005632984219118953
-0.04160749167261055
-0.028111500665545464
-0.014044478302500243
-0.011871689464780524
-0.001117124396853488
-0.018391611752446517
-0.007557645090690818
-0.04502171277949345
-0.021684167440980673
-0.011334683280303065
-0.01416173460806116
-0.033259381539469016
-0.008672140654856664
-0.013056542724317041
-0.005601287353676175
-0.013528814073379903
-0.00988864060507233
-0.010296459426204045
0.016268061008304358
0.029027971904724836
0.018037665402516723
0.03656566236168146
0.033614525105804205
0.003727742179762572
0.018290215404704213
0.002897462574765086
0.04024887457489967
0.034649033565074205
0.0036808529985137284
0.026861419901251793
0.02364353509619832
0.024564418476074934
0.024285305757075548
0.008504951605573297
0.017641399521380663
0.0009482371970079839
-0.012323277303948998
-0.001820320263504982
-0.03577808849513531
-0.005749787087552249
-0.034672797191888094
-0.025598290376365185
-0.0011929926258744672
-0.02195374295115471
-0.02923921076580882
-0.012415808625519276
-0.02243380807340145
-0.04093614127486944
-0.014265177538618445
-0.011358038056641817
-0.026636632159352303
-0.027467699721455574
-0.03303390322253108
-0.04377987328916788
0.012789125554263592
-0.0033520632423460484
-0.016853738110512495
-0.008393503725528717
