0.9224561
0.7055237
0.29036734
0.6972969
0.79787004
0.12432724
0.8133379
0.20186524
0.6081506
0.24045357
0.6457211
0.4284188
0.47429764
0.9770915
0.86037856
0.9532351
0.39198235
0.40563852
0.10135911
0.9454519
0.75645506
0.8669168
0.1282898
0.39685908
0.98924434
0.22200145
0.94250005
0.10894075
0.056878824
0.35962906
0.85965383
0.35488534
0.7939101
0.12838499
0.74032795
0.8173868
0.38768813
0.6103668
0.12727673
0.66925144
0.020550182
0.10528904
0.26172608
0.83876616
0.9271308
0.8930631
0.8511998
0.5915008
0.51168275
0.19951741
0.8734424
0.6767491
0.8548554
0.9730966
0.40799442
0.7674098
0.76071316
0.71226656
0.92404747
0.99468344
0.22882177
0.2993371
0.1488125
0.5310242
0.040395916
0.2521315
0.3917955
0.6952943
0.5375249
0.9183438
0.95940125
0.61822355
0.357574
0.78684825
0.6369081
0.7171875
0.38823196
0.36597702
0.57948554
0.17182127
0.5551477
0.74155533
0.3667316
0.8027857
0.38801044
0.04031589
0.7478095
0.79357797
0.806803
0.54769987
0.8161981
0.5169525
0.7721077
0.17804278
0.52932
0.032022405
0.23400272
0.83889586
0.5038401
0.7968094
0.82775694
0.4416403
0.15482482
0.88638073
0.895854
0.31106272
0.86562914
0.58870345
0.105555
0.763219
0.4022722
0.29382193
0.98379076
0.58941483
0.94405603
0.13280103
0.47272494
0.56056726
0.2753312
0.3502442
0.8042956
0.10065278
0.12648919
0.90468115
0.6258557
0.15977977
0.267898
0.26807302
0.67351574
0.6277655
0.513689
0.83508635
0.8814344
0.88000995
0.3029374
0.11866755
0.69746214
0.7212715
0.4541345
0.53206426
0.17119242
0.13709734
0.8953649
0.29389852
0.7784182
0.38606995
0.8914499
0.05006098
0.1040075
0.75426656
0.10694043
0.08500677
0.77390534
0.4745103
0.41154128
0.55991155
0.17489277
0.65828717
0.096129395
0.065581955
0.5611285
0.7041446
0.6231596
0.52257675
0.9238844
0.23980385
0.04175294
0.117126495
0.93759155
0.13448815
0.9931441
0.18707138
0.09884899
0.5117781
0.51220125
0.3753937
0.7575192
0.74468094
0.42513004
0.42279875
0.7269875
0.3811452
0.28123978
0.27443948
0.5577901
0.430969
0.340628
0.90911424
0.10819204
0.32873657
0.014891731
0.3081302
0.3047638
0.9559895
0.58446
0.7015742
0.3931569
0.19230618
0.7593703
0.7030095
0.32858282
0.75537497
0.5549898
0.4041572
0.14597018
0.13502681
0.7985318
0.14137222
0.018821394
0.32839018
0.6615161
0.9271128
0.23380965
0.44125563
0.14075375
0.84721583
0.4303539
0.19570577
0.09989374
0.04821955
0.9417537
0.55139923
0.20161682
0.2346693
0.7481627
0.011983173
0.8746571
0.4647332
0.49416602
0.41917464
0.75402874
0.49207842
0.21790193
0.8200319
0.74934
0.99573153
0.58911514
0.6718834
0.4268893
0.2350182
0.37974477
0.9264164
0.5456977
0.5788756
0.21954967
0.77470833
0.88342065
0.8844701
0.5371825
0.31240726
0.43419766
0.3587796
0.32877988
0.776796
0.17347138
0.25962213
0.27273053
0.88722104
0.46698081
0.94129056
0.3004754
0.49349514
0.19169113
0.64740515
0.26660323
0.9366139
0.7226041
0.021674918
0.30666837
0.012401471
0.3312767
0.20632508
0.45932695
0.2947918
0.8249569
0.28318042
0.5864448
0.4860201
0.34381536
0.58294624
0.9409281
0.64139867
0.554376
0.10602992
0.14571074
0.99722254
0.5531582
0.82853514
0.9840599
0.5269047
0.5141829
0.986121
0.88041455
0.0049335225
0.69391155
0.18157277
0.50909823
0.54376626
0.21922708
0.5894337
0.68665564
0.4538939
0.55409104
0.9783917
0.12992947
0.4137943
0.17402048
0.07060527
0.9632515
0.41439927
0.33146384
0.15422054
0.7778532
0.88777786
0.37743425
0.045615144
0.8540601
0.7077626
0.42782488
0.09028049
0.7093202
0.40795988
0.5453689
0.62062985
0.89401263
0.09338566
0.0112721585
0.035330195
0.3978933
0.8791482
0.2862505
0.944161
0.32775885
0.28120983
0.4847862
0.7483772
0.78946054
0.36611146
0.90424114
0.39320186
0.5498595
0.36741146
0.2815254
0.93552613
0.00870081
0.029023759
0.3571605
0.4926677
0.50430846
0.61950785
0.5033921
0.44733793
0.45197272
0.98790324
0.751548
0.87711567
0.16417879
0.67251414
0.2355809
0.82383597
0.53065795
0.227134
0.30023718
0.30629736
0.433575
0.9827967
0.25762582
0.9538129
0.32716793
0.0045945626
0.7342125
0.08579539
0.5244406
0.103354774
0.030628162
0.53241897
0.3409622
0.6637255
0.33021814
0.44290304
0.59913343
0.20245688
0.8636208
0.06638536
0.55658484
0.33799222
0.6161385
0.3093679
0.86361057
0.25047258
0.45044553
0.005594656
0.58922243
0.1481449
0.9085883
0.07733489
0.46775544
0.6876007
0.76289976
0.6719921
0.59687823
0.3440706
0.75255865
0.34259647
0.9161222
0.9009027
0.5034348
0.28201744
0.14809982
0.536225
0.329027
0.685823
0.1225348
0.76843923
0.5134605
0.62807524
0.15642597
0.8492505
0.30125567
0.1960344
0.8987583
0.8801319
0.09651966
0.35670692
0.9096986
0.8992896
0.9760448
0.25250474
0.63794756
0.9858732
0.52738035
0.44424617
0.013652721
0.22156273
0.8255854
0.9814329
0.5758605
0.56321126
0.43635044
0.33332238
0.8475827
0.39762866
0.8897368
0.16677415
0.4938489
0.07229861
0.579963
0.99648196
0.48934305
0.6067377
0.8112419
0.59904504
0.86071897
0.45921102
0.21923025
0.7202991
0.23591512
0.42995653
0.20847687
0.2199511
0.1384704
0.66638416
0.9739601
0.6131305
0.13115229
0.9034442
0.122391455
0.6046102
0.15328152
0.4611815
0.27521932
0.5179005
0.22511293
0.8123866
0.1695301
0.30564308
0.6806094
0.79773694
0.22423063
0.2427242
0.7666259
0.54141784
0.93437374
0.7332
0.7373893
0.3430896
0.20884754
0.92310584
0.9079174
0.49527627
0.46404952
0.41834697
0.7790436
0.56489503
0.8193484
0.39417404
0.269352
0.0016138622
0.8916007
0.15318576
0.07737203
0.14033009
0.6246722
0.24146944
0.5222311
0.27524894
0.09440023
0.66627496
0.2806963
0.17901115
0.73202163
0.62021583
0.43809894
0.12026136
0.49980032
0.9666522
0.06478591
0.3752414
0.112331614
0.19237591
0.5061675
0.5491751
0.57904935
0.55136645
0.22060113
0.64260614
0.6802151
0.8924781
0.26524922
0.7380755
0.13358349
0.16376841
0.3550161
0.54691595
0.8031226
0.02945038
0.11726249
0.55899006
0.61603725
0.041907992
0.44619846
0.81585693
0.99200016
0.8698469
0.8631887
0.9302198
0.4680849
0.67880595
0.2236937
0.2552184
0.9283455
0.91872674
0.22841397
0.761697
0.39454076
0.6697919
0.750449
0.91323465
0.50824827
0.71346027
0.2494477
0.50753695
0.15359351
0.8605629
0.57819736
0.3639465
0.79253614
0.5554286
0.4281897
0.43655154
0.8865299
0.69435865
0.18122262
0.6165107
0.4980355
0.54654896
0.24829544
0.59633267
0.66586053
0.7519116
0.010263128
0.23599777
0.19718638
0.89049107
0.84649503
0.04413985
0.37434778
0.0752845
0.39608762
0.7787021
0.54043525
0.36940917
0.86550987
0.6307701
0.95712256
0.3921874
0.0242088
0.80032367
0.41416344
0.457887
0.04534375
0.51957655
0.49613205
0.18077576
0.4580301
0.11380609
0.28209832
0.3833055
0.6687941
0.045428988
0.7491437
0.20128578
0.26489243
0.17353916
0.26386937
0.6644022
0.45715204
0.18922831
0.30546153
0.32188126
0.5191992
0.37599373
0.9746147
0.28403988
0.38371184
0.07440118
0.28801766
0.59215546
0.11661387
0.99901664
0.4546952
0.22328882
0.4176974
0.9796827
0.79076153
0.11483378
0.87864137
0.4762001
0.05420526
0.7688621
0.76773244
0.83669055
0.39009404
0.07300595
0.7542986
0.40941548
0.67093664
0.293804
0.2956764
0.051875606
0.8159904
0.42630062
0.15629758
0.62440115
0.036042836
0.14255956
0.09191368
0.46856067
0.0028780825
0.90048885
0.59650624
0.88354146
0.08472151
0.5546102
0.0913961
0.026564294
0.38266432
0.3957792
0.7414167
0.4988438
0.37748128
0.15084624
0.07450874
0.7373893
0.7772097
0.8319054
0.32741752
0.38043034
0.6135784
0.14359918
0.4657262
0.6212816
0.20521174
0.57388395
0.56496906
0.94499815
0.10552428
0.6793997
0.45166606
0.22038564
0.034871053
0.495158
0.47678053
0.026361117
0.23789936
0.65559214
0.5551245
0.9528714
0.3135633
0.30894643
0.13094059
0.33281788
0.78874314
0.9999527
0.51122373
0.23148616
0.9708231
0.6264447
0.33113772
0.6826782
0.9020243
0.55765903
0.69618714
0.65369314
0.36841872
0.43894342
0.40897998
0.8164252
0.15958653
0.41066605
0.7350546
0.3679511
0.21967518
0.13651235
0.38719702
0.9458446
0.45962232
0.7758696
0.96104777
0.92880183
0.8926822
0.7866989
0.82706505
0.75358444
0.61863023
0.36076146
0.628611
0.73665136
0.9178345
0.5342802
0.4613592
0.67811626
0.20246282
0.13891765
0.53994995
0.24790145
0.33889446
0.7036551
0.9893185
0.8930431
0.8368471
0.29222706
0.7092605
0.37743986
0.77675194
0.9147193
0.027160382
0.449658
0.49531227
0.8389477
0.5452987
0.62062436
0.81946427
0.7358134
0.7456257
0.2552682
0.6998435
0.7828316
0.5885533
0.08774669
0.4987647
0.7367199
0.10218386
0.27618352
0.9215148
0.8083137
0.9048384
0.23720679
0.29530337
0.6817636
0.5674696
0.47450846
0.8350196
0.42934585
0.54330146
0.770482
0.8500704
0.16672885
0.8416451
0.74769336
0.7054674
0.8546529
0.46502978
0.54031074
0.64883375
0.06614763
0.18656102
0.30734873
0.3004132
0.09770806
0.5848805
0.78957593
0.561478
0.8371706
0.089588724
0.5986263
0.96881086
0.9335925
0.5952041
0.55386716
0.3908609
0.2046624
0.081469834
0.9711281
0.26371577
0.4851813
0.79676306
0.9252391
0.41032523
0.8230285
0.1440915
0.5162192
0.8895621
0.53715396
0.89438707
0.25126472
0.79149693
0.42336595
0.21175455
0.52222955
0.49362123
0.28848132
0.9516502
0.088300206
0.64544946
0.07359492
0.6077197
0.021537825
0.80410504
0.5153836
0.015827058
0.19149451
0.5452583
0.43508258
0.8730955
0.15793909
0.016000615
0.76205987
0.16532893
0.5392901
0.22859186
0.021985833
0.5459138
0.17620967
0.30646938
0.9477467
0.9814186
0.8920363
0.087615535
0.28626245
0.11032005
0.872489
0.45519987
0.8426332
0.35489833
0.5100358
0.37354848
0.67925674
0.10319864
0.71147
0.1476079
0.53675956
0.8235042
0.6495507
0.9241595
0.17420201
0.8918475
0.12923738
0.5429846
0.043100473
0.3147741
0.2418414
0.17461461
0.04137163
0.041013937
0.0404618
0.34069937
0.05594753
0.82842106
0.9793823
0.37347862
0.2701165
0.1251884
0.09535853
0.8558818
0.21355072
0.7514741
0.7358268
0.5115976
0.97138506
0.800712
0.063302375
0.26698107
0.3447086
0.9491865
0.13185006
0.052698113
0.7259708
0.46965942
0.6845333
0.5487847
0.17208794
0.321423
0.47864482
0.87281245
0.27126718
0.49075595
0.6727166
0.26372305
0.5505361
0.70543885
0.42764264
0.2817662
0.57273173
0.6169204
0.7686956
0.4402725
0.5342618
0.73087186
0.25944975
0.16334167
0.7648076
0.32617453
0.9676204
0.87744236
0.5618329
0.34411228
0.112042084
0.39090768
0.97089237
0.9502535
0.7093611
0.18723206
0.11485543
0.7873266
0.9479227
0.18419386
0.9968995
0.91598856
0.1968475
0.7528077
0.46107507
0.038151734
0.788853
0.44016477
0.8839757
0.7630528
0.9299033
0.8602013
0.6685008
0.73430973
0.85516036
0.38663307
0.5225385
0.27120125
0.8548337
0.6881217
0.4462048
0.22879699
0.10707035
0.693492
0.5526955
0.1514313
0.78893995
0.6947488
0.9945485
0.9376361
0.6076319
0.7439499
0.19895212
0.7371549
0.21404308
0.8472808
0.071562536
0.1890719
0.48588693
0.8374622
0.8564764
0.13234614
0.6596116
0.35130975
0.7143381
0.23457874
0.9083851
0.04021447
0.9920253
0.71940154
0.589309
0.11073301
0.9243434
0.9978408
0.9554654
0.6066957
0.034522977
0.16466185
0.8738501
0.73438084
0.77214277
0.598556
0.85885024
0.7099282
0.41111097
0.54269254
0.12532572
0.4840623
0.67824614
0.7520357
0.39621666
0.95699465
0.29651657
0.5159411
0.33232936
0.96857196
0.40326512
0.90635407
0.18169902
0.06432672
0.9807365
0.00015590807
0.5671045
0.99773514
0.8115775
0.5230109
0.55636793
0.87729186
0.98229
0.3143087
0.15100084
0.68024987
0.45564795
0.17423543
0.016700555
0.14288001
0.32317477
0.16313231
0.34882972
0.15688853
0.8668338
0.6851364
0.27398202
0.3791621
0.34810054
0.15248689
0.1955146
0.019735362
0.67239785
0.022510126
0.18996505
0.7596072
0.49236804
0.42014533
0.5608118
0.16559596
0.18057132
0.50129086
0.33935165
0.9846354
0.70599186
0.26087245
0.8684859
0.8582606
0.8036774
0.40019172
0.6174216
0.42991084
0.10924737
0.56047827
0.8451013
0.5735217
0.09959841
0.16279973
0.71020585
0.9640502
0.861523
0.72194195
0.9652066
0.08001938
0.38324213
0.29554796
0.864217
0.1612258
0.13557485
0.20808297
0.2127684
0.3806668
0.51817495
0.74300075
0.37529624
0.19428314
0.58123237
0.4533365
0.5513557
0.8687505
0.12777364
0.14089866
0.043712236
0.23631379
0.28046775
0.46285486
0.020501418
0.15179402
0.6356026
0.8894939
0.93451345
0.8758093
0.027665323
0.9988889
0.43547818
0.031817183
0.050145194
0.3816623
0.90416306
0.35414165
0.19444405
0.43880698
0.9427282
0.5191318
0.7249574
0.83578116
0.48492256
0.53675944
0.031020803
0.023910616
0.36690742
0.063176356
0.07060627
0.39763257
0.103125155
0.99252635
0.12607868
0.0904406
0.61269546
0.732365
0.6197176
0.8045121
0.36653057
0.47044155
0.65150434
0.8328013
0.8300788
0.9323889
0.022237059
0.40640074
0.036876727
0.07815396
0.8481061
0.8233316
0.2849476
0.0015456033
0.9881896
0.16368304
0.41536793
0.15437238
0.70682573
0.26602912
0.4387036
0.90844655
0.7174294
0.32685438
0.8040861
0.8923075
0.36218512
0.7579376
0.72781235
0.5755607
0.5611257
0.34185407
0.018646855
0.9331727
0.21332628
0.925327
0.110696696
0.33691138
0.02269175
0.9441848
0.5395595
0.66818494
0.73129684
0.35847116
0.5896257
0.69877446
0.3570753
0.051444937
0.19432725
0.1766123
0.27822298
0.5607558
0.5455269
0.21146353
0.2591091
0.27172473
0.3034753
0.19102557
0.8099182
0.6806383
0.532902
0.5707013
0.79087895
0.6111948
0.7252413
0.90405875
0.3669089
0.044044737
0.3292301
0.93980724
0.15903059
0.09316602
0.6294119
0.3810879
0.717106
0.65221316
0.6486698
0.00921597
0.8363011
0.42344165
0.0686201
0.5670014
0.14247556
0.7112833
0.6467176
0.55926925
0.0021833219
0.74150014
0.8558317
0.89398885
0.53085756
0.662645
0.29306898
0.6479245
0.12895575
0.7201596
0.028174194
0.5429898
0.39611235
0.5598119
0.6644067
0.7286232
0.77548015
0.0078067956
0.5939315
0.011716626
0.0022308242
0.67358494
0.7056334
0.028688898
0.8721242
0.72807336
0.61054283
0.18710008
0.57124704
0.46004564
0.3774112
0.26095045
0.28529906
0.17864832
0.1509818
0.5918925
0.36213067
0.59486127
0.9915063
0.34167087
0.33917776
0.6734158
0.9934045
0.48673156
0.14414048
0.61023986
0.76988864
0.35599405
0.38820285
0.52128845
0.86516035
0.109240904
0.1219642
0.04944979
0.9316569
0.21509054
0.7921126
0.71839446
0.3237644
0.0795563
0.4828026
0.62431544
0.5771292
0.14656815
0.61511445
0.6948154
0.24260496
0.6875187
0.97377634
0.13385431
0.82801074
0.95547366
0.5731578
0.48778853
0.5874692
0.60302323
0.7960839
0.9080934
0.9385846
0.85779375
0.1623426
0.91195834
0.76802564
0.67268956
0.26536974
0.38834384
0.53252923
0.947876
0.89062834
0.32338586
0.46983454
0.10631446
0.36151403
0.72237676
0.11819191
0.74961555
0.64275116
0.74217314
0.7821933
0.20858648
0.19330522
0.23199321
0.1617332
0.7958788
0.6717233
0.091015026
0.9819894
0.99947953
0.1367881
0.39670473
0.100496076
0.8390034
0.08963637
0.7990778
0.03751011
0.3482412
0.836597
0.54467916
0.25803658
0.8228741
0.33361387
0.5220544
0.4661613
0.5539873
0.8673548
0.41368175
0.23351674
0.68891007
0.55553055
0.86951494
0.0027778673
0.3574777
0.96942735
0.7299009
0.30908835
0.6355675
0.08659533
0.9937826
0.27608955
0.9591238
0.27673456
0.6856287
0.033355463
0.7489152
0.9513803
0.70049614
0.07673466
0.8713899
0.4702428
0.5165763
0.56879026
0.2770394
0.27900732
0.48764896
0.3557833
0.15920736
0.6614199
0.3026626
0.5441851
0.7014684
0.9680371
0.02783209
0.9479248
0.601685
0.37745446
0.40298504
0.6226624
0.12430754
0.98195153
0.19565094
0.2974594
0.48035905
0.29915696
0.11349546
0.73257995
0.20655343
0.43709087
0.69005036
0.8620551
0.2689177
0.96177
0.945812
0.47599313
0.658954
0.18870173
0.61786366
0.29854885
0.4680825
0.015352257
0.18213597
0.34040967
0.2074167
0.48120105
0.87635964
0.64133227
0.66261506
0.29190612
0.9455377
0.18709518
0.3230785
0.39554155
0.40779424
0.9182304
0.6283673
0.35292798
0.75311023
0.038211264
0.4043854
0.39061552
0.39967325
0.25167218
0.8542818
0.7135789
0.2831872
0.67405355
0.96721196
0.53461146
0.07479328
0.7829348
0.89954734
0.4242494
0.7615513
0.17356238
0.658407
0.017160332
0.8603473
0.7376447
0.9439847
0.97361493
0.096108735
0.96481854
0.688565
0.50584066
0.7692273
0.4032067
0.49715093
0.3848008
0.541778
0.08003189
0.42701402
0.7623365
0.9134249
0.70866305
0.6141344
0.8192148
0.36459076
0.020334562
0.0045901705
0.002824947
0.042627297
0.056198243
0.29561442
0.80617136
0.39934403
0.63928294
0.21561265
0.1184766
0.27333823
0.43859866
0.82487124
0.09043342
0.62021595
0.20096362
0.9029423
0.09397502
0.2053494
0.8524194
0.2638548
0.44970748
0.9202613
0.5744569
0.24002488
0.42421493
0.27168724
0.91452605
0.42846683
0.950029
0.32526773
0.25007966
0.65252846
0.3915633
0.7268849
0.8535553
0.105153956
0.66232187
0.29275382
0.29561022
0.4097091
0.6427966
0.09196265
0.7215214
0.056848545
0.06771955
0.18756329
0.610627
0.2954935
0.06480012
0.38623556
0.22803399
0.5520275
0.017464789
0.14401892
0.06559839
0.67426765
0.7464581
0.86526597
0.6378212
0.06633986
0.35171703
0.0006469057
0.7701098
0.15905263
0.13069068
0.5701056
0.5409147
0.05223457
0.70414394
0.4850242
0.074520625
0.63745284
0.90652347
0.6884152
0.39182842
0.6107491
0.5589119
0.6992185
0.7543186
0.41270682
0.5134838
0.63180727
0.5587515
0.9219024
0.772728
0.2651467
0.6506995
0.4691214
0.90204346
0.6536172
0.3928769
0.01465706
0.18464968
0.61339206
0.43180928
0.16909415
0.71588576
0.65480477
0.895913
0.014926371
0.9286858
0.88151366
0.74695224
0.7869237
0.8302041
0.71137685
0.48433346
0.07380921
0.6731927
0.09536548
0.25931266
0.63820934
0.43786108
0.09671165
0.8694027
0.6645315
0.20424102
0.7244767
0.91034126
0.43437013
0.9611267
0.84766966
0.48196927
0.8381783
0.2080131
0.5971822
0.3562742
0.79012316
0.106368184
0.6948757
0.054488897
0.07633642
0.6695512
0.16263323
0.3934484
0.22034241
0.67688996
0.22254497
0.47133258
0.3035079
0.6994876
0.9868053
0.085389115
0.7497112
0.7557627
0.6673599
0.05257441
0.05335016
0.5336621
0.76494783
0.51999104
0.26437184
0.39245942
0.55336285
0.6192915
0.8926693
0.54579556
0.47786105
0.2726132
0.9135113
0.4832427
0.5105304
0.073126815
0.9701173
0.04707843
0.31526357
0.15187609
0.75815606
0.3863536
0.014448393
0.5180028
0.5249737
0.8462349
0.2516381
0.19439308
0.62648124
0.67135274
0.8162403
0.46437606
0.10172891
0.58235383
0.40128148
0.6624226
0.48948157
0.5037066
0.99091476
0.056319375
0.21135344
0.45955864
0.4494117
0.17776865
0.99455875
0.63761306
0.03575916
0.9149367
0.4749514
0.85278034
0.11912345
0.3229153
0.5607143
0.87827015
0.94796515
0.56423056
0.9829266
0.0140599
0.52885896
0.41766894
0.27772978
0.67604214
0.0668576
0.7151573
0.7754898
0.10883401
0.8613915
0.70110434
0.5370753
0.64548916
0.7882847
0.46190476
0.54183215
0.74392736
0.16697589
0.027874613
0.7315458
0.6341917
0.4358395
0.5700991
0.68127006
0.5167117
0.025553878
0.18174595
0.7270275
0.9398465
0.40671474
0.5520333
0.34009162
0.708736
0.4033046
0.4069734
0.63091
0.29224145
0.18700874
0.78238404
0.84107786
0.24346367
0.88793594
0.7081197
0.2625263
0.18722728
0.21193741
0.13805513
0.79911196
0.25319207
0.89716905
0.99126184
0.95766425
0.06866159
0.011194336
0.39688724
0.41857734
0.8712767
0.13586259
0.89536905
0.4672562
0.48103827
0.07052658
0.80225104
0.07356211
0.28182593
0.9136883
0.17678599
0.04882751
0.05174659
0.36335889
0.08864038
0.06289418
0.3818715
0.60801303
0.59759516
0.4859782
0.0021695027
0.13632347
0.62278485
0.49824378
0.48887622
0.38492787
0.11895292
0.86874646
0.97977793
0.32087526
0.5760408
0.66386014
0.38132548
0.8369198
0.12874416
0.084093995
0.13838774
0.61585754
0.12595835
0.9453989
0.753805
0.8504827
0.27611157
0.41362944
0.6402281
0.6806596
0.063707285
0.29523808
0.123190895
0.38730302
0.83411366
0.8686007
0.58652705
0.0400581
0.5978761
0.30462077
0.08964935
0.16794801
0.44930157
0.023754489
0.5168943
0.34491095
0.6679112
0.7852281
0.96924007
0.5745045
0.43877196
0.98219067
0.9573474
0.023170583
0.8894137
0.8520555
0.11738352
0.59195423
0.13948947
0.93048126
0.77524126
0.40567487
0.9667891
0.6081305
0.06931948
0.7258772
0.93574435
0.56348777
0.8859173
0.16218497
0.07856999
0.33466187
0.53788626
0.15776074
0.7936267
0.803958
0.18430464
0.24040231
0.28984421
0.20376648
0.23612146
0.21646705
0.44170874
0.99901515
0.6984919
0.6431676
0.7519891
0.9401002
0.11338651
0.5220562
0.99991584
0.3280459
0.6690354
0.74133617
0.079100035
0.7755353
0.3275535
0.3324405
0.6031417
0.6386954
0.71196675
0.014590371
0.0755395
0.90359616
0.7174366
0.4941668
0.08815079
0.40326977
0.79166645
0.8000917
0.53307575
0.8290341
0.32788864
0.4640618
0.85317767
0.9052368
0.121763475
0.3775327
0.8535523
0.89568174
0.053062014
0.94044495
0.5501783
0.20488518
0.2887958
0.565661
0.78233993
0.21000516
0.6106212
0.28537822
0.4123093
0.9909244
0.23569502
0.866824
0.4632148
0.5209019
0.9013509
0.21304166
0.34737313
0.80656624
0.090105005
0.71143335
0.20884724
0.7368057
0.5780912
0.08158072
0.06452146
0.55507785
0.8315805
0.8854428
0.358532
0.01945441
0.74155307
0.3346269
0.15897702
0.7887522
0.44870842
0.27230918
0.22387284
0.3948031
0.39305544
0.9160568
0.5372489
0.6141852
0.91399646
0.12447637
0.5003511
0.6890757
0.44883662
0.33926117
0.39433804
0.7666673
0.33629996
0.31087604
0.22277626
0.8693041
0.38963762
0.80787027
0.17404184
0.03429133
0.06972028
0.15173258
0.72085553
0.17553589
0.78662694
0.16596696
0.1630856
0.3596079
0.34691855
0.15201913
0.39210847
0.7062439
0.64300996
0.64140564
0.80941826
0.10072526
0.6971169
0.8165996
0.41543242
0.88338864
0.20109418
0.5871374
0.13786773
0.90747935
0.8425129
0.16599837
0.0008692182
0.4349096
0.7115867
0.93559355
0.4026116
0.69228977
0.6151622
0.9829661
0.10765497
0.84929216
0.924246
0.42973727
0.72712946
0.7123146
0.52862847
0.558569
0.677037
0.022661662
0.63437176
0.94152755
0.40399334
0.8504138
0.20004235
0.15450002
0.7610288
0.2260762
0.016422046
0.56714743
0.18237385
0.85595745
0.31160808
0.17027768
0.2875141
0.80937004
0.7586149
0.216231
0.8895727
0.9897429
0.13066055
0.6627408
0.9128955
0.3087466
0.95929366
0.5062556
0.77119005
0.7297216
0.76652527
0.25103047
0.9555756
0.6362001
0.12290708
0.5546009
0.81492686
0.39473966
0.92283857
0.26902035
0.12136718
0.14040217
0.7459496
0.7463303
0.16781297
0.5045658
0.57161003
0.95852053
0.2740437
0.81125396
0.45099676
0.2738768
0.2526855
0.3729322
0.059490528
0.75858355
0.5965452
0.041320004
0.9826328
0.35095698
0.4993078
0.78305876
0.45417294
0.5156061
0.12530348
0.4627195
2.3463983e-05
0.40688398
0.45239013
0.31264955
0.47972372
0.839556
0.815746
0.31557903
0.5359608
0.7283801
0.3775735
0.84031504
0.11304592
0.367949
0.3435888
0.074052386
0.066778846
0.27505067
0.6240821
0.6356519
0.5222919
0.5095649
0.08066703
0.11224676
0.48718193
0.7795749
0.90180093
0.3716198
0.19396825
0.14461541
0.9538052
0.8729477
0.8205853
0.36667818
0.121332064
0.4510483
0.4002367
0.77106696
0.31778067
0.752882
0.9287779
0.64072007
0.81454796
0.32924938
0.04263643
0.0005749787
0.74799126
0.1618784
0.4658853
0.86267626
0.5069382
0.071762264
0.5169364
0.6628912
0.8032484
0.89937764
0.34997734
0.04706914
0.43867433
0.4508509
0.6127005
0.37647682
0.69222504
0.35656357
0.10810179
0.12503229
0.59935766
0.9345229
0.9686087
0.6854155
0.24432579
0.09549142
0.17885646
0.8490755
0.11364264
0.37356764
0.48497945
0.14885701
0.9038651
0.7168412
0.104210705
0.8722879
0.36052525
0.4085032
0.8315829
0.16270782
0.10365605
0.5192908
0.2924724
0.6399067
0.3970434
0.33396718
0.3890042
0.56457895
0.6597511
0.45662165
0.07594937
0.00088843954
0.16593087
0.3996024
0.8644298
0.27982607
0.8621908
0.054027814
0.18476781
0.65683526
0.6964037
0.32191896
0.6523475
0.8395116
0.11065296
0.5632566
0.8522855
0.9932971
0.887342
0.44728068
0.8495065
0.51190376
0.40602836
0.5136605
0.16168974
0.3354479
0.47898644
0.5103011
0.020119892
0.61464113
0.29886693
0.8070521
0.73019683
0.1721466
0.5687818
0.9367713
0.03161062
0.75523645
0.0038212256
0.48797774
0.14637625
0.4925401
0.68365145
0.46367392
0.49226525
0.4493839
0.94027686
0.20412783
0.40343058
0.9004794
0.7678539
0.049876135
0.4826882
0.8825271
0.38949177
0.64593613
0.7227688
0.6348109
0.6674324
0.46471906
0.7254216
0.5452579
0.8407896
0.14574188
0.2237313
0.20311314
0.6294626
0.17608812
0.7428222
0.26734993
0.40203205
0.4070191
0.6623844
0.21853635
0.97410065
0.40657854
0.56964886
0.77409667
0.24892066
0.883536
0.7856978
0.21666743
0.060103282
0.13086256
0.24774991
0.6696871
0.057038784
0.84470433
0.9421659
0.5879308
0.74286675
0.8415945
0.7046768
0.2392534
0.10897167
0.45187104
0.07805301
0.7477578
0.36805955
0.8226172
0.5188178
0.3530269
0.67033374
0.78189546
0.73918754
0.95130706
0.24991436
0.44798368
0.06647364
0.5965282
0.09003886
0.73066026
0.16587868
0.5787061
0.5280904
0.80600685
0.13653746
0.081642956
0.20777935
0.6657971
0.5099144
0.8510135
0.7712894
0.37238833
0.96012837
0.98281586
0.72472227
0.46639585
0.82403964
0.7990965
0.12573867
0.6563984
0.36869383
0.16596133
0.36278483
0.68117803
0.9862971
0.027914826
0.23001578
0.00044975016
0.08663091
0.98148453
0.18831825
0.66822284
0.54396975
0.049619496
0.77549076
0.40081832
0.8526608
0.65083164
0.17129765
0.63095146
0.8286318
0.80181026
0.5193576
0.8280741
0.017973589
0.3735278
0.33176714
0.3070772
0.7613145
0.56128675
0.95579374
0.80152327
0.057306673
0.31621346
0.21507885
0.39202043
0.24261977
0.6256739
0.030561546
0.96901584
0.17613524
0.46578923
0.1698069
0.9063825
0.76924974
0.31483963
0.54091656
0.5548827
0.012828498
0.14745842
0.6982247
0.71904266
0.034728464
0.0071666855
0.13979031
0.12869835
0.66400933
0.5550971
0.33250827
0.76142055
0.6949587
0.94392526
0.033009518
0.8553288
0.90640914
0.22418788
0.0492758
0.34599912
0.008632441
0.49689823
0.5682912
0.7862544
0.150827
0.7550629
0.73605615
0.7652061
0.12189994
0.75376457
0.68642604
0.31140944
0.19389798
0.31615177
0.081085496
0.7332199
0.28697744
0.08859605
0.9527037
0.5507299
0.72091824
0.44854552
0.67459583
0.56078494
0.011679512
0.20188095
0.75234395
0.9587212
0.793165
0.82911384
0.569935
0.07304187
0.273342
0.032455903
0.275093
0.14925979
0.29266557
0.56151676
0.6699197
0.09767235
0.36512598
0.7259806
0.40599352
0.31637618
0.5109212
0.48387268
0.20162384
0.5301737
0.6690448
0.5593212
0.7964442
0.7179711
0.17433226
0.4256528
0.32314718
0.09432447
0.6101195
0.5330761
0.10680447
0.019753354
0.9576389
0.6348659
0.5435143
0.55760956
0.3886463
0.90793025
0.43385917
0.6014582
0.18794072
0.2067985
0.251461
0.45631957
0.4558339
0.31337535
0.90299475
0.63489836
0.31228608
0.9849435
0.727161
0.013865622
0.7896611
0.42165977
0.79007155
0.3178415
0.33901647
0.69525284
0.47811875
0.13515185
0.34056485
0.24097581
0.88897055
0.47295824
0.9073712
0.5372621
0.6101833
0.89889807
0.43938488
0.5793921
0.36973062
0.21833766
0.9040156
0.9511472
0.108655296
0.043697603
0.26931435
0.2020643
0.50607073
0.14123662
0.7190224
0.11835423
0.52553296
0.84570384
0.70581216
0.89807874
0.045286883
0.4929212
0.007684577
0.17289555
0.5626026
0.07711462
0.6443912
0.85576427
0.92545235
0.01817006
0.48869824
0.6156846
0.5045261
0.14873073
0.14258572
0.83047485
0.18165001
0.059695944
0.8984011
0.63675606
0.59549576
0.39326665
0.9118906
0.10044652
0.5914912
0.17499727
0.42325854
0.8438607
0.1191944
0.77900076
0.47368535
0.5897362
0.630661
0.6584882
0.99351496
0.78722405
0.44593394
0.8505747
0.8840558
0.77239734
0.5053629
0.3662644
0.7443275
0.101081684
0.69254977
0.29838455
0.56965053
0.19101527
0.42899767
0.23142822
0.3194951
0.109081306
0.7051037
0.2589229
0.9971729
0.97552276
0.63378435
0.685424
0.3769655
0.6207409
0.9597912
0.041819822
0.822796
0.2768858
0.48577386
0.62907743
0.58162194
0.13693178
0.7628926
0.80147874
0.76090086
0.25244823
0.31841105
0.15255986
0.47281662
0.089472406
0.87555325
0.16339366
0.8677051
0.5963689
0.37870932
0.483447
0.32969454
0.27700487
0.9408234
0.8207436
0.82537323
0.66304106
0.756777
0.44326827
0.9554265
0.56039983
0.4664033
0.07798411
0.010176453
0.3418182
0.4881058
0.38671133
0.0209708
0.5342226
0.5997217
0.008173089
0.0630088
0.02465514
0.821395
0.17081808
0.694137
0.9259846
0.36690986
0.041561168
0.6950251
0.10856207
0.6900119
0.2476626
0.49373326
0.13486767
0.32961732
0.49105206
0.4278098
0.39053872
0.24251449
0.10061782
0.8678781
0.91086096
0.5572789
0.6907747
0.5298011
0.68572557
0.91867703
0.5684677
0.04412571
0.69101447
0.28678912
0.9700162
0.41531357
0.27369392
0.01480137
0.5390637
0.20195436
0.41078052
0.55760986
0.7449469
0.15462479
0.57065594
0.5821326
0.08532528
0.3851663
0.430675
0.5740931
0.88206273
0.6744688
0.6188559
0.46516773
0.91114765
0.7649972
0.5098782
0.6746773
0.56465405
0.776384
0.54517627
0.059781354
0.66423357
0.29081067
0.7368649
0.080221444
0.15357931
0.13563372
0.12203351
0.83372027
0.5638156
0.43612465
0.05536989
0.52456594
0.11972706
0.36316848
0.8076426
0.62158597
0.50780326
0.72713286
0.89683354
0.12931845
0.98883677
0.69757205
0.8614885
0.91041696
0.73092896
0.48308107
0.88100857
0.732462
0.54888815
0.690944
0.4964468
0.69109046
0.5017545
0.60061115
0.102561794
0.6017187
0.39208195
0.05672544
0.5949585
0.73005915
0.5847067
0.3418996
0.32892478
0.8863163
0.58993703
0.81622493
0.27390948
0.69475186
0.82864773
0.9755895
0.067962684
0.9873757
0.18054219
0.50796974
0.43515223
0.9752351
0.7623658
0.37581977
0.5350903
0.8819971
0.073242396
0.6688317
0.72714937
0.9312624
0.8088373
0.49993375
0.073768586
0.6412262
0.33636194
0.06440535
0.27851364
0.03317419
0.05086183
0.4469493
0.84674454
0.25204164
0.686742
0.61108863
0.34061792
0.7756654
0.36345685
0.62604684
0.32618627
0.1321113
0.6316669
0.60202837
0.54781514
0.47728962
0.1094359
0.44735664
0.62570155
0.7407922
0.30876046
0.17183235
0.92983603
0.11016477
0.011050876
0.54454815
0.67508745
0.16905479
0.12694599
0.54264486
0.6456489
0.96702635
0.84260654
0.45128873
0.64575285
0.5124248
0.49193972
0.9594483
0.6714021
0.2062841
0.2433632
0.7223581
0.24274804
0.98871446
0.9199064
0.2894489
0.14162004
0.62321264
0.9034544
0.35114652
0.28259435
0.47595602
0.060267262
0.9667709
0.00579179
0.73420864
0.39148784
0.68461746
0.5028216
0.045580633
0.29197124
0.41482484
0.21594384
0.9895179
0.8252918
0.10302981
0.33106193
0.33115643
0.21038885
0.08039245
0.4918415
0.31002444
0.025634663
0.48063725
0.51049703
0.6564942
0.88388747
0.61080474
0.59510094
0.2483398
0.16728014
0.5335951
0.6764882
0.46432853
0.7230938
0.047453135
0.009235444
0.37637734
0.47487846
0.18190725
0.7590228
0.33049598
0.7668607
0.90953296
0.655867
0.5767784
0.9236357
0.046727434
0.31055224
0.996483
0.4531373
0.22955894
0.3720237
0.79154813
0.07239793
0.8110596
0.5083417
0.27373496
0.8878158
0.5997985
0.60668993
0.722393
0.7345691
0.43089744
0.76466554
0.6586832
0.36750925
0.9759202
0.5366203
0.22928153
0.34018996
0.8445256
0.08503329
0.7414511
0.8446828
0.40135694
0.18186685
0.29189146
0.20297924
0.898943
0.4667838
0.6328754
0.13727301
0.58608186
0.13764623
0.41177848
0.0511956
0.53174984
0.020261932
0.5675667
0.6190786
0.13733144
0.37192747
0.4858779
0.57878166
0.7000136
0.73325205
0.14709973
0.6334622
0.55080605
0.8610195
0.7519036
0.5626395
0.78690994
0.9076182
0.7556066
0.14658375
0.7835138
0.7095525
0.68547523
0.5624769
0.44555873
0.8750491
0.9061854
0.43287945
0.82370317
0.6542413
0.15330642
0.94722134
0.510312
0.4292757
0.59199184
0.033792417
0.73226774
0.37626067
0.20457922
0.99813205
0.095788084
0.20837533
0.37106714
0.15946397
0.5602904
0.7367663
0.7608331
0.75901407
0.6751259
0.15758902
0.6077851
0.73715866
0.6448981
0.003256536
0.33718348
0.4052982
0.4742647
0.94148594
0.96823466
0.22833657
0.2005568
0.13581441
0.33900625
0.39464194
0.28559124
0.6727105
0.5775407
0.58198476
0.62958574
0.6461662
0.9665837
0.45577013
0.3219171
0.04248348
0.7689304
0.89083725
0.37714863
0.0017305505
0.5933983
0.06702334
0.055422142
0.16549255
0.79817206
0.9565644
0.70232356
0.6703738
0.01387117
0.5937285
0.887661
0.6573431
0.34843224
0.022099297
0.1714122
0.17950368
0.22672316
0.36117226
0.9814596
0.8803433
0.039278187
0.03795044
0.94295263
0.5564806
0.77870595
0.99598134
0.65913457
0.31933933
0.1372171
0.9742064
0.2926874
0.92540634
0.04440931
0.5057988
0.41825423
0.27919176
0.7667417
0.555907
0.025516361
0.4775702
0.72090924
0.99573463
0.5091821
0.13124089
0.74108136
0.29484314
0.24920428
0.14743288
0.16147323
0.18727006
0.48502013
0.77591527
0.82225275
0.2362204
0.20859501
0.33802098
0.73317426
0.8023322
0.6798294
0.6598139
0.905999
0.6007876
0.5533921
0.23414043
0.2522401
0.08416113
0.49184343
0.7719538
0.1831701
0.9966305
0.57111496
0.1108328
0.6416383
0.34315035
0.7490074
0.97641134
0.94371885
0.039709486
0.67667437
0.27676326
0.21429442
0.88939923
0.5641251
0.48693255
0.61960804
0.45586118
0.7814744
0.66188276
0.7340371
0.8824401
0.7521741
0.56657916
0.04584784
0.5264399
0.24288103
0.037341323
0.6405994
0.9922454
0.766988
0.3527892
0.62387234
0.16877152
0.6671862
0.85926235
0.33619857
0.77015406
0.23594023
0.890401
0.7846251
0.12174936
0.03616586
0.7968049
0.4613027
0.9517537
0.5333168
0.43608373
0.7289336
0.596317
0.7119752
0.1679805
0.88532674
0.8394547
0.8865993
0.67448556
0.6311265
0.48415056
0.5572211
0.5022221
0.6335287
0.76643056
0.55728716
0.14706992
0.8743522
0.15646906
0.62852937
0.5885663
0.21578456
0.46377462
0.39798015
0.10363596
0.82660145
0.18946972
0.011242182
0.3660965
0.49846408
0.57048565
0.90141875
0.019129127
0.8875435
0.888063
0.7131956
0.05684302
0.4961529
0.89723635
0.82883143
0.28489727
0.35164246
0.2619263
0.24215467
0.15480381
0.10130391
0.8771586
0.5075346
0.6937095
0.43692315
0.29243052
0.5759303
0.24401046
0.78762656
0.9147642
0.4399964
0.7391717
0.2889002
0.5924303
0.63897973
0.20257631
0.006155242
0.49512413
0.6485774
0.98891896
0.685187
0.9351654
0.06683396
0.40028363
0.46526185
0.68021643
0.30959615
0.4431296
0.084684536
0.5530653
0.42015004
0.91427803
0.02595509
0.2613753
0.63329625
0.88673663
0.7208361
0.04268346
0.10739022
0.36358288
0.14874598
0.7845724
0.76736176
0.95111775
0.05500676
0.87041485
0.5270925
0.6654726
0.9766666
0.8971669
0.84347135
0.19320644
0.4459853
0.62118506
0.989658
0.3234982
0.69579476
0.6674996
0.5826512
0.16203372
0.32429817
0.23473153
0.60486305
0.5379429
0.48244828
0.62561226
0.066350095
0.5161111
0.67758095
0.38714662
0.4238284
0.9568122
0.891591
0.0056255073
0.2683044
0.94416106
0.99383134
0.12884505
0.7394389
0.47324976
0.8425323
0.9277892
0.0007859478
0.6052018
0.66258246
0.13359126
0.75674057
0.39404157
0.50038034
0.656321
0.26125488
0.6224832
0.86300546
0.93485534
0.54959685
0.26645964
0.70071846
0.09067454
0.109129526
0.04395681
0.6597256
0.51334625
0.45655963
0.17967412
0.5541907
0.6263379
0.25135875
0.34653017
0.6134814
0.5228711
0.9977706
0.10033876
0.7886167
0.22417192
0.5652575
0.94505614
0.5349873
0.5256498
0.94438267
0.51541287
0.7679898
0.65605026
0.9757497
0.6791862
0.70983684
0.24311736
0.48018327
0.49328023
0.143295
0.25500742
0.15213853
0.21862324
0.30576214
0.7259397
0.20774437
0.01044783
0.091179326
0.35075957
0.17251712
0.48629266
0.7003852
0.5016401
0.07349886
0.42135605
0.40634516
0.7846443
0.77308834
0.844461
0.6588635
0.357107
0.86768353
0.33805966
0.5037873
0.12844959
0.5926827
0.16470425
0.39047727
0.08684599
0.94840616
0.78905344
0.54081625
0.09693411
0.791831
0.767077
0.26769313
0.78994745
0.6131141
0.22857933
0.7645813
0.3167558
0.7081466
0.6474928
0.1338599
0.9583848
0.92734385
0.60140026
0.02793091
0.5553472
0.7368466
0.7267742
0.7156999
0.80607235
0.29025435
0.44642952
0.281946
0.35617876
0.050994426
0.10287563
0.7096712
0.21567743
0.4293073
0.75660086
0.053562526
0.8902448
0.9640437
0.45437422
0.035964634
0.7032528
0.038825415
0.010992758
0.02642612
0.8009421
0.7621608
0.49146423
0.33094546
0.8163314
0.33112246
0.27698904
0.8422868
0.6343956
0.5623868
0.59713244
0.62822866
0.31858388
0.73368573
0.8617454
0.30633065
0.54123324
0.91276777
0.518282
0.80781305
0.22488333
0.41085035
0.7829911
0.5180737
0.6037246
0.8994915
0.5747801
0.7465963
0.6771317
0.06902855
0.7557801
0.3350815
0.6208586
0.4320344
0.90013194
0.49077314
0.655129
0.38078588
0.5106915
0.7909304
0.63394314
0.26741832
0.3970554
0.3010031
0.9705174
0.7905348
0.91716623
0.9839614
0.0074743014
0.40827012
0.9074627
0.9349242
0.41652647
0.86048347
0.95335937
0.47161847
0.7164946
0.3634508
0.5892996
0.053345155
0.36151752
0.5437509
0.53416836
0.6675504
0.007156657
0.5996323
0.33463448
0.24405652
0.7751279
0.59414387
0.31352025
0.27164382
0.16837096
0.47436345
0.1544783
0.3237222
0.7158671
0.8287601
0.62924784
0.63912845
0.63118005
0.5561475
0.36201367
0.8612161
0.50125736
0.059163168
0.27817413
0.5603014
0.5377291
0.43884128
0.5516476
0.55859834
0.5159133
0.84248865
0.22844175
0.5976337
0.24627501
0.15940523
0.18356316
0.32985732
0.4274346
0.1917081
0.071011856
0.48129788
0.7992899
0.5776127
0.21430664
0.26196462
0.10929396
0.5236588
0.7157329
0.36437756
0.66329926
0.14149669
0.12544112
0.48241922
0.77306783
0.2776297
0.14645998
0.16254689
0.96023494
0.65020305
0.80913574
0.22198704
0.61091816
0.77083284
0.92664343
0.8537036
0.6696904
0.24584374
0.06677351
0.9071178
0.97918093
0.29326224
0.28365615
0.07825714
0.061883923
0.3537456
0.9509545
0.399848
0.87142116
0.57615757
0.26239341
0.982722
0.11953264
0.22316216
0.8854801
0.5390029
0.24502598
0.96791637
0.6598661
0.18651754
0.92190737
0.0363339
0.26283458
0.10698119
0.3467561
0.9417017
0.124981545
0.9302448
0.43327567
0.93059194
0.29052004
0.83919996
0.7346743
0.811392
0.3554768
0.6732339
0.09207401
0.55894
0.5903573
0.2583314
0.32949677
0.99542457
0.25629392
0.086037084
0.9410937
0.75813574
0.936282
0.3048484
0.54849344
0.615624
0.99003065
0.22826862
0.63061196
0.12488099
0.7066344
0.07491355
0.999164
0.14820705
0.7107235
0.17267011
0.4313641
0.43650696
0.83399624
0.3989275
0.45971012
0.00023024032
0.47635728
0.29007462
0.008695845
0.17203605
0.81612873
0.88964874
0.02866511
0.21062407
0.6726537
0.7888261
0.21456333
0.6681763
0.34604943
0.12448503
0.82370454
0.7561262
0.41527054
0.36326906
0.16609816
0.8553552
0.9945082
0.91347414
0.46626663
0.25399613
0.76062775
0.99436927
0.35736275
0.21694498
0.7204619
0.02560832
0.6022444
0.67742646
0.2166696
0.4742601
0.24569586
0.8962873
0.4774595
0.81442803
0.014472065
0.22739176
0.66328716
0.39481115
0.4027278
0.081824526
0.9163213
0.13185431
0.39134827
0.45538574
0.54992735
0.024240565
0.2901425
0.21561168
0.08206882
0.6283309
0.13866495
0.009246117
0.95238477
0.79360384
0.0058832667
0.50708044
0.34195423
0.54173505
0.4448039
0.045829635
0.7596069
0.8328798
0.032935865
0.6176075
0.2986724
0.5647901
0.7667305
0.7796247
0.21124043
0.49588424
0.31659135
0.6668588
0.44905797
0.07687499
0.6220238
0.39860025
0.83865803
0.39284906
0.9498372
0.86282116
0.1480668
0.4380617
0.6780683
0.52773494
0.5427128
0.80460995
0.2768551
0.1581303
0.674582
0.33985102
0.8367609
0.024663657
0.5914239
0.6819505
0.28667945
0.6239008
0.34507626
0.21257615
0.016101087
0.13359311
0.13868836
0.864824
0.2539108
0.3203715
0.52407944
0.66561353
0.29005265
0.09421753
0.9486527
0.7199947
0.6649014
0.39538005
0.23358236
0.72939134
0.3060743
0.79761803
0.7845585
0.94859123
0.6593749
0.63703054
0.35410017
0.176334
0.6287792
0.54455805
0.31204104
0.927347
0.7879317
0.2924681
0.18457414
0.8569337
0.011118566
0.47120157
0.30397037
0.352888
0.2748659
0.168437
0.2047864
0.54365844
0.4128496
0.084229544
0.9699225
0.64400446
0.20444535
0.2036333
0.5719866
0.6752342
0.5314335
0.8228037
0.7512276
0.3276852
0.94947994
0.023966897
0.84817827
0.3598406
0.02649092
0.8402971
0.489917
0.40008235
0.21257722
0.0093338005
0.28268304
0.12177512
0.3542591
0.9001687
0.32554495
0.72938234
0.9406157
0.15790108
0.62010056
0.6421467
0.5746898
0.35728
0.8081387
0.5922191
0.6746945
0.18240096
0.23069115
0.42738625
0.28602102
0.37987298
0.33058533
0.9137155
0.015852587
0.5571545
0.09846938
0.171188
0.6713416
0.12566221
0.61216587
0.2275329
0.18406405
0.16444533
0.69693285
0.16154353
0.6936671
0.02758552
0.14237131
0.10294457
0.61888087
0.6526104
0.42961925
0.8983842
0.20553112
0.6115912
0.009998825
0.68125653
0.702543
0.94259
0.87301177
0.036819346
0.15135363
0.34936914
0.37466732
0.75799465
0.34669092
0.8073193
0.68052965
0.89342433
0.5793522
0.528718
0.8819807
0.4135912
0.432501
0.7885873
0.56645036
0.15987451
0.5277121
0.46177182
0.10154093
0.16092514
0.6972486
0.40064147
0.8316048
0.4019504
0.33503714
0.52570146
0.67026854
0.54820263
0.36894703
0.34995055
0.09962316
0.94928336
0.3760701
0.4102222
0.015526742
0.29134193
0.95671403
0.1683439
0.7408715
0.9368108
0.14940675
0.037189692
0.5210318
0.27288556
0.7250366
0.1543566
0.49550205
0.29270065
0.63570696
0.11169309
0.71308273
0.9277633
0.60930425
0.67426944
0.049047496
0.8570092
0.54641217
0.86882913
0.9398563
0.6308017
0.0997892
0.89182097
0.19339326
0.2698662
0.44358906
0.69779116
0.89998525
0.1953355
0.06961997
0.74234325
0.2699871
0.71523136
0.9622434
0.8205388
0.57328224
0.4043842
0.9275751
0.1822597
0.9601856
0.9654238
0.7340319
0.3614768
0.7002641
0.26913768
0.048433766
0.30691507
0.06878274
0.34521532
0.8320232
0.5195993
0.31947368
0.09269585
0.6869463
0.00029078953
0.55468297
0.28524697
0.054298453
0.7364308
0.036589354
0.5165447
0.38329524
0.21859539
0.30516413
0.4045233
0.64854616
0.94049215
0.839788
0.59208584
0.5277032
0.04968044
0.12743129
0.9475142
0.04802891
0.5347939
0.28608146
0.18862982
0.1125127
0.5767847
0.41314983
0.53358626
0.72775304
0.07834671
0.5952767
0.0019984804
0.4400073
0.62944406
0.36511013
0.03402708
0.48272517
0.22433251
0.8257909
0.73737216
0.94709057
0.42880827
0.092027165
0.3981556
0.302713
0.56506777
0.62566376
0.06979863
0.1299047
0.14425807
0.24722178
0.17992525
0.5992659
0.8226862
0.4137853
0.026836151
0.5788284
0.82948375
0.32361272
0.58621585
0.32242325
0.09642855
0.11419864
0.9587129
0.41651967
0.57065046
0.9396702
0.67504734
0.29810253
0.53611594
0.7864947
0.47396314
0.7612855
0.18492186
0.48291972
0.75764394
0.4408074
0.5687853
0.12251228
0.18749197
0.8716736
0.1385113
0.1465868
0.56186587
0.05172632
0.1563715
0.75421727
0.30738586
0.19603054
0.3548912
0.3102127
0.31830117
0.9467864
0.48044723
0.313665
0.17885523
0.17836389
0.39171046
0.47254214
0.98176026
0.752116
0.86177725
0.11538729
0.76730955
0.19287106
0.76044554
0.3041021
0.20694135
0.22699815
0.30346873
0.959611
0.6836396
0.76789033
0.35945752
0.42133957
0.059308834
0.07052017
0.6369038
0.6891629
0.8387416
0.93050414
0.31788012
0.054502923
0.53189355
0.19718741
0.3892058
0.24925092
0.69597435
0.015681721
0.42758414
0.56080073
0.9560273
0.2580724
0.13055429
0.9191424
0.95241165
0.04606361
0.46087596
0.6251194
0.6713205
0.89712006
0.2779252
0.89879924
0.24290061
0.8729105
0.7638375
0.2550569
0.8986956
0.85712796
0.779912
0.19948044
0.14495802
0.50592333
0.5931729
0.0004640538
0.051132027
0.014224174
0.9059926
0.31848454
0.18654592
0.33144453
0.6879687
0.76041305
0.36678523
0.884951
0.19397254
0.22220065
0.79135054
0.86995286
0.532618
0.33826816
0.27175996
0.0010714774
0.92566043
0.12639292
0.28168577
0.30519918
0.21788244
0.20159271
0.29930216
0.5608255
0.8252727
0.4659553
0.18032494
0.67571086
0.8486134
0.632956
0.9174231
0.98286927
0.033863705
0.62207365
0.8181112
0.4706284
0.8995021
0.08867799
0.6721522
0.728356
0.34178802
0.48133928
0.82115054
0.3965136
0.76428723
0.8892794
0.46020654
0.8048164
0.10165646
0.4485727
0.39193916
0.8503063
0.34855798
0.9532528
0.13596843
0.44464597
0.60938174
0.5289603
0.68304
0.6475372
0.6330929
0.5123554
0.6339091
0.29658666
0.5277135
0.070553064
0.33036467
0.6214863
0.34390453
0.8639718
0.5698624
0.61142373
0.08864734
0.10852942
0.015840624
0.7195205
0.0028323845
0.789538
0.4311657
0.19420956
0.6897661
0.4355643
0.32513836
0.5336981
0.72818327
0.43144754
0.24333078
0.2952125
0.8030207
0.37926048
0.5316139
0.71064746
0.3262234
0.216719
0.91333747
0.43865287
0.8332849
0.75164616
0.6734835
0.28884688
0.8859552
0.6652577
0.41635188
0.9769435
0.08257822
0.15694112
0.6806026
0.8114269
0.33731502
0.99242777
0.16929169
0.94057894
0.422943
0.10795854
0.56717926
0.24146897
0.7759614
0.032764707
0.69149935
0.28191516
0.7964054
0.35291967
0.03599936
0.7062927
0.7233317
0.700176
0.56431144
0.7378329
0.30721903
0.70616776
0.8700587
0.385035
0.16388567
0.6658006
0.6342511
0.12138529
0.9769284
0.7853741
0.6468924
0.483858
0.5405988
0.09290848
0.92965114
0.41290134
0.32237372
0.49750778
0.8345268
0.77339095
0.3129824
0.8696006
0.7633236
0.3394634
0.920108
0.81981975
0.9528988
0.8454851
0.058135528
0.76106584
0.22719887
0.71778893
0.79521585
0.5397308
0.16382621
0.9534163
0.30936372
0.59300387
0.116256505
0.42153093
0.25435418
0.38628262
0.42242387
0.33668473
0.06573378
0.6067228
0.7621515
0.09094857
0.88613164
0.5248824
0.0037080657
0.44443896
0.5859313
0.376048
0.056031317
0.34530762
0.4541412
0.34003386
0.8966968
0.37918383
0.40079904
0.8910231
0.83157635
0.31071362
0.56582105
0.10442457
0.19896558
0.8462411
0.29861918
0.8804272
0.9454507
0.7457858
0.8788755
0.982737
0.75984836
0.8020164
0.5840752
0.15580536
0.5104403
0.6048089
0.9582344
0.67025137
0.9265796
0.9224381
0.55102533
0.022998298
0.6516761
0.16502832
0.028581977
0.52124935
0.1631418
0.25551453
0.842633
0.38566053
0.26937842
0.55226725
0.3266309
0.37146008
0.3027038
0.91881996
0.5153561
0.10551723
0.1841864
0.592139
0.9816644
0.5585488
0.8450114
0.88900113
0.676183
0.3429229
0.19987378
0.40466297
0.59977394
0.14760537
0.97576827
0.81650096
0.61557114
0.019366624
0.56134486
0.6820521
0.26992124
0.43354368
0.05271693
0.9500402
0.9766914
0.2796979
0.55302566
0.20041351
0.71112937
0.73832935
0.6203869
0.5872892
0.22512029
0.537696
0.50510764
0.1477913
0.13884407
0.032171167
0.486681
0.9835235
0.6476627
0.84148794
0.11209154
0.66599643
0.5706552
0.5641797
0.39330494
0.500591
0.94308966
0.9615553
0.3915654
0.95667374
0.63976127
0.7463356
0.8479055
0.1915019
0.5993748
0.33868855
0.73096234
0.2787451
0.13101852
0.59521836
0.84392726
0.68707085
0.66128355
0.526297
0.18105617
0.5655739
0.478645
0.6586532
0.9859995
0.72020143
0.8645215
0.86999196
0.5789119
0.7823868
0.34982958
0.68017507
0.6948492
0.29341316
0.2055322
0.66744953
0.60666853
0.5949054
0.9644872
0.960413
0.012105645
0.4054805
0.8122271
0.85190576
0.052178673
0.18060371
0.07773835
0.436205
0.6788771
0.062953465
0.37947345
0.13257542
0.62049955
0.39296365
0.04990422
0.752221
0.03146804
0.70209885
0.7528854
0.41214326
0.52988565
0.9341127
0.41906455
0.16150016
0.098810084
0.34601396
0.71969604
0.91529816
0.15006728
0.07016522
0.7509307
0.16223855
0.05044785
0.88852876
0.028876197
0.38846886
0.14575523
0.70956826
0.45846096
0.0044314936
0.40548396
0.6354639
0.05877824
0.510628
0.82970876
0.87144357
0.8599921
0.8884772
0.6205917
0.33867708
0.5098939
0.633878
0.008090838
0.9151909
0.83407485
0.99430084
0.48007995
0.16031164
0.5181446
0.56034297
0.96905404
0.7262717
0.090516314
0.9572147
0.11815114
0.09067589
0.03544663
0.7570067
0.44338375
0.51219577
0.81243896
0.3026726
0.48939472
0.22795993
0.006813913
0.51996785
0.70601
0.35324156
0.8824837
0.413561
0.31707087
0.64795256
0.9304941
0.08206119
0.6740409
0.1700461
0.14584975
0.23055126
0.42025694
0.8928376
0.04662928
0.82032216
0.6403875
0.6925783
0.38136837
0.81892717
0.31495425
0.006311449
0.6552465
0.9883467
0.5884427
0.910682
0.93875635
0.52886266
0.88235706
0.34798715
0.039730527
0.41731197
0.29335037
0.6987856
0.62256354
0.94657797
0.13268895
0.86761206
0.98521274
0.10084861
0.23272656
0.7730198
0.03621689
0.86688596
0.6652934
0.97918326
0.049436893
0.19212452
0.1708162
0.8107942
0.39052904
0.1601398
0.1867925
0.76428246
0.41321662
0.79340893
0.67689097
0.34253806
0.10855195
0.18199204
0.51426107
0.24881975
0.17887375
0.6622549
0.72861826
0.35620797
0.7540662
0.27570376
0.8182782
0.08880013
0.26920426
0.36654827
0.5751661
0.3469603
0.6984437
0.7148548
0.26869768
0.3421307
0.506969
0.110866316
0.51383615
0.5794432
0.78475565
0.8655856
0.38459632
0.022524145
0.402411
0.9767662
0.45276093
0.37291816
0.63309777
0.5825838
0.540974
0.6747921
0.61179626
0.2270787
0.3014722
0.9146469
0.76806396
0.060093526
0.6376832
0.40993592
0.67530346
0.6659135
0.28656468
0.22410952
0.2666271
0.5856285
0.13161632
0.92578095
0.9369381
0.8835213
0.56821847
0.18708089
0.3922234
0.1117459
0.077539444
0.7242875
0.3167068
0.4539582
0.61362547
0.68212485
0.6107083
0.58924204
0.32439864
0.052470714
0.61645645
0.45138267
0.66992915
0.050948475
0.091506906
0.3744362
0.32049957
0.57211834
0.08068202
0.26167333
0.2909035
0.570522
0.118972756
0.7560481
0.08497014
0.6583332
0.86340946
0.1763401
0.8194933
0.1867443
0.82536346
0.3529723
0.120765604
0.44135407
0.34550175
0.9826203
0.8823016
0.2950417
0.5811085
0.3304881
0.822484
0.891988
0.4080636
0.25660047
0.95291334
0.1568536
0.34027717
0.15536937
0.8045949
0.0068212487
0.9636705
0.040105674
0.6514904
0.42797914
0.9987313
0.5489698
0.027456634
0.8835014
0.672872
0.46638057
0.10933295
0.26037982
0.027097201
0.96104753
0.7292641
0.41373402
0.797115
0.82430774
0.39427242
0.9464191
0.08990325
0.6460888
0.75993836
0.72759426
0.92092884
0.2401038
0.8955633
0.86551225
0.7726393
0.08810451
0.40358254
0.12534995
0.7083338
0.5747842
0.91681087
0.9492075
0.5938401
0.51076645
0.94760156
0.79745865
0.4495681
0.4479801
0.7699718
0.95744306
0.57206005
0.078991055
0.041197974
0.23297818
0.10647662
0.6312432
0.82575274
0.08449707
0.7611128
0.6657464
0.8798258
0.14130308
0.8665624
0.5331648
0.32474107
0.107949845
0.8490608
0.75995934
0.6320876
0.90300685
0.4645308
0.1199145
0.9760235
0.9160501
0.19203515
0.42323354
0.6032178
0.8165931
0.2064845
0.31752908
0.7400137
0.3491052
0.99340713
0.032436118
0.5290384
0.67815113
0.15305291
0.66308045
0.90880674
0.15003678
0.8093881
0.6452305
0.16162807
0.04635886
0.65685487
0.38591877
0.7730076
0.23846136
0.118229106
0.32467082
0.26210284
0.62211084
0.81148386
0.6600284
0.7708489
0.90445954
0.56356996
0.92412853
0.7247964
0.1251592
0.3972494
0.23151532
0.74059194
0.7968996
0.564936
0.0054951226
0.29254395
0.9559331
0.9418447
0.15612692
0.10875258
0.7380238
0.00383407
0.32134295
0.5144432
0.5151055
0.12355106
0.03340196
0.57370096
0.8004772
0.39838552
0.3597284
0.35704592
0.73699564
0.047483776
0.32050923
0.54499346
0.8194999
0.89329183
0.27343073
0.18504399
0.41111118
0.18141648
0.11457651
0.09130711
0.4719462
0.1108521
0.812657
0.58612794
0.96559227
0.12497182
0.27158013
0.33979204
0.8736873
0.852006
0.5743333
0.41453177
0.30268985
0.8501046
0.20250745
0.7332989
0.24454814
0.9226257
0.68616563
0.7470692
0.2170849
0.015276277
0.8814412
0.9199794
0.82799095
0.89362943
0.26106304
0.14809902
0.6213174
0.6011363
0.29680732
0.8421752
0.22604714
0.277132
0.8611396
0.40222394
0.041382622
0.4026241
0.8916247
0.43160075
0.8879112
0.1758509
0.01093727
0.5706185
0.3455371
0.7920892
0.8767455
0.2436614
0.57183146
0.09696944
0.8792446
0.4542751
0.6133556
0.16320357
0.73813796
0.9955388
0.23775733
0.9381327
0.7200514
0.861073
0.6292271
0.11205061
0.6263614
0.7576386
0.058974244
0.54254997
0.6986191
0.7363136
0.54828185
0.2830849
0.7255809
0.4865976
0.3916437
0.3674739
0.88524246
0.32355455
0.69302577
0.5238248
0.19588795
0.521474
0.22429669
0.19266465
0.68143296
0.6366669
0.7522758
0.72925
0.99569064
0.54622924
0.76785314
0.32215866
0.98065406
0.32859203
0.16278031
0.31774047
0.08116715
0.44379577
0.41820475
0.80335724
0.40990224
0.05689618
0.66893816
0.24010575
0.60630846
0.50138104
0.17674468
0.11418925
0.694854
0.9724106
0.17966871
0.4806674
0.29344505
0.16022444
0.03884041
0.0050657364
0.17292
0.56874806
0.24026404
0.057819728
0.98459256
0.4986119
0.47334445
0.7352133
0.13014947
0.20505422
0.7397839
0.17495047
0.6910865
0.120509535
0.6343379
0.5720642
0.334914
0.30567116
0.3605017
0.66062933
0.25952515
0.3487755
0.9100344
0.6329808
0.48151338
0.9938405
0.41281214
0.7150923
0.46903503
0.013002824
0.547722
0.9291844
0.27320954
0.51059306
0.19503973
0.2969969
0.07255032
0.4684534
0.40668318
0.19254234
0.83402294
0.3664645
0.929566
0.42263502
0.16287428
0.8523554
0.5350386
0.66347706
0.50897866
0.9433589
0.38294297
0.88913554
0.2384117
0.15920432
0.68762183
0.8452702
0.08466796
0.24591495
0.65801376
0.5796909
0.596718
0.54660755
0.046477556
0.2059575
0.7754694
0.2798033
0.64330906
0.94482076
0.7998781
0.87392724
0.26296845
0.76708657
0.38258418
0.648149
0.8014299
0.0070542805
0.6428969
0.035772014
0.12616168
0.2170603
0.9825401
0.26514807
0.50551975
0.36024547
0.20046176
0.29623574
0.84691894
0.27966517
0.4597673
0.40326682
0.09596261
0.6384422
0.053203743
0.5294854
0.2868882
0.916925
0.13962547
0.4110934
0.40604988
0.800679
0.9091715
0.6167613
0.8369603
0.8238348
0.05816203
0.28918
0.38179937
0.042218044
0.7747402
0.25497884
0.30078968
0.0744877
0.63044375
0.66024095
0.5828543
0.6844444
0.55903274
0.5837536
0.11566887
0.624684
0.23710874
0.9850876
0.72125447
0.946555
0.53303295
0.1998437
0.54535735
0.91188073
0.64067
0.9489999
0.7163419
0.6560863
0.74552643
0.44537264
0.17504951
0.8117103
0.34702846
0.9717757
0.5238989
0.7362312
0.9528675
0.12138935
0.4977772
0.15049618
0.43410084
0.9747119
0.93625164
0.21138902
0.098804675
0.60354865
0.5016341
0.065394975
0.6911303
0.80016965
0.42853808
0.74276876
0.5670121
0.8400756
0.9963256
0.8073798
0.20779587
0.7955383
0.6618697
0.4335251
0.4365777
0.43243343
0.00070337206
0.5265734
0.54300743
0.9665749
0.26576328
0.96703976
0.30226305
0.94903046
0.59120053
0.101868555
0.42258292
0.91337836
0.6932377
0.07031837
0.83561426
0.69035876
0.2158583
0.82107127
0.80814195
0.49580848
0.25170264
0.71429884
0.67665315
0.343855
0.9056432
0.60943395
0.04844861
0.6381281
0.9487209
0.5536176
0.4492735
0.48312053
0.84410506
0.9952001
0.282814
0.5325272
0.082470715
0.92697227
0.48870912
0.3561651
0.3349873
0.66616315
0.51345956
0.55010253
0.19889085
0.5902532
0.6798315
0.22270429
0.61281866
0.60058695
0.48091182
0.5169728
0.5821504
0.2419541
0.5466643
0.123645626
0.66882145
0.1983826
0.14545166
0.09499091
0.00814393
0.9921608
0.7772276
0.5418141
0.62754774
0.057674553
0.9665142
0.14186436
0.85631967
0.56706136
0.641099
0.4929683
0.5367383
0.8202005
0.30143514
0.8065271
0.48668802
0.25469044
0.048710614
0.053385258
0.3755229
0.55818725
0.8089915
0.28685793
0.7671659
0.4260365
0.97802263
0.11678038
0.055604678
0.3532038
0.003005986
0.2671341
0.46138152
0.36870417
0.85035014
0.08843175
0.722894
0.44057682
0.91434646
0.9579271
0.29837176
0.2572956
0.88605636
0.58350843
0.78047526
0.40760815
0.6844308
0.3622749
0.26437274
0.32919812
0.76392704
0.19100286
0.5909573
0.3429931
0.15116282
0.82669604
0.80773306
0.641298
0.31756812
0.9443835
0.7273016
0.37677303
0.21047117
0.90361565
0.059493918
0.035308946
0.16323712
0.40390602
0.37597728
0.64294124
0.3606076
0.24162617
0.9573273
0.1426273
0.85836834
0.1658056
0.2105702
0.54980785
0.77904075
0.038655147
0.84796166
0.8819989
0.25787228
0.13893636
0.7841379
0.9297658
0.20729788
0.5394559
0.9330338
0.77736884
0.12690815
0.58288664
0.08792361
0.40583503
0.4711128
0.59584147
0.7851505
0.5428348
0.38581172
0.29383942
0.15005404
0.07728564
0.915668
0.4857116
0.20070095
0.57424515
0.21899623
0.016459223
0.7266635
0.61579144
0.9856903
0.9849768
0.6050033
0.119498014
0.24806692
0.10414862
0.4659451
0.69696873
0.21615405
0.2069907
0.18724433
0.7156215
0.45454076
0.13493115
0.33574474
0.8125617
0.9009292
0.91457206
0.7919838
0.18462928
0.67897207
0.39171907
0.070720755
0.27702826
0.8757225
0.87471277
0.26188165
0.25201663
0.22311282
0.28933161
0.6485848
0.08046893
0.9536152
0.058273546
0.42349505
0.57990694
0.7479544
0.8725187
0.26517096
0.2014433
0.35658798
0.5886727
0.20899023
0.53919995
0.6809641
0.3927265
0.038747527
0.84374905
0.70165217
0.16042894
0.6916363
0.2147476
0.50931853
0.24861276
0.528498
0.19641209
0.99803656
0.3552053
0.11003937
0.46062088
0.6810091
0.82722056
0.22205229
0.7724111
0.10424912
0.1402003
0.76062703
0.69132
0.43513203
0.20711401
0.25986978
0.5026161
0.18151392
0.054126006
0.88240916
0.17722696
0.8792735
0.33238873
0.32895812
0.20660779
0.11489648
0.9930865
0.20394714
0.30789104
0.8822239
0.48362517
0.9179268
0.32851794
0.5529969
0.7490548
0.3305591
0.53196347
0.89018136
0.9859065
0.6850909
0.74166644
0.57282317
0.02143093
0.44262037
0.38572475
0.05001841
0.2841927
0.8140148
0.9000532
0.060751267
0.1076242
0.7111598
0.9187596
0.89416075
0.75507706
0.13996679
0.4503163
0.574128
0.63566816
0.02242938
0.4406036
0.28872284
0.998866
0.6285034
0.4900421
0.13564183
0.26327962
0.45571133
0.6157545
0.6188579
0.82251954
0.9130739
0.5267365
0.97586626
0.564236
0.7837506
0.8750233
0.96964806
0.042087108
0.35619688
0.34528342
0.06464739
0.4863488
0.6520124
0.59641606
0.7929325
0.6210748
0.12397049
0.11891319
0.5566502
0.28145257
0.7943551
0.67433965
0.87616366
0.72054553
0.1656783
0.5026547
0.30006906
0.40604532
0.71388704
0.25005615
0.21286064
0.5214229
0.49994957
0.79454863
0.3642141
0.08592483
0.65993685
0.9058412
0.0035545367
0.54911673
0.2797772
0.54790616
0.017492237
0.83587456
0.46471012
0.72515535
0.890807
0.40904143
0.552081
0.9817165
0.8940476
0.005849224
0.5420431
0.5161329
0.9800103
0.96200794
0.9844122
0.66661775
0.17598459
0.9059791
0.97127724
0.023894064
0.8087093
0.9211427
0.029586695
0.5297765
0.5090482
0.22412895
0.19563092
0.7699584
0.53444463
0.5801258
0.11483233
0.8188597
0.34650326
0.7729791
0.9127192
0.4816417
0.810478
0.0105916755
0.28645512
0.4529868
0.65672076
0.3808689
0.90320075
0.9156612
0.85434777
0.7853988
0.32805097
0.29420358
0.48275402
0.46799687
0.55268633
0.29041705
0.68262535
0.7205451
0.54577416
0.07551904
0.9304551
0.30621773
0.22253865
0.6740537
0.7687151
0.04426879
0.061598226
0.117482886
0.9491893
0.034423493
0.49314833
0.7327679
0.04788585
0.89736754
0.4597584
0.879948
0.7044484
0.46938422
0.7860414
0.73998517
0.19107349
0.18029022
0.7509579
0.053863067
0.23530072
0.5119551
0.60738707
0.36448067
0.88119733
0.29102725
0.26147735
0.35905403
0.6502376
0.60136694
0.6814077
0.7944944
0.5611918
0.5002796
0.09440027
0.65621924
0.4851675
0.3571063
0.2486081
0.87418294
0.28086102
0.39431593
0.44282714
0.23112223
0.69878703
0.73468184
0.96258557
0.25280917
0.9639589
0.45345634
0.7049368
0.6044961
0.61862594
0.7728968
0.4205714
0.28791258
0.9154439
0.35019094
0.25459796
0.39968094
0.4120536
0.3710983
0.774318
0.4450806
0.7281551
0.27903157
0.88255674
0.96016204
0.6675655
0.65783155
0.33492586
0.17293495
0.06258782
0.7659677
0.96542996
0.40526712
0.75812244
0.8608836
0.20455486
0.23150401
0.11652533
0.5604677
0.3363113
0.24067008
0.0059106904
0.23358685
0.10924647
0.48594475
0.28477055
0.20117006
0.677225
0.19881885
0.88126093
0.51043814
0.5073467
0.59653825
0.9323986
0.20741315
0.0940375
0.022406993
0.8973014
0.2413475
0.58619785
0.47880417
0.14156602
0.41355756
0.41514286
0.42017555
0.59570426
0.7880225
0.88366747
0.280763
0.06514675
0.85970974
0.29580063
0.688426
0.5529087
0.73559093
0.09508238
0.72475386
0.763682
0.95558834
0.03311619
0.7518767
0.26196802
0.121200025
0.70578146
0.5719055
0.8925511
0.8462919
0.81750447
0.024850925
0.71304476
0.5058246
0.19312602
0.20154718
0.54692674
0.2502966
0.5078615
0.5557383
0.069061555
0.62550116
0.905386
0.3805164
0.72862947
0.96634525
0.77928984
0.03921786
0.63230705
0.44473487
0.8357405
0.45707968
0.50726163
0.2750366
0.77817404
0.32396328
0.57926005
0.63618404
0.89979213
0.15567611
0.6306627
0.4208479
0.9072
0.4924967
0.8232741
0.5294265
0.24572483
0.01649535
0.72871953
0.5430895
0.40371075
0.27243787
0.26702926
0.045402158
0.36643258
0.15488926
0.80281967
0.950509
0.60426086
0.0044675153
0.8657508
0.6214327
0.5345565
0.1478991
0.8692372
0.412297
0.9566511
0.9464175
0.09207658
0.7958273
0.81649613
0.8829079
0.7878917
0.014249055
0.85362583
0.55015844
0.0076056668
0.955472
0.4446273
0.16566086
0.4620186
0.5389468
0.7489179
0.9608708
0.6348457
0.13021947
0.7431436
0.9241914
0.8884141
0.6719509
0.1850598
0.9814478
0.20394455
0.12941764
0.22910993
0.28803828
0.28036806
0.79218024
0.59811294
0.81997794
0.21062887
0.029279789
0.9116025
0.30029443
0.64990735
0.2919315
0.7591547
0.30460766
0.7566228
0.06280066
0.8299495
0.86684954
0.6274525
0.19541682
0.6029418
0.93687826
0.5216277
0.46961576
0.98429245
0.21321762
0.10099191
0.24579953
0.29159877
0.5075649
0.83611846
0.598685
0.4778541
0.5023821
0.5433168
0.49430928
0.3264793
0.71435124
0.31053218
0.24976714
0.4327438
0.15201017
0.0038062558
0.8302414
0.8519272
0.3275182
0.1484035
0.43236452
0.88584405
0.3162177
0.0032759327
0.0732345
0.5511871
0.49999362
0.90730214
0.5407994
0.10507889
0.013139588
0.15824126
0.86796796
0.56666845
0.51831955
0.9127847
0.6232772
0.4304244
0.104929015
0.0027983051
0.01172459
0.8246669
0.04610669
0.12934962
0.021032732
0.662575
0.8176263
0.13662413
0.40753016
0.8988662
0.46831873
0.11672621
0.58649945
0.93954885
0.09154468
0.9421104
0.57366526
0.22668539
0.31448254
0.87737
0.016463852
0.58003134
0.9462441
0.5460583
0.35875222
0.019467412
0.4700634
0.27459478
0.08195948
0.8579794
0.89771456
0.1573873
0.2342929
0.297113
0.56323326
0.4215174
0.7818424
0.14070617
0.5543707
0.98465776
0.43187654
0.39496902
0.0804171
0.6672875
0.030869097
0.7974138
0.69449955
0.015496274
0.14640726
0.3037713
0.055538774
0.861139
0.8768861
0.74018747
0.9608
0.5523434
0.1178095
0.08560296
0.83880967
0.19646229
0.057890058
0.9875558
0.8620443
0.24297027
0.24326734
0.97155267
0.23553884
0.29205486
0.6465927
0.97872835
0.9936309
0.69843453
0.49143487
0.3362958
0.8260321
0.98916686
0.33292156
0.49935448
0.28889075
0.96504056
0.36013165
0.9113379
0.49666345
0.15022883
0.44017142
0.2599113
0.94191146
0.5257763
0.31398958
0.74711156
0.94000196
0.96505016
0.7362077
0.90364313
0.48120207
0.4475316
0.44610932
0.34820226
0.06182062
0.025966907
0.24964823
0.8321443
0.25516376
0.8594279
0.5210336
0.97900677
0.84401035
0.6463153
0.68270624
0.03368267
0.29056138
0.38641554
0.1830625
0.32411516
0.18008758
0.04978582
0.0022928014
0.18121961
0.65092725
0.33985496
0.24981478
0.717236
0.92803794
0.8413715
0.041697584
0.014467614
0.43695143
0.58862704
0.07141667
0.019423658
0.2854763
0.8415482
0.66389894
0.9662983
0.47307336
0.18476532
0.14179811
0.37705606
0.8362402
0.98425657
0.6177196
0.8126063
0.39474925
0.15985179
0.24208751
0.081948094
0.27875704
0.21161681
0.99865144
0.8963633
0.75338167
0.46425277
0.42564556
0.21230802
0.3947668
0.2979707
0.5955728
0.5882597
0.00506743
0.8628248
0.10073747
0.5477402
0.45204154
0.38928738
0.1927729
0.34536096
0.16248313
0.73773676
0.6053271
0.15332913
0.97855175
0.24244678
0.89255553
0.48389578
0.65158755
0.610915
0.7090155
0.11816889
0.74495214
0.27977133
0.78594565
0.71118337
0.97419363
0.7014558
0.98041755
0.91277844
0.061727982
0.8343819
0.5737674
0.78127646
0.7698378
0.65180796
0.81181705
0.3113054
0.666941
0.4994923
0.91303176
0.39834794
0.118210286
0.23549408
0.8808961
0.97114533
0.112391144
0.6045214
0.85337144
0.60993886
0.78170496
0.5545163
0.40120068
0.121937186
0.33931372
0.4758207
0.20543428
0.45445234
0.016956802
0.7033106
0.37211826
0.40672523
0.96123624
0.6204669
0.8302809
0.7450666
0.42722344
0.8508286
0.29297218
0.19224702
0.2635648
0.7019288
0.90640175
0.9439168
0.3162221
0.20829132
0.90418905
0.45643637
0.9425351
0.41059363
0.80693114
0.5832263
0.36446074
0.41737014
0.26296598
0.7120171
0.3584878
0.49759188
0.3949955
0.3363203
0.0015034861
0.36736873
0.11970509
0.52194697
0.003278793
0.5425687
0.2347911
0.5752003
0.44942075
0.7663997
0.1268478
0.93567735
0.88519675
0.47684935
0.5139255
0.6983447
0.90857893
0.2702267
0.04995999
0.6955916
0.9740004
0.9960632
0.85692656
0.5819965
0.5937584
0.7749521
0.84410083
0.9085549
0.93165207
0.730215
0.9725908
0.13502657
0.7268326
0.83686715
0.23964696
0.87172467
0.008660611
0.21669626
0.1996084
0.72407544
0.7766467
0.21324632
0.60580415
0.9474272
0.3325123
0.21128893
0.564547
0.24420217
0.4089757
0.751337
0.46151787
0.21191394
0.5085921
0.67950463
0.18487944
0.89581126
0.30890775
0.10574775
0.6466937
0.2007781
0.24984248
0.5871968
0.47935075
0.41855124
0.9499596
0.8223111
0.8568583
0.7196496
0.849709
0.32918057
0.20774303
0.20744225
0.66188514
0.7055871
0.21883456
0.4209746
0.8193996
0.58078593
0.11078366
0.38751277
0.66584784
0.40871528
0.08209382
0.9558598
0.75107247
0.67434794
0.79160315
0.3248987
0.5865679
0.057392437
0.4410751
0.8870937
0.63667434
0.7656532
0.94599617
0.6394147
0.30157465
0.43892017
0.94512403
0.48660064
0.35961816
0.30836728
0.7749197
0.98458874
0.40039352
0.83700794
0.32042453
0.97520274
0.7416638
0.61039764
0.03969431
0.22756371
0.6725304
0.014524773
0.12462626
0.11014403
0.71203285
0.6529441
0.9434686
0.21934643
0.20248438
0.31165415
0.18299903
0.35832208
0.069956034
0.95575106
0.013763046
0.11041983
0.64710057
