1.5006502
2.1082146
2.1165712
0.5750747
1.4067361
-0.7124658
0.6740022
1.2207934
1.2934139
0.818115
1.1147127
1.5104642
-0.5380511
-0.13258952
2.7844388
0.8336675
0.7461865
0.91076577
0.11880554
1.9868212
-0.86637884
-0.7409943
0.13561305
0.91915286
1.9784887
1.1830963
0.4440029
1.8696183
0.2178815
-0.09526711
-0.35962906
1.7099931
0.7097707
2.4455934
0.11805754
0.99627435
0.7454805
1.2782716
-0.6594655
0.2586306
1.3385029
0.06330363
0.09681946
0.47201303
0.26701337
0.8249811
-0.9649023
1.7051814
2.2475276
1.0941856
2.4269285
-1.1607144
1.5877821
3.1107419
2.0784762
3.843732
-0.5339967
1.3630209
0.104155466
1.1477542
1.8300062
-0.57140744
2.2285092
1.7962751
2.8468041
1.0818938
0.76290977
0.9445301
2.5337543
1.4796711
1.24553
1.4594737
3.2656622
2.405845
2.1516995
-0.3854106
0.32695276
-2.9194746
-0.8471282
2.5644472
1.325011
0.5958213
1.0375199
-1.5274527
-2.8030887
0.21108845
0.868774
2.2879844
0.8033227
-1.3799376
-3.1997428
0.33992392
1.9787421
1.6817018
0.5495175
0.69903207
-1.936386
-1.3099959
1.877567
0.31955957
0.5863983
0.26667395
-1.4385962
-3.3253162
1.7628688
2.729275
2.5523736
0.60587496
-0.4606205
-3.048274
-0.9097432
0.5303564
0.41132003
1.0287393
1.1880413
-2.0350778
-1.7789931
0.20799378
0.8582741
2.262355
0.21352741
-1.3777971
-2.3320146
-0.3850188
1.1829655
1.9748615
0.19185908
0.13089122
-3.1537058
-0.7444287
2.7716532
0.4796077
0.52119553
0.041233502
-1.7753943
-2.494919
0.19769798
0.7597207
1.4829599
1.0244027
-0.008292794
-3.0971413
-0.18998322
2.2522578
1.1435134
0.6612156
0.55453813
-1.7030787
-2.3912704
0.216362
0.4369286
0.9861478
0.028502256
0.0067328215
-3.782473
-0.30841732
1.3717768
0.57691854
1.5155833
1.4030958
-2.7229054
-1.217334
0.43791056
0.27005363
1.065428
0.79775214
-0.08325967
-3.505648
0.4676193
0.95219594
1.2798605
0.2815078
1.2605548
-1.0215529
0.7528564
2.9176066
1.6543102
0.7521777
0.43531036
-1.2856224
-2.1845136
0.9882312
0.9133407
1.2543887
1.5060114
0.54835296
-4.134475
-0.4066164
2.439229
2.0156503
0.8520036
0.46905917
-3.15802
-1.4838991
0.658649
1.5494167
2.4293442
0.87938213
0.38234836
-1.8983619
0.65755975
1.5106189
2.2534032
0.34694284
0.2454341
-2.9811344
-1.6116053
0.9308251
1.480586
0.68438923
0.8364044
-1.7590292
-1.181827
0.61327416
0.31906983
0.035826962
0.66169554
-0.50600374
-2.522678
0.30326438
2.2453544
1.4580603
0.6862011
1.1634686
-3.7190294
-0.6207251
0.4371322
1.994445
2.545416
0.5494312
-0.837785
-3.5275126
1.7608292
1.766247
0.011430727
1.3878233
-0.14670771
-2.035085
-0.5596253
2.1272876
1.3617743
1.0056809
1.5284146
-0.10905588
0.47419652
1.9263064
1.3776507
1.2418196
0.66228646
-1.2472653
-2.5760393
0.808445
3.2699428
2.1232877
0.85387087
0.18018559
-2.7799292
-0.89261585
2.6820378
0.18677132
0.1979989
0.011115745
-1.6042671
-3.339971
0.6555177
0.96433574
0.8140054
0.9695728
0.7041818
-3.3301656
-0.29052752
1.7034869
1.1023093
0.6477663
1.2131616
0.860077
-1.195245
1.0085139
1.1238163
1.8564305
1.0049242
-0.009269595
-4.356018
-0.7129369
1.1650505
2.0175424
0.47018227
1.6442463
-1.815821
-0.4792569
1.300725
1.9655936
2.2222006
0.2534126
1.2488899
-1.6446104
1.0488812
1.162383
0.29978994
0.061256483
0.7216618
-2.3288493
-0.34549358
1.8561798
0.607412
1.0624866
0.9297302
-1.7227687
-0.987226
1.7270448
1.114083
0.7495448
0.9008678
-1.1672555
-2.1908011
0.39042056
2.090867
2.062802
1.5226274
1.3411901
-2.6344564
-0.52162933
2.7483666
1.8018054
2.3032496
0.5021018
-0.2683323
-2.565925
0.2450696
1.0889516
2.2277398
1.0269213
1.0971129
-2.4574385
0.41845244
2.7843325
2.6405754
0.97625023
0.4517434
-3.2612696
-1.8190215
1.275765
1.6238208
2.955427
1.0529135
0.86118686
-3.0757291
-0.4055724
2.2907927
1.6896338
0.87088656
0.66525877
-3.3801594
-0.7294362
1.4815466
0.14459722
0.72226715
0.5754979
0.4077435
-3.4273117
1.7214379
2.2257328
1.3316376
0.43846077
1.2016878
-1.512782
-0.31502634
0.42886972
1.9992886
1.6362946
1.5845412
-1.4560623
-1.3006905
0.3065318
0.614463
1.3824002
0.5482852
0.5855752
-2.2694764
0.3749663
2.839565
2.393211
0.4475289
0.48443913
-3.5504613
-1.6633844
2.212168
0.68617916
0.894201
0.20477824
-0.464711
-2.2600694
1.5580871
2.1784418
1.6358185
1.638697
0.517357
-2.0557811
-0.23659562
0.23968358
0.4210189
0.76240486
0.8651376
-1.3534906
-1.2405968
0.5613353
0.45970744
0.53398967
1.4614642
0.36423382
-2.2067757
-0.9018663
0.56959915
1.1257242
0.22419615
0.38395193
-2.6897345
-1.4611812
0.66180336
1.2852123
1.962738
0.6761832
0.51656437
-1.3327793
0.7100322
1.3106426
1.5837139
1.6062454
-0.058484197
-2.467317
0.31857622
1.3822352
2.4477372
1.8037324
1.8582302
-2.7169702
-2.0700424
0.44734174
0.47891206
0.76179504
1.852871
1.3806256
-2.9822674
0.08065715
3.1645818
2.739704
1.0143833
1.423954
-1.6675627
-1.296522
1.7345921
0.727893
1.5172956
0.78995156
-0.18196031
-3.5983286
0.36244524
1.0394828
1.786934
0.9960713
0.8425298
-2.7726817
-1.4945676
0.03174882
0.7080414
0.43236428
1.0839747
-0.8907787
-0.5030961
0.79209435
1.1747897
2.3338592
1.0793344
-0.9922014
-3.5679727
-0.3679786
0.8729501
2.400971
0.8266048
0.9138701
-1.6259726
-0.39965343
1.3740903
0.22761217
0.5085951
0.28036875
-0.616328
-1.9462881
0.52978486
0.72036153
0.5024827
0.527739
0.8688896
-1.4465317
-0.17553654
1.608494
1.128058
1.3465558
1.2574735
-0.6321862
-1.6437085
0.23320395
1.1156305
2.9951594
0.9084619
-0.38881716
-3.6557221
0.76380754
3.1121242
1.4286003
0.108185135
1.5345273
-3.5989401
0.21819271
2.2628958
0.81883097
1.4871147
0.6695181
-0.055560485
-2.5364575
0.31259516
0.9982979
1.811752
0.072085716
0.19261262
-1.0347911
-1.2630345
1.8479013
2.6508045
0.96791065
0.6370256
0.3186894
-0.8153189
1.482682
1.2402605
1.4949619
0.75433534
0.152675
-3.8611035
-0.50448793
1.3626829
1.141291
1.2246056
0.28660128
-2.3792272
-0.78801066
1.6949072
1.8899963
1.9951034
0.10253913
0.23522034
-1.2804437
0.95356107
0.9825102
0.075506054
0.47579896
0.75333357
-3.0879939
-0.49980757
0.40560913
0.99852157
1.1182815
1.784538
-0.48546708
-2.8633304
0.66220784
1.0138159
2.044284
1.8017299
-0.27705622
-2.4831672
-0.029963426
2.043365
2.4492755
0.31850952
0.81962454
-2.4256868
-0.10550284
1.161591
1.8916892
2.3494942
0.4561441
-1.2989998
-4.287564
1.6541301
2.481699
2.1841965
1.2372607
0.09141177
-3.9375827
-0.6524959
1.4292339
2.0344872
0.87973726
0.34080285
-1.4367851
-1.0955789
1.978435
1.8823617
2.6756496
1.6724792
-0.8340669
-3.223103
-0.8875589
0.53113914
1.348974
0.988565
1.6744071
-3.1513102
-1.5454654
2.236877
0.5105364
1.2076128
0.6962859
0.30096966
-2.5587158
0.20436773
0.507666
0.7976039
1.8430301
0.70842785
-1.9698586
-0.8517698
1.7580242
1.4236221
1.306056
1.2625802
-2.1982212
-1.1917815
1.6831185
1.5893385
2.2401469
1.4073812
0.7792463
-2.4444366
0.12041338
0.8670318
0.9220462
0.5995773
0.19500986
-3.310391
-2.1462307
0.26876616
1.1972526
2.1622329
0.96454066
0.12310022
-1.7449138
0.16293967
1.2294098
2.8169458
0.5274317
0.17158198
-3.4678917
-1.516112
0.44631556
1.548763
1.4020824
1.4244826
-1.7541496
-2.217928
0.42346588
0.7339841
1.5646361
0.9860429
-1.3263378
-1.5410942
0.5341248
1.844697
0.06461348
1.6048666
1.0286243
-0.95990145
-0.54232794
2.6192865
0.31587818
0.3318155
0.01267317
0.6543273
-1.0404456
1.0918276
1.285337
0.51005495
0.6129391
0.91013384
-2.9407222
-0.47303572
0.3416129
2.617645
1.3257961
1.2943294
-0.8872351
-2.0023906
0.20637622
0.81466866
2.1337962
0.29298395
-0.5734893
-3.3216224
0.71764547
2.8047795
0.38771215
1.0837115
0.086021736
-1.2878456
-0.21634394
0.12304181
0.0809236
0.42027587
0.34038582
-2.524318
-2.2665727
0.2503768
0.3550973
0.27315462
1.711764
-0.32526064
-3.2463229
-1.2206693
2.4807343
0.18992004
0.32917333
0.6102563
-1.8173645
-1.0875825
0.939223
1.1541927
2.0513182
1.0968537
-0.2986701
-2.9741817
0.21948877
2.1449845
2.0181499
0.52634954
1.098783
-2.547929
-0.81030923
1.8507612
1.5373912
1.9759228
0.43785214
-0.65256083
-2.1157484
0.65234905
1.714967
2.8042147
1.7548851
0.77721727
-1.3500117
-1.084824
2.9439085
2.128228
0.89581466
0.30160993
-3.3556433
-1.4460112
1.8317902
1.1128361
0.58741236
1.5036982
0.84584665
-3.3420112
-0.12092285
3.2190616
2.78971
1.716826
1.334222
-3.5655735
-1.1605088
0.81360376
1.7096674
2.3950684
0.68603486
0.32783633
-2.5994453
0.3028626
1.1692581
2.2864754
1.389498
1.0473251
-3.6407998
0.26687926
2.2837925
0.64217293
1.0578009
0.9185457
-1.2783551
-3.255504
0.26466525
0.79195774
1.9773741
0.6996493
0.9595188
-2.8892243
-0.2726238
2.7475138
1.7679269
0.22100559
1.8448434
-4.513308
-0.5110798
0.49398556
1.7477002
2.4791775
0.7308628
-0.5115191
-3.1009285
1.0853851
1.2230148
0.36166024
0.9681249
0.60163623
-3.4584584
-0.12774539
1.5984088
0.9970559
1.296874
1.3701603
-1.7728411
-2.0899706
0.00031178433
0.56726044
1.6971649
1.9920957
0.57713324
-3.8496096
-0.6679813
1.0939269
0.4530025
1.3576713
0.9094013
-0.524752
-0.62609726
0.48939693
0.69765943
0.8539277
0.15307528
0.089589804
-1.7285073
0.30497378
0.51968336
0.56726676
0.039470922
1.3194895
-1.9216546
-0.6058392
1.3015699
1.68255
0.7257192
0.34541646
-1.5007137
-3.120329
0.5216917
1.1293584
2.6018891
1.7131795
0.8069714
-2.2039125
0.45123088
2.5265362
2.5353038
1.1446586
0.19878268
-2.7100616
-1.9651542
2.1658258
1.9304132
2.0101163
0.07833131
-0.68875045
-1.4578183
0.41616595
0.64982325
0.61583346
0.7613338
0.29119444
-1.8821595
-0.7536353
1.404404
1.6541797
1.416494
0.9959929
-0.24144813
-0.5706138
0.92561525
0.4833563
0.060873095
0.3009452
-0.5077826
-3.648311
0.9712236
3.4321449
1.3064345
0.06350207
0.10008188
-2.9257925
-0.3042228
1.3164209
1.8854566
2.4025357
0.5158635
-0.7064221
-1.6204829
0.04782123
0.45075038
1.0644379
0.12635274
-0.25671363
-2.5889356
-0.17059593
0.2800759
1.8382114
1.3420153
1.3495059
-1.7223676
-1.4109204
1.6654326
1.6628801
2.4863594
1.8646853
-0.76832736
-1.0781674
-0.024774507
2.7549424
0.8548428
0.00308478
1.9722703
-1.3124743
-1.3019947
0.79808736
0.8774072
1.7822618
0.9051316
-0.022789598
-3.3130713
1.5158752
2.3151417
2.1095896
1.1511217
0.778064
-2.2454932
0.40782893
2.866804
0.33211267
0.4462072
0.35950878
-2.9447966
-2.4404192
0.7168691
0.9480969
1.7659717
1.3960642
0.6112607
-1.020102
0.2825328
2.2277944
1.6365807
0.4220478
0.51714087
-1.3414257
-1.1302236
2.041915
1.065804
1.6342487
0.567135
-0.36571157
-3.2671766
0.08808947
0.4496423
0.9514596
1.8796147
0.22423384
-2.1141655
-0.8460309
2.0205393
1.9461417
0.6578474
0.8420397
-0.14782241
-0.70752555
1.4224215
1.358001
1.9378273
1.1185294
-1.4786336
-4.0304985
0.13178742
2.281004
0.8792069
1.2931548
0.2573753
-2.0396574
-0.7754026
1.6794357
1.3288136
2.054556
0.7250918
0.94157356
-0.62182635
1.3471699
2.12208
2.0475044
0.057378046
1.0125484
-2.3233593
-0.72761416
1.4252256
1.1323106
0.63727653
0.54506326
-0.37396118
-1.3130636
1.1896012
1.5863676
2.973098
0.68193144
-0.66847605
-3.1044126
0.46609935
2.6006083
2.309666
0.71050787
0.77479154
-2.8821387
-0.30371955
0.14834937
1.8633139
2.077554
0.21159138
-0.1761665
-1.4484823
1.2486309
1.8824208
1.6741174
0.29313654
0.53285575
-2.5550628
-1.8268398
0.41453534
2.4842012
1.7795116
1.5262482
-1.5773578
-1.8899357
1.8160014
1.846678
2.8121872
1.7149124
-1.4992316
-3.1467998
0.12297408
1.6975608
1.5975877
1.8918107
1.7775534
-1.6927552
-0.10696575
2.1671302
0.23638383
0.98303545
0.7466588
-0.980906
-1.5859767
0.4639864
0.64159805
0.4660117
1.5917581
1.2496384
-4.0539527
0.08418141
1.2290409
0.30150875
0.9360109
0.92826706
-1.5835395
-1.8248861
1.0892472
0.8027157
0.77068824
1.6443611
-0.376881
-2.9076521
-0.45367306
1.4745619
0.7005502
1.3749557
1.1087512
-2.1020632
-1.5664315
-0.42081252
-0.31173104
1.2707748
-1.8143744
-2.7471614
0.40889418
-0.65227324
0.71244574
1.6963396
-0.6030813
-2.1665838
-0.51679784
-0.0010358995
0.554079
0.06920552
-1.5176303
-1.0498916
0.32466313
0.10108346
0.69710255
0.93268305
-2.9062037
0.0
0.0
0.24809822
1.95982
-1.4665797
-0.9651775
0.6190845
-0.7334388
0.41128942
-0.505919
-3.2237158
-0.015958048
-0.4698189
0.18022095
0.84687114
-1.6441232
-0.78469634
-0.18224262
-0.0007930289
0.4148336
0.084041476
-3.4842544
0.26889578
-0.64724445
0.11633751
0.32128718
-0.9426551
-2.8808208
0.0
0.0
0.8070893
0.7796068
-2.1569726
-1.9982524
0.39086634
-0.6780752
1.932201
0.91963637
-3.7892137
0.3373019
-0.5879889
0.4821069
0.6754959
-3.1788235
-3.7390707
-0.09632527
-0.0026663768
1.3771304
0.24035054
-2.5699427
-0.28101352
-0.40069896
0.3374365
0.42360148
-1.0106843
-3.5753615
0.0
0.0
0.009161254
0.0056381477
-0.4932655
-1.5086131
0.23993891
-0.64017946
0.43073267
-0.30972326
-2.6173732
0.52978253
-0.41925234
0.69822425
0.99652654
-2.0215626
-0.5066755
-0.9205664
-0.00088085
0.48004994
0.5749786
-2.9576728
-1.606724
-0.018702399
0.37531674
0.6506873
-1.5241187
-2.388507
0.0
0.0
0.81771463
1.2829204
-1.6838166
-0.004724353
0.4230637
-0.6118557
0.59071755
-0.6428709
-1.5775877
0.12655412
-0.07842052
0.60586566
1.4176221
-2.2597163
-0.8354668
-0.00080421363
-0.000504209
0.3181053
-0.3092677
-1.7564042
-0.97088176
-0.35556936
0.55309564
0.6333684
0.04457301
-2.7311506
0.0
0.0
0.82369757
1.0248325
-3.30302
-2.2022116
0.3855528
-0.6526501
0.93449205
0.49685258
-0.9997176
0.42874235
-0.18158281
-0.26341823
0.88200325
-2.3855498
-1.0055308
-0.8818461
-0.0031197858
1.5738478
0.9455791
-1.827662
-1.2603825
0.19876829
0.3509148
0.63616914
-0.18701446
-2.606948
0.0
0.0
0.8669342
1.918257
-3.497456
-0.6570222
-0.24090803
-0.35955954
1.579804
-1.1770151
-0.9312018
-0.506918
0.23081519
-0.17402218
0.8944179
-0.71086514
-1.0189843
-0.9870241
-0.0031000874
1.4994229
0.8410229
-0.879209
-0.37747633
-0.118805885
-0.3077155
0.26260594
-0.9410182
-3.496221
-2.9802322e-08
0.0
1.8232242
0.96447605
-2.1374316
-0.74901056
-0.16338748
-0.1550285
1.5147057
0.7438104
-2.932188
-0.59459686
-0.05724503
0.42948323
1.2950425
-1.8898801
-0.9668021
-0.40149856
-0.0019002215
0.9789634
0.01440388
-1.5262604
-0.5138273
-0.21006858
0.795405
0.9915744
0.28890115
-3.5704002
0.0
0.0
1.1190972
1.7528884
-4.0073175
-0.48218745
-0.11119002
-0.41882372
0.55264854
1.2183691
-3.0901282
0.7525574
-0.16028714
-0.16626221
1.1798805
-1.8548899
-2.4045088
-0.16701566
-0.0030362888
1.4630921
0.8299066
-2.938578
-1.0103784
0.17654406
0.52456367
0.7227794
0.51442206
-2.6496885
-2.9802322e-08
2.9802322e-08
1.2591966
0.58326775
-2.7798634
-0.4400693
-0.17981625
-0.7092113
0.5242741
-0.049420267
-2.1275263
0.643977
0.09409279
-0.037579548
1.0260403
-0.74750155
-2.4438179
-0.13607307
-0.0017602374
0.9345126
0.8895496
-1.822153
0.2603336
-0.6298432
-0.14550778
0.048591822
-0.7118544
-0.9781717
0.0
0.0
0.96993566
0.0043299845
-2.0164604
-1.0910684
-0.26597497
-0.12256517
1.733419
1.3178053
-2.8611274
0.45559433
-0.70817566
-0.04499981
0.2219063
-1.3452439
-2.5477514
-0.8507126
-0.0016636336
0.8272592
0.5971343
-1.3985503
0.10289712
0.5667252
-0.050837755
0.865865
0.49518144
-1.3864162
0.0
2.9802322e-08
0.047410205
1.0316393
-2.8108723
-2.1492038
-0.1357325
-0.44285592
1.9604007
1.8683536
-3.600322
0.47457072
-0.4524648
0.78712285
1.702499
-1.9696867
-0.62887466
-0.7262163
-0.0021521705
1.126976
1.6059657
-0.98864865
-0.9335002
0.72927
-0.07076311
0.80298996
-0.40200195
-1.16962
0.0
0.0
1.9938765
1.3940794
-3.7304137
-0.644817
0.47785962
-1.0012798
0.65330994
-0.14460158
-2.0368242
0.004886996
0.2707012
0.03289801
1.3477018
0.53170705
-2.7477977
-0.49428564
-0.0016589182
0.8065399
0.77994925
-3.5243113
-0.2372755
0.5184379
-0.035282195
0.90452087
-1.3650658
-2.7510395
0.0
0.0
0.40891844
0.5763908
-2.9060073
-1.1458694
0.12693104
-0.41642958
1.9808688
-1.2622579
-2.8695843
-0.68830925
0.13433146
0.45583943
0.89629656
-1.7504563
-2.5481963
-0.08161054
-0.0022950077
1.110156
0.7742602
-1.6414156
-1.1813318
-0.12718955
0.6110487
0.7866339
0.12901717
-1.7995899
0.0
0.0
1.2258167
1.8241925
-1.9387306
-1.2474877
0.055076838
-0.39752585
1.5319363
0.05084783
-2.5737984
0.41823262
-0.6338284
-0.13989308
0.103721716
-1.6754559
-1.7583247
-0.16603412
-0.0014620636
0.719216
0.54037535
-2.348724
-0.70758533
0.31044957
-0.78855723
0.09766381
-0.6542556
-2.584398
0.0
1.4901161e-08
1.8111854
1.6815226
-0.7686448
-0.9224895
-0.532982
-0.40549013
1.3820215
-0.73560786
-2.8381402
-0.4945087
0.2973922
-0.017776672
1.2387451
-1.9425836
-0.37234718
-0.94180214
-0.0034538014
1.7008278
0.24475287
-2.12871
0.47862273
-0.31118807
0.6522944
0.85442346
-0.00478971
-3.4234838
-1.4901161e-08
0.0
1.9753704
0.26077783
-3.460019
-1.7210785
1.5187669
1.5423801
2.2692165
0.726229
0.075570464
-2.4737902
1.1092018
2.0041354
2.3631322
0.7894797
1.5728195
-0.792559
-0.81884116
2.3122287
0.50347316
0.67028075
1.0737991
-1.8935184
-2.2505686
0.54769766
0.5265623
0.75650585
0.74561703
-1.398186
-2.2583632
-0.63167584
1.5521787
1.4979234
1.5628616
0.9064574
-1.7445388
-0.05588244
1.220652
0.90478027
1.2161936
0.31049317
-1.5353127
-2.5188255
1.4567602
1.8714025
1.0921574
1.6806303
-0.14232723
-1.2032313
0.11448945
0.8520282
1.8723736
1.2570909
1.1557721
-0.6581719
-0.41912347
1.5589907
1.6813757
2.7038577
0.7424331
0.09870568
-4.474091
-0.45390713
1.2213665
0.3639962
0.90022117
0.7988092
-2.9305773
-1.9697179
1.9221601
1.6290959
1.9570435
0.32899618
-0.66385967
-2.0035186
1.7253525
2.2820601
1.4707468
0.1435247
0.36883205
-4.0681434
-0.65750664
0.14573899
1.3161125
0.88765055
1.0610038
-1.5247033
-0.8042729
0.25003904
0.7243899
1.7941873
1.8650184
0.56638634
-0.8584908
0.670219
2.6608691
0.34092793
0.745582
0.96794236
-2.8222854
-0.052974753
2.6168637
0.7210505
1.1279385
0.40479237
1.2342639
-1.7271824
1.2798134
1.7158371
1.1507611
0.66793454
0.21181184
-2.7973244
-0.15109754
0.002718677
0.49782646
0.56387174
1.2604378
-1.4196041
0.17937806
1.3135364
1.3532388
2.0878723
0.64112544
-0.37432814
-2.2001047
0.14101158
3.8672333
2.662026
0.89270157
1.6954808
-2.3495247
-0.5015921
1.0063437
0.9579729
1.4662563
0.5101092
-1.4879053
-3.373365
0.3442932
0.9689161
1.646609
1.8735428
-0.69214666
-1.7388344
0.15143166
1.5258367
2.0510938
1.1453974
0.95389235
-2.2870564
-0.31445372
1.800775
1.6683333
2.3033543
0.09774524
-0.79967785
-2.7936244
-0.08795784
2.571865
2.0022974
0.9275058
1.4478269
-2.917837
-0.3900913
0.6093394
1.2589252
1.4343171
0.17281193
0.54906404
-2.5408392
0.4370727
1.5068072
2.8249774
0.8131574
0.36283225
-3.03901
-1.3759999
0.88794136
0.120206565
0.17976572
0.26069498
-0.84387434
-2.7456522
-0.3542351
2.3515716
2.228752
2.3240004
0.83834887
0.82201904
-1.1688197
1.4955156
1.8997099
1.0646231
1.6452347
0.68245125
-3.2574852
-0.62046415
2.947266
0.74979407
0.6960353
0.51418096
-1.3066604
-1.2142537
1.157294
1.1067965
1.5809199
1.6114459
0.109789014
-2.2570672
0.34109908
3.3243299
2.3138683
0.7432283
1.9162645
-3.881472
-1.3153787
2.3972895
0.25147733
0.9052804
0.6546562
0.042755395
-3.697735
0.05582965
0.3084276
0.66746336
0.00089952495
-0.80858296
-2.6945667
-1.0431916
0.15357168
2.3266306
1.1746426
1.2499337
-0.79159784
-2.1171927
1.6034569
1.321168
1.5546297
1.6560735
-0.71110845
-2.0390031
-0.20002776
2.6396542
2.867381
1.5997138
0.11437506
-1.4546051
-0.2515861
1.8770217
0.06112309
1.0263076
0.96804976
-0.7490789
-3.5210712
0.62967926
1.2237012
1.5673369
1.1097655
-0.12185477
-2.9819932
-0.06299385
0.022175128
0.41939944
0.26795354
0.78994673
-1.1112014
-1.9686404
1.8876579
0.9769348
0.09547209
1.7068887
1.3644426
-0.7991823
0.48826578
2.058986
1.7048736
1.5692396
0.30102688
-3.7474442
-0.25524145
2.2612936
1.3728521
1.6830302
0.3105001
-0.3255535
-2.1214802
0.1771921
1.2234291
2.7622879
1.1014602
0.9902932
-2.9193068
0.15870193
0.6253093
2.2571855
1.7070788
1.7485883
-2.0049326
-0.6603052
0.06490518
0.30754888
0.8246584
0.2973027
-0.5377024
-1.9003102
0.3608546
2.9038393
1.2180634
1.1271124
0.31408292
-0.1474225
-2.6000607
1.1186424
2.474408
2.3893325
1.5114299
0.8915785
-1.3232677
-0.8757031
1.0660434
0.63988054
0.32033128
0.03552484
0.6455461
-2.590894
0.51928395
3.15765
1.3015776
1.2004155
0.37509996
-1.3728386
-1.054612
0.94012606
1.8059895
2.4383776
0.6334066
-2.072412
-2.3342144
0.84331954
1.7109576
2.2913263
0.6356832
-0.01862961
-1.921794
-0.46381208
0.7464042
2.667093
1.3599622
1.3765566
-1.3875196
-2.0970554
1.1586659
0.94912267
1.1082841
0.43291643
-0.094263196
-0.57402015
-0.06725005
1.1122637
1.5182122
0.28188598
1.435055
-2.1334782
-1.3592496
2.6942363
0.090573765
0.581546
0.49278706
-0.89302295
-2.0056143
1.7115285
2.7278388
2.6854236
0.036340263
0.3596797
-1.9221983
0.46377018
2.5729208
0.5449871
0.24109772
0.95436144
-1.5661025
-2.5098474
0.20087254
0.69193774
1.773746
0.34823462
-0.8412043
-2.2700756
0.11605085
2.3998697
1.891983
1.3142384
1.982899
-3.3168905
-1.8462888
2.317192
1.0107259
1.3755422
0.36294284
0.59409374
-2.4286199
0.38203055
0.8531458
1.243913
0.4628566
0.52858037
-2.0371346
-1.1145966
3.0222125
1.9014823
1.3163584
1.060822
-2.7840986
-1.4522893
0.5537151
0.76265967
1.4547058
1.2557365
0.8893802
-3.8896437
-0.5084526
1.0757558
0.95523316
0.30448538
0.9436673
-2.093445
-1.3024349
1.7891067
0.75741863
1.2389541
0.48191014
-0.83537674
-4.233057
1.3260821
2.157157
2.19419
0.88653696
1.3464804
-1.6491747
0.28790677
1.0589135
1.464417
0.87320924
0.40759492
-2.2469177
-0.11770362
0.049305245
0.8460501
2.4634748
0.33874995
-0.4636953
-1.5119672
-0.58646303
1.0156982
2.0700357
0.49429542
0.98541355
-1.420022
-0.95613295
1.1716162
0.48502898
0.58524895
0.09681152
-0.6430675
-2.9984305
1.3714511
2.3803208
2.6634746
1.1369355
-0.6029465
-3.2046251
-0.5838036
0.8479491
0.04440713
0.55162364
0.74017835
-1.7348263
-1.228371
1.1411954
1.1527885
1.746043
0.16904902
-0.091017425
-3.5867803
-0.055612925
2.3217354
1.3955032
1.8185067
1.5268135
-2.9337652
-1.5722457
1.6355288
0.11956271
0.78116995
0.66282946
-0.9722706
-0.6586475
0.24406701
1.1596391
2.4169643
1.1276315
0.81506586
-1.3439558
0.002013974
2.5020924
1.8648847
1.1272777
1.2319126
-1.3251712
-2.5111532
1.7228012
1.7719054
2.7282116
1.4598492
-0.795855
-3.2536442
-0.19449723
2.180431
2.0732713
1.0014228
1.198725
-1.800643
0.08942567
1.7848754
1.4601183
2.0425131
0.583096
-0.86029685
-3.6986403
0.54781896
1.3107792
2.0126011
1.657296
1.8791596
-2.4037986
-0.623509
1.3479793
2.9259043
1.734431
1.1366229
-2.458355
-0.7568505
1.4541503
1.6584117
2.7904239
1.6155958
0.8523302
-2.0195816
0.21410827
0.86871505
0.099522576
0.10151218
0.8920402
-2.8843143
-1.5683013
1.0218538
1.5513308
1.9133506
0.3606518
0.46773756
-2.5995018
1.0956303
1.6197785
1.3845552
0.21887195
0.26715147
-2.7248068
0.49488318
2.880774
0.3305168
0.12116969
0.55333483
-1.1437364
-0.693401
1.2911661
1.6126752
2.8975756
1.6833366
-0.3889283
-2.9681776
-0.28804618
2.2204905
0.6188523
0.4857145
1.4417126
-3.3828313
-1.3571839
0.42486012
1.2464253
2.1463075
0.9017383
-0.33878005
-2.5300324
0.01158358
0.8178743
2.1289158
0.782976
0.86356646
-1.1779253
-0.6349065
0.6688303
2.9687557
1.8113781
0.92789316
-1.2214069
-0.08962077
0.9835826
0.80186594
0.92996675
0.04927083
-0.059719563
-3.6915681
-0.015703779
2.0336428
0.74501944
0.33386472
1.0649714
-3.0047271
-0.80876464
0.02770633
0.7527547
1.2257555
0.47398806
-1.4846898
-3.6832833
1.311734
1.9451386
1.6698685
1.8472717
-0.21729168
-3.209793
-0.123618215
1.1524336
2.374806
0.863645
0.8800851
-0.7530938
-2.3684149
1.2132561
1.3290828
2.1641245
1.4673464
-0.6675362
-3.028305
-0.4392999
1.8391423
0.6878446
0.67896545
1.6855396
-2.4976516
-1.4655298
0.54560053
0.5837829
0.7859596
0.19901654
0.23162657
-2.079585
0.27529246
0.727498
1.1946955
0.10239136
1.0410267
-2.3935525
0.060750004
1.1521978
1.4577328
1.062253
1.2758846
-1.0606899
-1.5073413
1.7218633
1.6129231
2.2533715
1.122007
-0.24141657
-2.5878944
-0.07396123
2.8141327
2.0564256
1.122615
0.8892648
-3.9953485
-1.4260445
1.962724
0.80754775
0.6092869
1.894443
0.5892263
-1.6808441
-1.1252147
1.5419827
0.40915844
0.60958743
1.9958658
-0.2251745
-1.6213527
0.1764759
2.9711318
2.2824993
1.5148721
1.3474447
-2.267907
-2.0236983
0.009769608
0.67436695
1.0780627
0.40314668
-1.9025803
-1.8260213
0.27162883
0.64391756
0.9820952
0.78928405
-0.10271555
-2.9917614
-0.67644376
2.0017397
2.8999486
1.4204588
0.77634865
-1.3009107
-2.5342407
0.003460748
0.59512883
1.779916
0.13381623
-0.22014081
-4.2117963
-0.03194979
2.0249925
0.041613508
1.1849883
1.771631
-2.03365
-0.18542005
0.53851104
0.45344633
0.8131905
0.35681733
0.16315469
-2.0010843
1.1129612
1.9681178
2.2555256
1.9919631
0.99618894
-2.5421863
0.24917832
2.867063
0.13323699
0.548105
0.9223139
-1.6736126
-0.6851791
0.95504296
1.1984794
2.1585875
1.989352
0.7558824
-2.3210535
-0.10177141
0.60377187
0.4844197
0.37376145
0.96802354
-3.4325564
-0.31538945
1.0140629
1.4663484
2.2655084
0.799203
-0.86582917
-3.2143586
0.46828085
0.74528503
0.7316063
0.16832243
0.20968783
-3.1315548
-1.0422783
0.34324867
1.9250457
0.9833618
1.0890434
-3.091253
-1.1559479
0.55347
0.49105763
0.63918513
1.7764528
0.15438518
-2.9324129
-0.11959167
2.7196853
2.2021112
1.7612109
1.5012206
-1.751294
-0.9748607
0.112023965
1.2811987
2.2695208
0.9886972
0.20468181
-2.2957878
1.7185247
2.0877302
0.97238636
1.5403085
-0.41950166
-2.70315
0.6462456
3.2654471
0.9226054
1.3799506
1.9012898
0.19446611
-3.3624763
-0.5439947
0.67174137
2.6561608
2.606789
0.83541596
-0.20671809
-2.7138698
1.0044442
1.7001705
1.8352014
1.5328615
0.9651871
-2.2087126
-0.72627586
1.8234383
0.6473977
0.6776308
0.8601
-1.4624946
-0.0352526
0.73211825
0.86456054
1.49302
1.1372231
1.764579
-4.2644086
-0.65635264
0.666682
1.4884588
1.7907419
1.6542165
-1.5350058
-0.5914318
0.46441144
0.20260783
1.0762982
0.8747656
-0.8091693
-2.1736448
0.48802093
1.352974
2.2817492
1.8295288
0.13899148
-2.5018327
-1.0952715
0.6276159
0.018466983
0.49922064
1.1410048
-2.6996346
-1.6036334
0.8004856
0.8655455
1.3929573
1.3591456
-0.2670669
-1.6956497
0.49412796
2.7687893
0.07786527
0.5216638
1.2639592
-3.257829
0.10611898
1.0907487
0.29749197
1.0789622
0.781065
-0.42236212
-2.8500214
1.3309453
2.4034977
2.8303833
1.7943343
1.4902288
-2.327547
-1.6875778
1.0021125
2.0875263
1.3605188
1.2477281
-0.39001262
-1.1411364
1.075776
1.0203912
1.4447434
1.2509487
-0.89952195
-2.5532835
0.5329838
3.7620277
2.674773
0.011227624
0.5354932
-4.00483
-1.134473
1.4197493
1.6850646
2.6091855
0.9275964
-1.871414
-2.4432461
0.7880831
1.3375891
1.4492862
1.3126422
-0.101059854
-4.218205
-0.8588941
0.82539606
2.1022983
0.791016
0.1993503
-1.2982353
-1.7601011
0.35931158
0.73386484
1.6599678
1.2516307
-0.19034284
-3.2704754
-0.89743185
1.089633
2.3658502
0.44741172
1.1281645
-3.4857366
-1.8990022
1.5462387
1.5359796
2.189436
0.6516601
-0.11651075
-2.156438
0.98656046
1.1439236
0.4147564
0.51001495
0.08502118
-2.282027
-0.40606666
0.032350615
0.2735566
0.44048044
0.5225594
-2.2008386
-0.7288358
0.8426261
0.8277012
1.215773
1.5660741
-0.14274538
-2.8996243
-0.52962387
1.5179663
1.5113618
0.2563651
1.182901
-1.197209
-1.1946049
2.3671603
1.0816325
1.1781833
0.093460284
-0.21802351
-3.0738163
0.45715865
1.2968041
2.2173626
0.63351184
0.7658556
-2.8319821
-1.312331
1.8632385
0.08379843
0.580969
1.28913
-2.1481016
-1.7461329
0.8927679
0.72837555
0.844357
0.71214545
-0.1037624
-2.2800045
0.32729357
2.323365
0.16068758
1.776788
1.924079
-1.6839304
-0.7699108
0.032978274
0.052852236
0.8506275
0.797454
0.21060315
-2.625853
0.0
0.0
1.2661533
1.1224352
-2.7693062
-0.9242099
-0.5554148
-0.3085811
1.0786712
0.7889716
-2.476243
0.37214077
-0.26491743
0.0831406
1.499476
-1.7432613
-0.73638606
-0.7560027
-0.0025133118
1.2417175
-0.03785968
-3.1919363
-0.30101818
0.40802768
-0.23714471
0.6326472
-0.5602226
-3.8231072
-5.9604645e-08
0.0
0.0149175245
0.81484264
-4.1013002
-1.184134
-0.4817409
-0.47459766
1.431478
-0.45169765
-1.3734763
-0.009582523
0.13338202
-0.6604235
0.6042957
-0.5577497
-2.4249592
-0.31363967
-0.00064470246
0.33674213
0.792276
-2.233657
-1.0900497
0.1344055
-0.07319152
0.62862533
-0.47283497
-1.9820573
0.0
-1.1920929e-07
1.0732223
0.87585783
-2.7364051
-1.9724488
0.36919194
-0.5986577
0.4918872
-0.048315853
-1.7062919
-0.12069625
0.410286
0.31466857
1.3745009
-0.37492985
-0.55002666
-0.71595335
-0.0026838318
1.3265986
0.15696387
-2.6364152
-0.42317837
0.046424158
0.77793306
0.95720273
-0.5397197
-2.985489
-5.9604645e-08
0.0
1.3365963
0.49066526
-2.9269633
-1.2820493
-0.205399
-0.07851446
0.12229697
-1.1944178
-3.118696
-0.31376415
0.72032857
-0.8636863
0.3417669
-2.625804
-1.7658839
-0.6600389
-0.003795483
1.843815
-0.19031787
-1.1703092
-1.7706921
0.90886176
-0.5900106
0.4291279
0.44113368
-3.9313326
0.0
0.0
0.18376517
1.115556
-2.0268743
-2.0640519
-0.17025682
-0.08995015
1.8790351
-0.3562925
-2.3223076
0.37440664
-0.761762
0.39972124
0.7549737
-1.4382148
-1.5838733
-0.7109038
-0.0017584944
0.8627284
0.037202537
-2.5512714
0.42912966
-0.111037
-0.30989167
0.007943631
-2.177799
-1.3682271
0.0
0.0
0.4282345
1.3335743
-1.7647734
-1.9206865
-0.052001476
-0.3639597
0.32863975
-0.278306
-3.0134776
0.50663155
0.23374152
-0.63849247
0.5734056
-1.2751954
-2.3426278
-0.21681063
-0.00092487596
0.49139205
1.3113883
-2.1352596
0.14338434
-0.16459551
-0.032436907
0.4022887
-1.8008311
-1.8253224
0.0
0.0
0.57907856
0.43032685
-1.5594645
0.7952276
-0.15878093
-0.7936283
0.00965809
0.3302524
-2.0189075
0.71377724
0.07327288
-0.8000809
0.6479753
-1.1093175
-2.8814268
-0.21138474
-0.001215269
0.63318294
0.8818866
-1.8468556
-0.04087906
-0.3249038
0.51466393
0.9458797
0.99162316
-2.8496683
0.0
-5.9604645e-08
0.552559
0.3156031
-2.8656268
-0.29466432
0.09052658
-0.68314254
0.5707647
0.557649
-0.5909476
0.005095235
0.7261356
-0.61196893
0.57295024
-2.0590143
0.1803059
-0.9489932
-0.0026179252
1.3298031
-0.0017247989
0.7908408
-0.46716473
-1.4587827
-0.6121486
-1.5952361
0.7845585
0.0
-0.7847521
1.0419143
-1.0417207
-0.0027416835
0.6593749
0.6593751
-0.0027789706
1.2741911
-1.6896476
-1.4058542
0.6153059
-0.93062323
1.5746473
0.21578793
-2.2073061
-0.16723119
0.04891762
-0.07916499
0.44260252
-1.3284526
-0.024037838
-0.97025186
-0.00071871415
0.4088908
-0.1655668
-2.985322
-0.96813273
-0.31761837
0.58586955
0.9491816
-2.0082583
-2.0934167
0.0
0.0
0.42427054
0.018628791
-1.1631755
-1.8290516
0.40383735
-0.7332935
1.8805748
-0.92439896
-2.7909532
0.45085874
-0.21591961
0.07966994
0.856337
-1.1337539
-1.0011352
-0.33083928
0.00012064293
0.031705335
1.0135227
-1.7835286
0.30074108
-0.30219418
-0.066535026
0.18330915
-1.226485
-1.6040487
0.0
0.0
1.2351885
1.3025073
-2.861538
-1.4187148
0.67125773
-0.68417776
1.4011667
0.1391564
-0.72571504
0.025298184
0.3833273
-0.41274527
1.1506534
-2.3405886
-1.3339796
-0.8822451
-0.001714063
0.86500233
1.007445
-1.9416236
-0.83197165
0.08515224
0.5177674
0.69535863
-1.2637953
-2.1234276
0.0
0.0
0.73635995
0.69844604
-2.4738832
-1.1809878
0.2758152
-0.29531994
1.9127281
-1.1450552
-2.2096248
0.4838421
-0.2481462
0.44913638
0.8787514
-1.4220488
-0.7815719
-0.71341765
-0.0023442383
1.2186089
1.2966876
-2.8558903
-0.8900739
-0.15485272
-0.59333706
0.09587862
1.1271713
-2.5526266
0.0
0.0
0.13895047
1.4815998
-2.9326804
-2.0300388
-0.16889808
-0.40824106
1.8543923
-1.5558517
-3.7603884
0.33878726
-0.43112645
-0.22090532
0.3540727
-0.5210811
-2.3837063
-0.31955782
-0.0028376025
1.3738928
-0.5541026
-1.2337737
-1.4398646
0.53426015
-0.18547752
0.38226348
-0.5776162
-3.5825999
-5.9604645e-08
0.0
1.0532123
0.09915431
-2.1979198
-0.8315352
-0.09745166
-0.18909766
0.22262713
0.32726967
-2.6010253
0.51693
-0.5932782
0.43617928
1.0668341
-0.16883036
-0.588156
-0.82610995
-0.0037877727
1.8941815
0.7638062
-1.4937644
-0.56589735
-0.48758695
0.052739836
0.12924893
-0.38582325
-3.0238295
0.0
-1.8626451e-09
1.1552501
1.6555185
-2.1420805
-0.40108174
0.84451425
-0.96044475
0.8306666
-0.7380395
-2.4824157
0.25037873
-0.7865914
0.520592
-0.52049524
-0.003165428
0.7612855
0.76128554
-0.00080669986
0.36988145
-0.96583945
-1.5152879
-0.8816148
-1.1375706
0.12251228
0.0
-0.12255055
0.20593756
-0.20952371
1.7433472
0.27644664
-1.4169054
-0.41619566
0.7542172
-0.41665334
-0.33837906
0.39206117
0.70830667
-1.2570277
-2.8544674
0.313665
-0.117250375
-0.19715627
0.3567279
0.78179204
-2.9086049
-3.2277865
0.11538729
0.7272541
-0.8434434
0.38574234
1.5177289
-1.0220869
-1.0609337
0.959611
-0.20885399
-0.7539498
1.5357808
0.71742034
-0.9612968
-1.414848
0.6891629
0.2319235
-0.9249555
1.8610084
0.6344384
-1.1727929
-1.1727865
0.24925092
0.51505184
-0.76436794
0.03136356
0.8533902
-3.0336561
-0.7772534
0.9191424
0.12677377
-1.0461078
0.092127346
0.91983545
-2.5928798
-2.3500905
0.8987992
-0.63205147
-0.27037734
1.7458212
1.5244987
-2.3075051
-3.2740798
0.19948044
-0.040290937
-0.16129313
1.0118468
1.1838791
-0.103192165
-1.8404336
0.31848454
-0.113624185
-0.20623852
0.66288924
1.3730767
-2.2543967
-2.1578472
0.22220065
0.646842
-0.8726599
1.7399058
1.0630212
-1.2200563
-1.8534639
0.12639292
0.18294781
-0.31060973
0.6103984
0.43485886
-1.0017898
-2.7721963
0.4659553
-0.26792666
-0.20083824
1.351422
1.6936979
-3.1007586
-2.0334659
0.62207365
0.27635694
-0.90038747
0.94125706
1.7952638
-1.5216603
-2.140288
0.48133928
0.42042908
-0.90341705
0.79302746
1.5253963
-2.698972
-1.8129457
0.4485727
-0.018154271
-0.433954
1.7006127
0.69566655
-2.1784425
-2.1080554
0.5289603
0.2211383
-0.75279105
1.2950746
1.2635531
-2.292529
-1.6486003
0.070553064
0.29224566
-0.36538288
1.2429727
0.68637896
-2.8676684
-1.4001422
0.10852942
-0.09113362
-0.020387571
1.439041
0.005652991
-2.4414074
-1.7679513
0.4355643
-0.078504965
-0.35927847
1.0673964
1.4533385
-1.3495567
-2.1964664
0.37926048
0.20454544
-0.5867608
1.421295
0.65109026
-2.260113
-2.5438755
0.75164616
-0.012042336
-0.74080485
0.577694
1.7682264
-2.1632192
-2.1190434
0.1569411
0.59048074
-0.7507958
1.6228539
0.6732274
-2.323439
-2.727044
0.10795854
0.51490444
-0.62386703
0.48293814
1.548696
-1.448528
-2.156641
0.35291967
-0.31338602
-0.04247042
1.4125856
1.4436555
-2.528975
-2.0901039
0.70616776
0.24931037
-0.9570791
0.7700701
0.32708985
-2.6001034
-2.1966274
0.78537416
-0.07497197
-0.712414
0.96771616
1.0789497
-2.0451193
-1.4705502
0.49750778
0.41895
-0.9196735
1.546782
0.62466335
-3.2658484
-2.5191429
0.81981975
0.22663143
-1.0499667
1.6909702
0.11602931
-1.9765294
-3.0260096
0.5397308
-0.35982066
-0.18387443
1.9068326
0.61744106
-1.4185207
-1.3517702
0.38628262
0.0776134
-0.46529594
0.67336947
0.13119423
-2.7377486
-1.9541605
0.5248824
-0.52081025
-0.00592009
0.8888781
1.1694261
-0.86415863
-1.5988977
0.34003386
0.64469755
-0.9863081
0.7583678
0.7999314
-3.445199
-1.7530693
0.104424566
0.114074774
-0.22201802
1.6924824
0.5959966
-3.6517558
-3.2493227
0.982737
-0.14828931
-0.83778244
1.6040329
1.1657217
-1.3324914
-3.1260867
0.67025137
0.34729668
-1.0213836
1.8448762
1.0997593
-1.3493488
-0.3872206
0.52124935
-0.34209085
-0.18022093
0.5110293
1.6817621
-1.3100779
-1.7577963
0.37146008
-0.039037846
-0.33624268
1.83764
1.0285692
-0.5794073
-3.1476068
0.55854875
0.36942297
-0.9316683
1.7780025
1.3495542
-1.0855933
-2.0088737
0.14760537
0.92396057
-1.0749608
1.633002
1.2285826
-1.161423
-1.9039466
0.43354368
-0.37565118
-0.061842773
1.9000807
1.9493215
-1.6654472
-1.8230858
0.73832935
-0.057034962
-0.6837363
1.1745785
0.44930446
-2.0856073
-0.57327074
0.032171164
0.50229055
-0.5385512
1.9670472
1.2926322
-1.907159
-2.4733033
0.5641797
-0.13226146
-0.43399975
1.0011822
1.8822577
-2.7062414
-3.19287
0.74633557
0.1848144
-0.9319463
0.38300398
1.1962571
-2.1393018
-0.81952727
0.59521836
0.33156282
-0.929638
1.3741419
1.3198173
-1.4147062
-2.0884378
0.6586532
0.42414844
-1.0857961
1.4404031
1.7254481
-2.8978076
-2.2644327
0.68017507
0.082892075
-0.7642872
0.5868264
0.41020972
-2.5482361
-3.118785
0.9604129
-0.9471188
-0.014980126
0.81096125
1.6210766
-1.8081688
-0.5166841
0.436205
0.30932194
-0.74578875
0.12590703
0.7573689
-1.50615
-0.88573575
0.752221
-0.7176635
-0.037476797
1.4041979
1.50264
-1.8840579
-2.7063546
0.16150016
-0.052989222
-0.109949656
0.6920281
1.4363993
-2.1307309
-1.6421919
0.16223855
-0.1068379
-0.05909516
1.7770575
0.05763232
-1.0684482
-2.3360584
0.0
0.0
1.2682855
0.11731208
-2.6806736
-3.4628713
0.8884772
-0.2069579
-0.6829275
0.6773543
1.0176675
-1.2839377
-3.4985313
0.9943008
-0.46708828
-0.5278791
0.32062343
1.0341346
-3.058794
-1.633576
0.9572147
-0.8274639
-0.13012785
0.1813518
0.070745856
-2.400781
-2.6492696
0.3026726
0.23476923
-0.53838974
0.45591986
0.013599492
-2.4519558
-2.4714506
0.413561
-0.06536117
-0.350894
1.2959054
1.857119
-1.5122042
-0.40119338
-0.23068409
-0.0036269038
1.7856754
0.093064666
-2.9214194
-2.1478934
0.81892717
-0.47305176
-0.34590164
0.012623084
1.3077683
-3.1535788
-3.6988769
0.52886266
0.44012123
-0.9704308
0.6959743
0.079295844
-1.4213246
-2.6426983
0.94657797
-0.8008621
-0.14932345
1.7352244
1.9663286
-0.6671503
-1.6184733
0.86688596
-0.1362763
-0.73468107
1.9583665
0.09866822
-0.7258814
-2.4026465
0.1601398
0.04499135
-0.20830902
1.528565
0.82471496
-2.9406
-0.9021801
0.18199202
0.38275743
-0.5657841
0.49763957
0.3570037
-2.7817464
-2.2205484
0.27570376
0.6229102
-0.89898324
0.17760034
0.53728914
-1.8834287
-2.090808
0.7148548
-0.41977727
-0.2965001
0.6842615
1.0118299
-1.2494049
-2.7283978
0.8655856
-0.44323093
-0.42244837
0.045048404
0.8031487
-2.8590543
-2.012032
0.5825838
0.011501238
-0.59689087
1.3495842
1.2210485
-1.0571017
-3.3654218
0.060093526
0.6401952
-0.7019933
0.819872
1.3477988
-1.9049565
-0.9814732
0.5856285
-0.44109058
-0.14838737
1.8515621
1.8699801
-2.9034796
-1.1586086
0.111745894
-0.026593897
-0.0881636
1.4485751
0.63209665
-2.1351674
-2.5856662
0.58924204
-0.23299506
-0.3564652
0.1049416
1.2303495
-2.2426238
-0.28491077
0.3744362
-0.022471067
-0.354344
1.1442367
0.16102853
-1.1051537
-1.3789896
0.7560481
-0.6627359
-0.09604957
1.3166666
1.7232286
-1.9916668
-2.0242155
0.3529723
-0.2322067
0.31875327
0.7854192
-3.384342
-1.7523005
0.3304881
0.5727446
-0.9069416
1.7839761
0.81443036
-2.4190276
-0.9942615
0.15536937
0.7282179
-0.8836157
0.01364277
1.9233338
-1.3831921
-2.853421
0.5489698
-0.51881754
-0.033825837
1.767003
1.342946
-1.151427
-0.5749541
0.96104753
-0.16018677
-0.8025811
0.8274683
1.5909154
-2.4371603
-2.0726447
0.6460887
0.18845776
-0.8375719
1.4551888
1.8380282
-2.2713342
-3.276303
0.0
0.0
0.2501787
1.4137223
-2.98319
-3.0860953
0.51076645
0.5298674
-1.0439497
1.5949174
0.89726675
-2.4359038
-3.0590062
0.078991055
-0.033748407
-0.046211377
0.4659564
0.21251048
-2.913992
-1.6912198
0.6657464
0.30045772
-0.9667916
0.2826064
1.7295214
-1.7158117
-1.9140213
0.75995934
-0.06581552
-0.69789857
1.8060138
0.9271299
-2.191876
-2.2161705
0.42323354
0.23920609
-0.665835
1.6331862
0.4121104
-2.1150856
-2.6850247
0.032436118
0.5485415
-0.5837974
1.3563023
0.3054694
-3.1437745
-1.9188497
0.6452305
-0.46773428
-0.17768893
0.09271791
1.3109784
-2.3178527
-0.71338093
0.32467082
-0.036835607
-0.29042193
1.2442219
1.6195934
-2.8617544
-2.936059
0.92412853
-0.12817405
-0.7964749
0.25031853
0.7928469
-1.9442146
-2.718175
-0.005555951
-0.00391535
1.9118667
1.8797729
-0.529759
-1.4837159
0.32134295
0.24360654
-0.56709135
1.030211
0.24658836
-2.014683
-1.23752
-0.0026824772
-0.36011034
1.4739912
0.0947701
-1.7310054
-3.4255834
0.2734307
-0.070219755
-0.20492038
0.8222224
0.3620786
-0.41176724
-1.1655966
0.812657
-0.16898501
-0.6476869
1.9311845
0.24942398
-1.2227443
-3.4513867
0.5743333
-0.119104184
-0.4564877
0.60537994
1.6966741
-1.8716127
-2.3343477
0.6861656
0.13424829
-0.82131654
0.4341698
0.030489031
-3.6028411
-3.4432406
0.0
0.0
1.2400513
1.1997731
-2.277965
-1.0063583
0.8611396
-0.41942668
-0.441885
0.082765356
0.80357397
-2.646451
-2.1165845
-0.011055963
-0.0013203749
0.6910745
1.5808847
-2.2408137
-1.3376019
0.87924457
-0.38037035
-0.5014246
1.2267112
0.32572848
-3.4673533
-2.3517802
0.7200513
0.22555885
-0.94822663
1.2584541
0.22363527
-2.7680001
-1.2030485
0.6986191
0.109983236
-0.8108821
1.0965638
0.56499267
-2.424357
-1.5182352
0.88524246
-0.5299225
-0.35820162
1.3860517
-0.002285124
1.0477566
-0.3917759
-1.042948
-0.44859338
-0.3853293
0.68143296
0.0
-0.6815629
0.6993026
-0.6991727
-0.0031279658
0.7522758
0.752276
-0.0031812675
1.4586489
-1.9913813
-1.0924585
-1.5357063
-0.6443173
0.98065406
0.0
-0.9807211
0.36091915
-0.3608521
-0.0006768412
0.1627803
0.1627804
-0.0013861054
0.6355458
-0.1623343
-0.88759154
-0.8364095
-1.6067145
0.40990224
0.0
-0.40991387
0.062493667
-0.062482055
-0.0027814475
0.6689381
0.6689382
-0.0010474331
0.4802605
-1.2126169
-1.0027621
-0.35348937
-0.2283785
0.694854
0.0
-0.6950525
1.0680771
-1.0678786
-0.0007470632
0.17966871
0.17966884
-0.002096855
0.96143293
-0.5868901
-0.32044888
-0.07768082
-0.010131473
0.17292
0.0
-0.17303608
0.62470186
-0.6245858
-0.0009990188
0.24026404
0.24026406
-0.00025223175
0.11565126
-1.9691851
-0.9972238
-0.9466889
-1.4704266
0.13014947
0.0
-0.13019133
0.2252276
-0.22518575
-0.0030760244
0.7397839
0.73978394
-0.00076320086
0.34993663
-1.382173
-0.24101907
-1.2686758
-1.1441284
0.33491397
0.0
-0.33497638
0.3357433
-0.3356809
-0.0014989675
0.3605017
0.3605019
-0.0028819179
1.3213935
-0.5190503
-0.697551
-1.8200688
-1.2659616
0.48151335
0.0
-0.48171622
1.0916152
-1.0914124
-0.0017164745
0.41281214
0.41281235
-0.003119506
1.4303305
-0.93807006
-0.026005648
-1.095444
-1.8583688
0.27320954
0.0
-0.27331376
0.5608255
-0.56072134
-0.00081097597
0.19503973
0.19503982
-0.0012956139
0.5940544
-0.14510064
-0.9369068
-0.81336635
-0.3850847
0.83402294
0.0
-0.83409774
0.40251756
-0.40244275
-0.0038651393
0.929566
0.92956614
-0.0018436955
0.8453563
-0.32574856
-1.7047108
-1.0700772
-1.3269541
0.50897866
0.0
-0.5091712
1.0361673
-1.0359747
-0.0015922785
0.38294294
0.3829432
-0.0038787492
1.7784525
-0.4768234
-0.31840864
-1.3752437
-1.6905404
0.08466796
0.0
-0.084718145
0.27010822
-0.27005804
-0.0027360239
0.65801376
0.65801394
-0.0025288332
1.1595001
-1.193436
-1.0932151
-0.09295511
-0.411915
0.7754694
0.0
-0.7755265
0.30733055
-0.30727345
-0.0026748816
0.64330906
0.6433093
-0.0041216696
1.8898344
-1.5997562
-1.7478545
-0.5259369
-1.5341731
0.38258418
0.0
-0.38271648
0.71191436
-0.7117821
-0.0033323488
0.8014299
0.8014299
-3.077347e-05
0.014110001
-1.2857938
-0.07154403
-0.25232336
-0.4341206
0.9825401
0.0
-0.9825942
0.29123354
-0.29117942
-0.0021019531
0.50551975
0.50551987
-0.0015715284
0.7205645
-0.40092352
-0.5924715
-1.6938379
-0.55933034
0.45976728
0.0
-0.45984963
0.4429405
-0.4428582
-0.00039901288
0.09596261
0.095962785
-0.002785129
1.2770147
-0.106407486
-1.0589708
-0.5737764
-1.83385
0.13962547
0.0
-0.13970938
0.45153707
-0.45145318
-0.001688357
0.40604988
0.40605012
-0.003492868
1.6015215
-1.818343
-1.2335227
-1.6739206
-1.6476696
0.05816203
0.0
-0.05822105
0.31762972
-0.31757072
-0.0015875233
0.38179937
0.38179937
-0.00018417125
0.0844447
-1.5494804
-0.5099577
-0.60157937
-0.1489754
0.63044375
0.0
-0.6305785
0.72519594
-0.7250612
-0.0024235104
0.5828543
0.58285445
-0.0029858083
1.3690286
-1.1180655
-1.1675072
-0.23133774
-1.249368
0.23710872
0.0
-0.23730978
1.0820012
-1.0818001
-0.002998979
0.72125447
0.7212547
-0.0041292347
1.8933032
-1.0660659
-0.3996874
-1.0907147
-1.8237615
0.64067
0.0
-0.6408637
1.0423632
-1.0421695
-0.0029785526
0.7163419
0.7163421
-0.0028620996
1.3123065
-1.4910529
-0.8907453
-0.35009903
-1.6234206
0.34702843
0.0
-0.3472268
1.0673797
-1.0671813
-0.0021783737
0.5238989
0.5238991
-0.003211722
1.4726126
-1.905735
-0.2427787
-0.9955544
-0.30099237
0.43410084
0.0
-0.43429977
1.0706047
-1.0704058
-0.0038929381
0.93625164
0.9362517
-0.00092215976
0.42282116
-0.19760935
-1.2070973
-1.0032682
-0.13078995
0.6911302
0.0
-0.6912936
0.87889093
-0.8787276
-0.001781863
0.42853808
0.4285383
-0.0032402414
1.4856892
-1.1340241
-1.6801512
-1.9926512
-1.6147596
0.20779587
0.0
-0.20795824
0.8738039
-0.87364155
-0.0027520568
0.6618697
0.6618698
-0.0018912022
0.8671386
-0.8731554
-0.86486685
-0.0014067441
-1.0531468
0.54300743
0.0
-0.5432047
1.0616672
-1.0614699
-0.0011050447
0.26576328
0.26576355
-0.0042185974
1.9342768
-0.6045261
-1.8980609
-1.1824011
-0.20373711
0.42258292
0.0
-0.42276934
1.0032371
-1.0030508
-0.0028824853
0.6932377
0.6932377
-0.0003067556
0.14065109
-1.6712285
-1.3807175
-0.4317166
-1.6421425
0.80814195
0.0
-0.80824316
0.5445865
-0.5444853
-0.0010465805
0.25170264
0.25170285
-0.0031160447
1.4287435
-1.3533063
-0.68771
-1.8112864
-1.2188679
0.04844861
0.0
-0.04857885
0.7009076
-0.70077735
-0.0039447853
0.9487208
0.94872105
-0.0024150917
1.1073482
-0.898547
-0.96624106
-1.6882101
-1.9904002
0.282814
0.0
-0.2829227
0.5849176
-0.58480895
-0.00034291355
0.082470715
0.082470976
-0.0040438073
1.8541337
-0.97741824
-0.7123302
-0.6699746
-1.3323263
0.51345956
0.0
-0.51357186
0.60422206
-0.60410976
-0.0008269889
0.19889085
0.19889101
-0.00257491
1.1806269
-1.359663
-0.44540858
-1.2256373
-1.2011739
0.48091182
0.0
-0.48101732
0.56783295
-0.56772745
-0.0024205837
0.5821504
0.58215046
-0.0010554963
0.4839576
-1.0933286
-0.24729125
-1.3376429
-0.3967652
0.14545166
0.0
-0.14547105
0.10433618
-0.10431679
-3.3862492e-05
0.00814393
0.00814421
-0.0043281848
1.984524
-1.5544552
-1.0836282
-1.2550955
-0.11534911
0.9665142
0.0
-0.9665432
0.15582107
-0.15579212
-0.0035605805
0.85631967
0.85631984
-0.0024737385
1.1342385
-1.282198
-0.9859366
-1.0734766
-1.640401
0.30143514
0.0
-0.30159974
0.8858738
-0.88570917
-0.0020236508
0.48668802
0.48668808
-0.0011110571
0.50943285
-0.09742123
-0.106770515
-0.7510458
-1.1163745
0.8089915
0.0
-0.80905
0.3150792
-0.31502068
-0.0031898788
0.7671659
0.767166
-0.0018585342
0.85216
-1.9560453
-0.23356076
-0.111209355
-0.7064076
0.003005986
0.0
-0.003060507
0.29341492
-0.2933604
-0.0019184262
0.46138152
0.4613816
-0.0016084285
0.7374836
-1.7007003
-0.1768635
-1.445788
-0.88115364
0.91434646
0.0
-0.91454196
1.0521686
-1.0519731
-0.001240631
0.29837176
0.29837182
-0.0011224218
0.5146437
-1.7721127
-1.1670169
-1.5609505
-0.8152163
0.6844307
0.0
-0.6845047
0.39791575
-0.3978418
-0.001099263
0.2643727
0.26437283
-0.001436088
0.6584634
-1.5278541
-0.38200572
-1.1819146
-0.6859862
0.15116282
0.0
-0.15133154
0.908027
-0.90785825
-0.0033585574
0.80773306
0.80773324
-0.002797587
1.2827269
-0.63513625
-1.888767
-1.4546032
-0.75354606
0.21047117
0.0
-0.21065558
0.992514
-0.9923296
-0.00024737595
0.059493918
0.05949393
-0.00015403112
0.0706251
-0.32647425
-0.80781204
-0.75195456
-1.2858825
0.36060756
0.0
-0.36065692
0.26539752
-0.26534823
-0.0039805705
0.9573273
0.95732737
-0.0006221948
0.28528368
-1.7167367
-0.3316112
-0.4211404
-1.0996157
0.7790407
0.0
-0.7790486
0.04245807
-0.04245018
-0.003525828
0.8479616
0.8479619
-0.0038476165
1.7641778
-0.51574457
-0.2778727
-1.5682758
-1.8595316
0.20729788
0.0
-0.20740798
0.5925279
-0.59241784
-0.0038795583
0.9330338
0.93303406
-0.0033911802
1.5548964
-0.2538163
-1.1657733
-0.17584722
-0.81167006
0.4711128
0.0
-0.4712344
0.6544608
-0.6543392
-0.003264659
0.7851505
0.7851507
-0.002368053
1.0857804
-0.77162343
-0.58767885
-0.30010808
-0.15457128
0.915668
0.0
-0.91576713
0.53349626
-0.53339714
-0.0008345154
0.20070095
0.20070112
-0.002505077
1.1486075
-0.43799245
-0.032918446
-1.453327
-1.2315829
0.9856903
0.0
-0.98589134
1.0818796
-1.0816785
-0.0025156061
0.6050033
0.60500336
-0.00052129605
0.2390204
-0.49613383
-0.20829724
-0.9318902
-1.3939375
0.21615404
0.0
-0.2161963
0.2273546
-0.22731236
-0.0007785626
0.18724431
0.18724453
-0.0031218145
1.431389
-0.9090815
-0.2698623
-0.6714895
-1.6251234
0.9009292
0.0
-0.9011159
1.0045483
-1.0043616
-0.0032930719
0.7919838
0.79198384
-0.0008054235
0.36929625
-1.3579441
-0.78343815
-0.14144151
-0.5540565
0.87572247
0.0
-0.87590104
0.9607676
-0.9605891
-0.001088905
0.26188165
0.2618817
-0.0010993929
0.5040847
-0.44622564
-0.57866323
-1.2971696
-0.16093786
0.9536152
0.0
-0.9536271
0.06400654
-0.063994646
-0.0017608941
0.42349505
0.42349523
-0.0025297757
1.1599323
-1.4959089
-1.7450374
-0.5303419
-0.4028866
0.35658798
0.0
-0.3567081
0.6465868
-0.6464666
-0.00086898217
0.20899023
0.20899038
-0.0023521965
1.0785099
-1.3619282
-0.785453
-0.07749505
-1.6874981
0.7016521
0.0
-0.7016849
0.17621204
-0.17617932
-0.0028758266
0.6916363
0.6916364
-0.0009368111
0.42953902
-1.0186371
-0.49722552
-1.056996
-0.39282417
0.99803656
0.0
-0.99810904
0.39015064
-0.39007816
-0.0004575441
0.11003937
0.110039495
-0.0020094044
0.92133576
-1.3620182
-1.6544411
-0.44410458
-1.5448222
0.10424912
0.0
-0.10427774
0.15399331
-0.1539647
-0.0031626902
0.760627
0.7606272
-0.0030158022
1.382781
-0.87026405
-0.41422802
-0.51973957
-1.0052322
0.18151392
0.0
-0.18152496
0.059450958
-0.059439912
-0.0036690608
0.8824091
0.8824092
-0.0007731318
0.3544901
-1.758547
-0.66477746
-0.65791625
-0.41321558
0.11489648
0.0
-0.11509917
1.090787
-1.0905844
-0.00084801303
0.20394714
0.20394723
-0.0013431384
0.6158449
-1.7644478
-0.96725035
-1.8358536
-0.6570359
0.5529968
0.0
-0.55314976
0.82274735
-0.82259446
-0.0013744661
0.3305591
0.33055925
-0.002320628
1.0640354
-1.7803627
-1.971813
-1.3701818
-1.4833329
0.57282317
0.0
-0.5728275
0.02353932
-0.023534946
-0.0018404173
0.44262037
0.4426205
-0.0016826788
0.77152824
-0.10003682
-0.5683854
-1.6280296
-1.8001064
0.060751267
0.0
-0.06077323
0.11821235
-0.118190385
-0.0029570053
0.7111598
0.71116006
-0.0040079807
1.8377067
-1.7883215
-1.5101541
-0.27993357
-0.9006326
0.574128
0.0
-0.57425773
0.69820565
-0.6980759
-9.326146e-05
0.02242938
0.022429505
-0.0019220815
0.8812971
-0.5774457
-1.997732
-1.2570068
-0.9800842
-0.25983873
0.0
0.27128366
-0.028849095
15.666893
-14.208219
0.52655923
-0.0025603091
0.45571136
0.47555664
-2.4046893
3.4115267
-1.2377158
-1.6450391
-1.8261478
-1.053473
-1.8693929
0.0
1.9517325
1.9517325
2.209336
0.0
1.128472
1.128472
-0.004403323
0.78375065
0.81195194
-3.4172049
4.8479795
-1.9392961
-0.084174216
-0.71239376
-0.69056684
-0.12384009
0.0
0.12929478
0.12929478
1.904359
0.0
0.9726976
0.9726976
-0.0036631823
0.6520124
0.6712344
-2.3291676
3.3043838
-1.585865
-1.2421496
-0.24794099
-0.23782638
-1.0663326
0.0
1.1133004
0.38080525
16.748306
-15.188946
0.56290513
-0.0044629015
0.7943551
0.81608856
-2.6334803
3.7361116
-1.7523273
-1.4410911
-0.3313566
-1.0053093
-0.5748195
0.0
0.6001381
0.046381474
24.162405
-21.91275
0.81209064
-0.0040108114
0.7138871
0.7219462
-0.97653747
1.3854113
-0.4257213
-1.0428458
-0.99989915
-1.5890973
-0.6976972
0.0
0.7284282
0.31053028
5.1131
-4.6370425
0.17184965
-0.003707705
0.6599368
0.68913144
-3.537557
5.018723
-0.0071090735
-1.0982335
-0.5595544
-1.0958123
-0.033508547
0.0
0.034984473
0.034984473
3.2729707
0.0
1.6717491
1.6717491
-0.0026108678
0.46471015
0.48808134
-2.8319294
4.017651
-1.781614
-0.81808287
-1.104162
-1.963433
-1.7126589
0.0
1.7880952
1.7880952
0.022903362
0.0
0.011698448
0.011698448
-0.0030453447
0.5420431
0.5586777
-2.0156398
2.859583
-1.9600205
-1.9240159
-1.9688244
-1.3332355
-0.3371203
0.0
0.35196918
-0.3900499
53.911797
-48.89231
1.8119582
-0.0054568984
0.9712773
0.9720473
-0.09331284
0.13238269
-1.6174186
-1.8422854
-0.05917339
-1.059553
-0.97514486
0.0
1.0180964
0.36901772
13.337168
-12.095404
0.4482579
-0.0010991073
0.19563094
0.2204461
-3.0068974
4.2658777
-1.0688893
-1.1602516
-0.22966465
-1.6377194
-0.6637699
0.0
-0.82944244
45.997414
-43.260757
-0.005127905
0.9127192
0.92824215
-1.8809423
2.668488
-1.620956
-0.021183351
-0.57291025
-0.9059736
-1.2580299
0.0
-0.8946787
22.664242
-21.315813
-0.0050744265
0.90320086
0.93271184
-3.575907
5.07313
-1.7086955
-1.5707976
-0.65610194
-0.58840716
-0.9247751
0.0
-0.7751475
27.848936
-26.19204
-0.0031051412
0.5526864
0.56204623
-1.1341578
1.6090268
-1.3652507
-1.4410902
-1.0915483
-0.15103808
-1.782402
0.0
-1.1217728
18.221996
-17.137863
-0.0012502824
0.22253868
0.24426289
-2.6323638
3.7345276
-1.5374302
-0.08853758
-0.12319645
-0.23496577
-1.8182898
0.0
-0.9706963
2.0484273
-1.9265544
-0.00277064
0.4931484
0.5167649
-2.8616586
4.059828
-0.0957717
-1.7947351
-0.9195168
-1.759896
-1.3494582
0.0
-0.9977087
27.931494
-26.269686
-0.004416194
0.7860415
0.80989057
-2.8898442
4.099814
-0.38214698
-0.36058044
-1.5019158
-0.107726134
-0.45074767
0.0
0.47060144
-0.08455682
30.46474
-27.628305
1.0239102
-0.0034124646
0.6073871
0.619134
-1.4233965
2.019369
-1.7623947
-0.5820545
-0.5229547
-0.71810806
-1.2456107
0.0
1.3004752
0.27451766
35.785343
-32.45353
1.2027339
-0.0038283337
0.68140775
0.70701367
-3.1027174
4.4018173
-1.1223836
-1.0005592
-0.18880054
-1.3124385
-0.9293984
0.0
0.970335
0.26205587
21.250206
-19.271694
0.7142126
-0.0013967473
0.24860813
0.27678236
-3.413923
4.8433237
-0.56172204
-0.78863186
-0.8856543
-0.46224445
-1.338613
0.0
1.3975741
0.23977506
43.71847
-39.64804
1.4693637
-0.0054080673
0.9625856
0.9707334
-0.9872888
1.4006641
-1.9279178
-0.9069127
-1.4098736
-1.2089922
-1.1850547
0.0
1.2372519
0.13573813
45.99252
-41.71036
1.5457937
-0.0023628846
0.4205714
0.42985058
-1.1243773
1.5951511
-1.8308878
-0.7003819
-0.5091959
-0.7993619
-0.7893397
0.0
0.8241072
0.1802001
22.082825
-20.026793
0.7421966
-0.004350327
0.774318
0.7886626
-1.7381612
2.4659247
-1.4563102
-0.55806315
-1.7651135
-1.9203241
-1.2788045
0.0
1.335131
0.2565678
39.145367
-35.500713
1.3156631
-0.0018817037
0.33492586
0.34049943
-0.6753582
0.95812887
-0.12517564
-1.5319355
-1.9308599
-0.81053424
-1.4522774
0.0
1.5162449
0.22026259
51.228317
-46.45868
1.7217672
-0.0011492446
0.20455487
0.21201606
-0.90408635
1.2826248
-0.23305066
-1.1209354
-0.6726226
-0.48134017
-0.011322659
0.0
0.011821381
-0.1400289
13.899975
-12.60581
0.4671737
-0.0006137765
0.10924648
0.124908105
-1.8977469
2.6923285
-0.5695411
-0.4023401
-1.35445
-0.3976377
-1.6881645
0.0
1.7625219
0.56235117
30.374474
-27.546442
1.0208763
-0.0028504115
0.50734675
0.52657264
-2.3296447
3.3050609
-1.8647972
-0.4148263
-0.188075
-0.044813987
-1.718892
0.0
-1.0480896
14.361787
-13.507319
-0.0032934174
0.58619785
0.6016294
-1.8698609
2.6527667
-0.28313205
-0.8271151
-0.8302857
-0.8403511
-1.1411453
0.0
-1.0880423
46.892597
-44.10268
-0.0049646813
0.8836676
0.8927162
-1.0964562
1.5555395
-0.1302935
-1.7194195
-0.59160125
-1.376852
-1.0591652
0.0
-1.0124887
43.772568
-41.16828
-0.0005341985
0.09508239
0.11844065
-2.8303616
4.0154266
-1.527364
-1.9111767
-0.06623238
-1.5037534
-0.5018322
0.0
-0.33769095
7.21221
-6.7831135
-0.0039652716
0.7057815
0.72421354
-2.233447
3.1685853
-1.7851022
-1.6925838
-1.6350089
-0.04970185
-1.3659257
0.0
-1.0290722
30.09994
-28.309118
-0.0010850341
0.19312605
0.19962174
-0.78709674
1.1166521
-1.0938535
-0.5005932
-1.015723
-1.1114765
-0.13229597
0.0
-0.45986
37.221493
-35.006966
-0.005086703
0.905386
0.91764975
-1.4860204
2.1082134
-1.4572589
-1.9326905
-1.5585797
-0.07843572
0.29780957
0.0
-0.682722
7.6920295
-7.406345
-0.011170833
0.83574057
0.83724666
-0.3437984
1.2077739
-1.0145233
-0.5500732
-1.5563481
-0.64792657
0.272825
0.0
-0.65137756
11.003289
-10.594623
-0.012026973
0.8997922
0.9003051
-0.1170938
0.411354
-1.2613254
-0.8416958
-1.8144
-0.9849934
0.3877529
0.0
-0.88328964
9.1568365
-8.816749
-0.0032844539
0.24572483
0.24577919
-0.012407191
0.04358683
-1.4574391
-1.086179
-0.8074215
-0.54487574
0.1257678
0.0
-0.27217603
0.785265
-0.7561
-0.0048978804
0.36643258
0.36694294
-0.11650196
0.40927482
-1.6056393
-1.901018
-1.2085217
-0.008935031
0.407759
0.0
-0.9361961
10.748155
-10.348964
-0.007145091
0.53455657
0.53504384
-0.11124423
0.39080426
-1.7384744
-0.824594
-1.9133022
-1.892835
0.043367047
0.0
-0.1822912
13.7644415
-13.253225
-0.010913606
0.8164962
0.8194054
-0.6640906
2.3329701
-1.5757834
-0.02849811
-1.7072517
-1.1003169
0.0035821842
0.0
-0.115917526
16.525618
-15.911851
-0.005943062
0.44462734
0.44517317
-0.12460396
0.4377374
-0.9240372
-1.0778936
-1.4978358
-1.9217416
0.29900524
0.0
-0.6496073
2.2522454
-2.1685963
-0.009933148
0.7431437
0.74618894
-0.6951425
2.4420564
-1.7768282
-1.3439018
-0.3701196
-1.9628956
0.09605561
0.0
-0.21861528
2.238377
-2.155243
-0.0030623726
0.22910994
0.23005904
-0.21665172
0.7611039
-0.5607361
-1.5843605
-1.1962259
-1.6399559
0.099203855
0.0
-0.21394801
0.5064163
-0.48760787
-0.012184835
0.9116025
0.912592
-0.22587034
0.7934892
-1.2998147
-0.583863
-1.5183094
-0.6092153
0.3563609
0.0
-0.76374185
1.0861855
-1.0458442
-0.011093428
0.8299495
0.8328059
-0.6520121
2.2905378
-1.254905
-0.39083365
-1.2058836
-1.8737565
0.24568087
0.0
-0.57486314
8.122364
-7.8206964
-0.013156437
0.9842925
0.984995
-0.16037439
0.5634
-0.20198382
-0.49159905
-0.58319753
-1.0151298
0.0
0.0
0.9557082
1.0047642
-1.0866336
-0.98861855
-0.6529586
-1.4287025
0.0
0.0
0.8654876
0.30402035
-0.0076125115
-1.6604828
-1.7038544
-0.6550364
0.0
0.0
1.7716881
0.6324354
-0.0065518655
-0.146469
-1.1023742
-0.99998724
0.0
0.0
0.21015778
0.026279176
-0.3164825
-1.7359359
-1.1333369
-1.0366391
-1.7485522
0.0
1.8255694
0.52337575
37.089153
-33.63595
1.2465544
-0.0024182405
0.43042445
0.43380618
-0.40977645
0.5813488
-0.0055966103
-0.02344918
-1.6493338
-0.09221338
-0.24778523
0.0
0.25869924
0.25869924
0.08235627
0.0
0.042065464
0.042065464
-0.0037225261
0.6625751
0.68892646
-3.193054
4.5299773
-0.27324826
-0.8150603
-1.7977324
-0.93663746
-0.22360352
0.0
0.23345242
0.23345242
2.2965114
0.0
1.1729989
1.1729989
-0.0052786414
0.9395489
0.9424993
-0.35750696
0.50719416
-1.8842208
-1.1473305
-0.45337078
-0.6289651
-1.680711
0.0
1.75474
0.8670838
0.979709
-0.88849264
0.032927703
-0.0032587722
0.58003134
0.61052805
-3.6953416
5.2425714
-1.0921166
-0.71750444
-0.038934823
-0.9401268
-0.52602035
0.0
0.54918957
0.22338843
4.8771358
-4.4230475
0.16391896
-0.0048203617
0.8579794
0.8869121
-3.5058205
4.973698
-0.3147746
-0.4685858
-0.594226
-1.1264665
-0.80746883
0.0
0.8430348
-0.06695938
46.524837
-42.19312
1.5636848
-0.0007905252
0.14070618
0.15857312
-2.164969
3.0714357
-1.9693155
-0.8637531
-0.78993803
-0.1608342
-1.278272
0.0
1.334575
1.334575
0.12087177
0.0
0.061738193
0.061738193
-0.0044800863
0.79741395
0.81979704
-2.7122102
3.8478055
-0.030992549
-0.29281452
-0.6075426
-0.11107755
-1.6496184
0.0
1.722278
1.722278
3.4335566
0.0
1.7537723
1.7537723
-0.004158573
0.74018747
0.77115333
-3.7521863
5.323217
-1.1046869
-0.235619
-0.17120592
-1.6776193
-0.37634787
0.0
0.39292458
0.16029394
3.4448447
-3.1241107
0.115780115
-0.005548358
0.9875558
1.0153389
-3.366518
4.7760706
-0.48594055
-0.48653468
-1.9431053
-0.47107768
-0.5594673
0.0
0.5841097
-0.11192107
38.476578
-34.894196
1.2931854
-0.0054987594
0.9787285
1.0107523
-3.8803997
5.505113
-1.3968691
-0.98286974
-0.6725916
-1.6520642
-1.8948717
0.0
-1.1971685
19.811054
-18.63238
-0.0028055087
0.49935454
0.5086652
-1.1281973
1.6005704
-1.9300811
-0.7202633
-1.8226758
-0.9933269
-0.28778195
0.0
-0.4252376
26.193136
-24.634754
-0.0014602523
0.25991133
0.2902684
-3.6784213
5.218567
-1.0515527
-0.62797916
-1.4942231
-1.8800039
-1.8486732
0.0
-1.4250154
43.809273
-41.2028
-0.0050769113
0.9036432
0.9191519
-1.8792255
2.6660523
-0.8950632
-0.89221865
-0.6964045
-0.12364124
-0.04974283
0.0
-0.18194127
14.855735
-13.97188
-0.0046752114
0.8321444
0.84036803
-0.9964841
1.4137094
-1.7188559
-1.0420672
-1.9580135
-1.6880207
-1.238097
0.0
-1.0728542
40.625572
-38.20852
-0.00018923834
0.03368267
0.043047246
-1.1347215
1.6098263
-0.7728311
-0.366125
-0.6482303
-0.36017516
-0.0953709
0.0
-0.05121831
0.13643697
-0.12831953
-0.0010181409
0.18121961
0.2021985
-2.5420487
3.6063976
-0.6797099
-0.49962956
-1.434472
-1.8560759
-1.6117513
0.0
1.682743
0.8153198
2.4812844
-2.2502632
0.08339517
-8.128298e-05
0.014467614
0.028550228
-1.7064145
2.420886
-1.1772541
-0.14283334
-0.038847316
-0.5709526
-1.61209
0.0
1.6830964
0.42675972
39.506416
-35.82815
1.3277979
-0.005428927
0.9662984
0.9815451
-1.8474805
2.621016
-0.36953065
-0.28359622
-0.7541121
-1.6724803
-1.8854655
0.0
1.9685131
0.5983199
36.75844
-33.336025
1.2354392
-0.004565442
0.81260633
0.82532877
-1.5416036
2.187069
-0.31970358
-0.48417503
-0.16389619
-0.5575141
-0.40537822
0.0
0.42323363
-0.41231716
59.426426
-53.893497
1.9973029
-0.0050360113
0.8963634
0.9206442
-2.942161
4.174036
-0.92850554
-0.8512911
-0.42461604
-0.7895336
-0.5707998
0.0
0.5959414
-0.074129224
35.440556
-32.140842
1.1911457
-0.0033050012
0.5882597
0.588423
-0.019789698
0.028075593
-1.7256496
-0.20147493
-1.0954804
-0.9040831
-0.74572814
0.0
0.77857476
0.2688474
11.471273
-10.4032345
0.3855458
-0.0019403314
0.34536096
0.35059768
-0.6345409
0.9002216
-1.4754735
-1.2106543
-0.30665827
-1.9571035
-0.46443683
0.0
0.48489356
-0.31520098
53.113007
-48.167892
1.7851111
-0.0027186582
0.48389578
0.5048959
-2.5446272
3.610056
-1.22183
-1.418031
-0.23633778
-1.4899043
-0.5359366
0.0
0.55954266
-0.21126908
46.76901
-42.414555
1.5718913
-0.0039956197
0.7111834
0.7425809
-3.804492
5.397423
-1.4029115
-1.9608351
-1.8255569
-0.123455964
-1.5983618
0.0
1.6687638
0.47590545
34.14299
-30.964088
1.1475348
-0.004389422
0.7812766
0.80608773
-3.0064268
4.2652097
-1.3036159
-1.6236341
-0.6226108
-1.333882
-0.9568393
0.0
0.9989846
-0.07094854
54.331482
-49.27292
1.8260635
-0.0022380268
0.39834794
0.40215778
-0.46164343
0.6549324
-0.47098815
-1.7617922
-1.9422907
-0.22478229
-1.1580355
0.0
-1.1376879
50.781296
-47.760017
-0.0034268014
0.60993886
0.6351326
-3.052771
4.330959
-1.1090326
-0.80240136
-0.24387437
-0.67862743
-0.9114935
0.0
-0.6041712
12.2247095
-11.49739
-0.0025532367
0.45445237
0.45499885
-0.06622094
0.09394747
-1.4066212
-0.7442365
-0.81345046
-1.9224725
-1.1885812
0.0
-1.1392069
49.40725
-46.467724
-0.004185986
0.74506664
0.7588357
-1.6684241
2.3669891
-1.7016572
-0.58594435
-0.38449404
-0.5271296
-1.3446316
0.0
-1.2682273
53.93695
-50.72793
-0.00530318
0.9439169
0.9541084
-1.2349336
1.7519971
-0.41658264
-1.8083781
-0.91287273
-1.8850702
-0.78654295
0.0
-0.9147453
48.017788
-45.160927
-0.0032767244
0.5832263
0.5949726
-1.4233186
2.0192585
-0.8347403
-0.52593195
-1.4240342
-0.7169756
-0.95319885
0.0
-0.7443758
23.504868
-22.106424
-0.001889538
0.33632034
0.33636877
-0.0058715236
0.008329915
-0.73473746
-0.23941018
-1.0438939
-0.006557586
0.25554383
0.0
-0.5691845
4.0608916
-3.9100685
-0.007688352
0.5752003
0.5766812
-0.3380376
1.1875362
-1.5327994
-0.2536956
-1.8713547
-1.7703935
0.22459072
0.0
-0.53510773
8.888734
-8.558603
-0.009334348
0.6983447
0.7013386
-0.6833994
2.4008024
-0.5404534
-0.09991998
-1.3911833
-1.9480008
0.4691347
0.0
-1.093204
14.821199
-14.270736
-0.0077791926
0.58199656
0.58395296
-0.44660306
1.5689298
-1.5499042
-1.6882017
-1.8171098
-1.8633041
0.34392312
0.0
-0.84046745
16.821701
-16.196938
-0.0018048178
0.13502657
0.13742156
-0.54669654
1.9205612
-1.6737343
-0.4792939
-1.7434493
-0.017321222
0.102061525
0.0
-0.23932378
3.45238
-3.3241572
-0.009678274
0.7240755
0.72663456
-0.58416486
2.0521884
-0.42649263
-1.2116083
-1.8948544
-0.6650246
0.09951474
0.0
-0.27528572
9.764272
-9.401623
-0.0032641015
0.24420218
0.24554978
-0.30761635
1.0806653
-1.502674
-0.92303574
-0.4238279
-1.0171843
0.3200391
0.0
-0.70046246
3.1976311
-3.07887
-0.011973763
0.8958113
0.8968291
-0.23234895
0.8162488
-0.2114955
-1.2933874
-0.4015562
-0.49968496
0.27656317
0.0
-0.6415358
8.290738
-7.9828167
-0.005594519
0.41855127
0.42168143
-0.7145244
2.5101454
-1.6446222
-1.7137166
-1.4392992
-1.699418
0.15504037
0.0
-0.3527302
3.5930746
-3.4596264
-0.002772754
0.20744227
0.20962323
-0.49784547
1.748946
-1.4111742
-0.43766913
-0.8419492
-1.6387992
0.2735437
0.0
-0.59334433
1.9160881
-1.844924
-0.0051796464
0.3875128
0.38970682
-0.50082606
1.7594168
-0.81743056
-0.16418764
-1.9117196
-1.5021449
0.31761038
0.0
-0.7640837
13.691381
-13.1828785
-0.0043427227
0.3248987
0.3268315
-0.4411946
1.5499299
-0.114784874
-0.8821502
-1.7741874
-1.2733487
0.36061415
0.0
-0.8728909
16.361727
-15.754046
-0.008546666
0.6394147
0.64040846
-0.22683327
0.796872
-0.87784034
-1.8902481
-0.9732013
-0.7192363
0.0
0.0
1.9691775
0.80078703
-1.6740159
-0.64084905
-1.9504055
-1.4833276
0.0
0.0
0.45512742
1.3450608
-0.029049546
-0.24925251
-0.22028805
-1.4240657
0.0
0.0
0.43869287
0.40496877
-0.6233083
-0.36599806
-0.71664417
-0.13991207
0.0
0.0
0.22083966
1.2942011
