0.3561201
0.8662695
0.88563454
0.41693318
0.9053763
0.6515433
0.590974
0.30832303
0.62595105
0.19357792
0.72878766
0.58650386
0.6790943
0.3914227
0.3550182
0.026936518
0.89409477
0.32441553
0.17924884
0.68698734
0.95950145
0.9276639
0.7598989
0.21919584
0.7653924
0.497569
0.3034447
0.85780513
0.62132984
0.9609579
0.98537034
0.41735867
0.28533506
0.07325324
0.8337051
0.32454568
0.7255209
0.9242611
0.29466584
0.43257466
0.34984747
0.25487524
0.8699325
0.47317132
0.9052675
0.18016687
0.69537956
0.14782391
0.17594114
0.4497056
0.3122215
0.64136046
0.8463578
0.90793
0.9815031
0.33159512
0.34926122
0.96583
0.23043342
0.44088075
0.91150576
0.7955635
0.6394203
0.33653113
0.549512
0.934527
0.012117417
0.92798847
0.6382804
0.68797916
0.78291565
0.002614281
0.046724096
0.41491088
0.5500936
0.22312747
0.08236696
0.28107122
0.90307045
0.19113071
0.79421955
0.77733606
0.90637285
0.53748196
0.2754583
0.062215775
0.26275706
0.16939251
0.13004296
0.67756057
0.6636583
0.11987942
0.94832724
0.61005116
0.18757002
0.66931194
0.94134396
0.6854569
0.48058623
0.55605006
0.61411506
0.6577078
0.32411093
0.16553055
0.3881911
0.38148072
0.46347338
0.6806165
0.36490753
0.05773245
0.82423604
0.59070724
0.32069004
0.847589
0.8065459
0.13962513
0.7994036
0.641813
0.6280753
0.6787605
0.39733842
0.54922235
0.97497725
0.8610474
0.35205096
0.21958546
0.48456833
0.22818384
0.81856984
0.7454942
0.70697814
0.92294323
0.45140004
0.8611078
0.37191427
0.7713772
0.40420473
0.5705777
0.4924476
0.49804357
0.8562747
0.65281874
0.7178945
0.37588367
0.7264501
0.3225493
0.8431352
0.8191986
0.26600456
0.81738603
0.24811615
0.51498425
0.39579755
0.7857934
0.8752211
0.82624024
0.18312098
0.21864751
0.40692112
0.7607668
0.6878208
0.71193886
0.8706408
0.85016406
0.9842463
0.8556122
0.6486059
0.25342873
0.40978667
0.40826377
0.92193794
0.39596227
0.6409648
0.50513035
0.54436314
0.9990472
0.1333018
0.5516907
0.94188225
0.06598773
0.13404018
0.42757133
0.9216374
0.97552276
0.10653718
0.20339122
0.8819564
0.11285841
0.62949324
0.32977635
0.37755218
0.37877718
0.011870631
0.25031075
0.890621
0.3044705
0.39184907
0.30385315
0.07638067
0.56457335
0.7035029
0.24538614
0.5400005
0.48994657
0.12667517
0.108023174
0.7640976
0.11481508
0.21519358
0.023779495
0.00086165644
0.37346065
0.8115081
0.8779571
0.44932333
0.9294809
0.042546134
0.70075643
0.71766704
0.8088002
0.30173227
0.6810015
0.5888013
0.5782385
0.21214812
0.54339814
0.21112615
0.58875495
0.27183193
0.078368686
0.22304082
0.27569315
0.40165132
0.64479935
0.40248743
0.78877103
0.23076555
0.6169914
0.5294711
0.2748507
0.9072355
0.06216942
0.21787769
0.71153086
0.21639545
0.7987266
0.5295486
0.24760239
0.5073561
0.72833467
0.9637062
0.12286081
0.327527
0.30224803
0.3589369
0.4399334
0.55065036
0.73645586
0.53276044
0.33707148
0.19439864
0.52595687
0.04417381
0.41360542
0.53673905
0.34449777
0.79419315
0.8670911
0.47567362
0.6292628
0.26869455
0.31869364
0.465172
0.32867268
0.2926884
0.05062623
0.7701791
0.710418
0.19407064
0.4901948
0.46847624
0.51572865
0.5292172
0.053486925
0.79459244
0.25678444
0.9530986
0.052773807
0.15650769
0.36625442
0.5556644
0.9653445
0.9328985
0.2468371
0.10898073
0.62775666
0.41383487
0.73001325
0.48516536
0.88131887
0.16735868
0.7288898
0.64569926
0.8729058
0.32033148
0.09823299
0.5949379
0.12119913
0.8140196
0.71548796
0.7048599
0.72846794
0.60608065
0.47993577
0.60223466
0.30381536
0.5334351
0.97266626
0.5781648
0.926758
0.20192882
0.066825986
0.057080492
0.6674948
0.011302097
0.4394137
0.0037245594
0.6308535
0.9812825
0.84258586
0.19088705
0.90161467
0.567631
0.8000135
0.3035115
0.033545233
0.22268404
0.6523012
0.15739214
0.6881186
0.7144997
0.45052296
0.48800918
0.29242656
0.7550948
0.48472086
0.36874852
0.005911008
0.5536318
0.43698195
0.68109924
0.1574564
0.17699064
0.6642524
0.69711155
0.30084613
0.23554815
0.7563684
0.084350996
0.53300554
0.29828525
0.49403208
0.35026217
0.08252064
0.5964189
0.5854718
0.73864627
0.12018114
0.25015482
0.3659935
0.58097166
0.67557895
0.9380632
0.00013337264
0.1536195
0.10891402
0.30516863
0.25649303
0.79757094
0.20903915
0.031837452
0.21851669
0.18106127
0.7204581
0.47363526
0.29923597
0.78945756
0.6363355
0.10078106
0.014784461
0.18547535
0.7433327
0.85936165
0.8897483
0.57040375
0.938117
0.925729
0.97411925
0.21593574
0.27571195
0.9199864
0.33498138
0.22647275
0.74328685
0.84972745
0.477917
0.9656047
0.95189124
0.856836
0.21287604
0.19320996
0.4004246
0.5438692
0.23589636
0.60548174
0.18339072
0.8911534
0.48633394
0.27192402
0.5164111
0.3731925
0.98132443
0.06601687
0.38829297
0.6430098
0.6296109
0.8323548
0.74826807
0.22855638
0.269919
0.8993317
0.8368935
0.5876498
0.9650149
0.35234836
0.9403207
0.092333525
0.91168875
0.31663936
0.42153996
0.7962421
0.097125106
0.79284763
0.5118441
0.33111992
0.14548089
0.5293042
0.9538444
0.74155504
0.0010803338
0.56059676
0.9015958
0.14923868
0.035450373
0.19073138
0.25932977
0.26255918
0.863654
0.6598475
0.22455561
0.50685775
0.42358458
0.9922488
0.11772738
0.62439495
0.32478613
0.64790475
0.6113274
0.7794274
0.25036418
0.27760482
0.6812991
0.72035164
0.39357978
0.68933356
0.7404583
0.15741754
0.9050448
0.9912662
0.54365164
0.73315984
0.40361682
0.6237766
0.5549981
0.3330199
0.18838438
0.14315659
0.9966593
0.17192507
0.098503515
0.58680403
0.19996387
0.4139923
0.84621984
0.8948828
0.29802793
0.9365287
0.086311266
0.8602325
0.15727018
0.79164976
0.11750089
0.42392403
0.054104157
0.6051488
0.9808571
0.5957835
0.6925572
0.29519013
0.75111055
0.24919204
0.055186335
0.31672648
0.65795535
0.414274
0.42454752
0.20976345
0.044961095
0.6054188
0.12757123
0.6083187
0.8988863
0.2046711
0.7099642
0.08866201
0.20318359
0.58879626
0.80658066
0.8453851
0.24793687
0.9182658
0.5417676
0.67107284
0.30966112
0.990771
0.0079242205
0.41687638
0.56306094
0.48317125
0.5829461
0.94141436
0.50983465
0.085649095
0.23007487
0.73118526
0.39052722
0.030602397
0.22812253
0.2643073
0.08803624
0.4536482
0.52475846
0.42914534
0.68833
0.18974854
0.94195485
0.7888346
0.056714382
0.6533195
0.34578234
0.55405873
0.13201512
0.39978653
0.37479383
0.7447562
0.23211786
0.57740456
0.027420808
0.28809017
0.31787443
0.29881302
0.7534099
0.87168324
0.9870932
0.27245358
0.95569456
0.96449584
0.0038434102
0.3261545
0.74599034
0.6929371
0.54165494
0.105234064
0.4801511
0.78806525
0.31332016
0.14751917
0.39090002
0.5166469
0.1143975
0.22911364
0.46071514
0.47289202
0.7192408
0.14197616
0.3706085
0.22847229
0.76152647
0.9125864
0.49847087
0.63902676
0.40339342
0.21723089
0.9008073
0.56741565
0.00492047
0.30624667
0.24182802
0.015079399
0.6562007
0.34743723
0.24037622
0.9098417
0.64153916
0.9746179
0.44081047
0.55546325
0.89541084
0.9354244
0.282922
0.41182542
0.01473829
0.83897066
0.37184975
0.49739665
0.6061685
0.9973705
0.97211903
0.37824127
0.30509585
0.42197704
0.30305597
0.70687807
0.79436386
0.81510866
0.36816606
0.825801
0.8681654
0.6251954
0.083351
0.47861183
0.7898795
0.5843697
0.876889
0.7731491
0.49614668
0.2986166
0.32173893
0.30099243
0.93634385
0.1711871
0.17790468
0.89039856
0.59757155
0.5713755
0.522746
0.18316767
0.5672898
0.15316509
0.20140272
0.56486017
0.5733822
0.8365493
0.47944674
0.25829145
0.83610195
0.31957498
0.8052579
0.70158523
0.7243467
0.5348261
0.042553864
0.11903855
0.8104943
0.73996335
0.32044992
0.41182047
0.6353224
0.6595035
0.05620242
0.22910121
0.5385719
0.5469775
0.13331255
0.7479625
0.34841153
0.38299745
0.03554373
0.6061233
0.59380466
0.47793603
0.69957054
0.67678607
0.6941736
0.96354574
0.7815975
0.54230666
0.58771926
0.9349587
0.56386817
0.99306965
0.8573761
0.15770614
0.88407236
0.15416193
0.32766682
0.34309226
0.6722843
0.045588322
0.43573672
0.93369347
0.5952225
0.69204915
0.45837545
0.72664434
0.6406875
0.08892868
0.8878809
0.92132425
0.18921727
0.14718956
0.46249956
0.60164917
0.38711557
0.8680037
0.6275561
0.6082074
0.1858891
0.264117
0.78644866
0.6564832
0.49577817
0.80609185
0.4775689
0.9610944
0.48575073
0.9963484
0.37277845
0.19874896
0.8772925
0.26140282
0.3452137
0.03906139
0.8814132
0.13264373
0.832507
0.85480213
0.07523612
0.8434265
0.8782009
0.5677434
0.4446433
0.11498232
0.09046212
0.1569365
0.83301604
0.40235034
0.18453592
0.05565421
0.28171468
0.59115744
0.2585119
0.22662227
0.5098106
0.6762926
0.17396863
0.9392017
0.7911822
0.92704004
0.24169147
0.15426937
0.4407986
0.3972627
0.19000216
0.45199063
0.5165738
0.795835
0.10217027
0.3769488
0.26266083
0.99897385
0.9604661
0.9550874
0.72330225
0.36551616
0.7620621
0.65611356
0.63268155
0.8001499
0.9029466
0.84508723
0.860683
0.90095633
0.7802747
0.23584269
0.478951
0.54276454
0.933944
0.24884716
0.5631748
0.47779444
0.655394
0.02744937
0.65886897
0.24341883
0.48128673
0.8476996
0.63638
0.23567669
0.6278998
0.7009394
0.34478125
0.21335053
0.5002812
0.67895913
0.6373498
0.48001373
0.21115676
0.3009384
0.19533068
0.86476034
0.47912955
0.80324084
0.30421916
0.22737002
0.79000586
0.12641582
0.49302706
0.34692937
0.316244
0.98891735
0.6557246
0.60034585
0.323528
0.48448908
0.13128349
0.30272436
0.99026346
0.034096505
0.27391833
0.7331788
0.05417203
0.56345254
0.08900425
0.68865186
0.39316514
0.6401244
0.59503686
0.41583464
0.20194232
0.8146596
0.83010083
0.62578166
0.8013989
0.20871001
0.019066118
0.23731871
0.37655514
0.03458742
0.28553092
0.014379468
0.81808454
0.43281317
0.53484476
0.6444225
0.84263146
0.36701003
0.61466354
0.95216936
0.19563286
0.51049775
0.20721686
0.2934285
0.0814615
0.054383483
0.17695932
0.23315504
0.1890483
0.9493007
0.03722093
0.88162833
0.14502195
0.20358387
0.99507874
0.011010638
0.15727125
0.6616532
0.351646
0.21591206
0.5951011
0.75440985
0.7700944
0.6443881
0.28203416
0.25092918
0.17086804
0.28764415
0.50668937
0.22031221
0.07885424
0.12130747
0.388384
0.5912197
0.237619
0.30272537
0.021560593
0.16136317
0.72814196
0.021611925
0.5604538
0.82486826
0.94619435
0.5975027
0.83839345
0.5572268
0.10779682
0.30257934
0.96901214
0.4590039
0.527924
0.0801072
0.9204195
0.07007489
0.482943
0.06308908
0.71373475
0.93612707
0.7799464
0.3030714
0.30992568
0.7876377
0.97233546
0.5963136
0.64807117
0.53674537
0.26704276
0.48335975
0.8157095
0.055876337
0.5231383
0.027366351
0.3737647
0.1966429
0.26793563
0.57438284
0.53994775
0.11376952
0.26292893
0.5199239
0.11284368
0.84856814
0.94226277
0.65346754
0.34069395
0.9456418
0.8240299
0.9306048
0.29743353
0.4467516
0.32940298
0.03984023
0.99619913
0.6288938
0.80238163
0.94051373
0.24024539
0.7615414
0.8626717
0.7883299
0.70178354
0.83354336
0.6597472
0.39570662
0.34378162
0.08494821
0.14792596
0.38966274
0.84567773
0.7010271
0.7331688
0.44404277
0.5939464
0.9340746
0.9541679
0.99189204
0.14080416
0.16778553
0.015007151
0.0034335637
0.8113885
0.0688874
0.020922052
0.84113616
0.06902324
0.7283483
0.704453
0.05759096
0.08074969
0.7965538
0.5067943
0.9400858
0.859572
0.19495003
0.9406626
0.76374584
0.14162825
0.8568059
0.22617495
0.06232596
0.51372117
0.5622887
0.9360185
0.02812132
0.48567566
0.94013184
0.5458881
0.18843935
0.9091392
0.7782286
0.43707052
0.29307705
0.46999377
0.07572182
0.2512731
0.24950469
0.6711132
0.566706
0.025098197
0.99132276
0.98404276
0.15403803
0.4164703
0.9412595
0.45765162
0.41755566
0.64963037
0.263193
0.539707
0.86268246
0.10928102
0.7196337
0.2988147
0.95655817
0.88270086
0.5087682
0.47954237
0.3899567
0.8281842
0.9345209
0.44135344
0.7245818
0.12015951
0.34839162
0.18533292
0.8371446
0.80398417
0.25504833
0.9436926
0.5394085
0.8538563
0.3291964
0.96981907
0.27904648
0.40345985
0.30132478
0.07772139
0.13031492
0.8350922
0.65638536
0.1965449
0.15133975
0.9194998
0.5830639
0.38720033
0.14923142
0.5668587
0.64485717
0.5396069
0.06100098
0.75665945
0.92586744
0.15931645
0.6347311
0.76251704
0.51399004
0.18223935
0.18013899
0.575396
0.10537043
0.9373929
0.7491514
0.9672571
0.679266
0.9444333
0.43081468
0.33388138
0.8689485
0.3870557
0.4767687
0.0130351
0.97211576
0.10336302
0.25136188
0.9771825
0.32126227
0.26271972
0.99727595
0.9166163
0.8628616
0.50201595
0.7668797
0.023511017
0.3128287
0.7566098
0.61228555
0.30344474
0.3664603
0.81477386
0.081737034
0.8719611
0.7425997
0.13309017
0.52277553
0.22711909
0.45484892
0.040794127
0.97632986
0.31679168
0.26783264
0.6253048
0.99617666
0.9911712
0.91794866
0.5407821
0.14637427
0.014205549
0.46666276
0.64050204
0.21969162
0.8688085
0.14120747
0.55442965
0.9170732
0.3593735
0.13606018
0.5460072
0.6952912
0.08891486
0.44097668
0.97273296
0.09587073
0.4566427
0.76927096
0.5035057
0.09559165
0.71710163
0.7691776
0.87498444
0.43235424
0.17602779
0.3799088
0.64316064
0.40882888
0.5519244
0.40035668
0.32355466
0.97611845
0.27728
0.29133958
0.44263858
0.017187519
0.69195426
0.8576844
0.5814257
0.38298407
0.659591
0.1092989
0.114313744
0.22650878
0.20174877
0.6517776
0.4507804
0.10420094
0.38591433
0.7825708
0.94192016
0.29612076
0.7068683
0.58715034
0.34206313
0.11104323
0.7841081
0.22510059
0.849132
0.15452158
0.44914958
0.18927224
0.12247926
0.15897544
0.46756458
0.42095548
0.5037944
0.27839202
0.93122995
0.09341565
0.89681464
0.5983424
0.83461034
0.09833312
0.70584005
0.8851753
0.25464207
0.025146425
0.57548964
0.60620826
0.50815433
0.9830017
0.624634
0.47818634
0.33307356
0.4301382
0.6405417
0.35733065
0.23400603
0.12579161
0.70958954
0.632452
0.66935635
0.7143156
0.9779398
0.63651735
0.20903315
0.29216033
0.9784779
0.4208201
0.49465203
0.47757158
0.115790755
0.47227794
0.02099266
0.18845789
0.26656947
0.72301334
0.7589367
0.34793946
0.28023723
0.5784964
0.58160377
0.8829768
0.46089044
0.22348872
0.0076980963
0.11392244
0.5778096
0.22012077
0.6771988
0.8191325
0.40666556
0.7245663
0.9467629
0.46360722
0.83177894
0.73181736
0.63406754
0.9476331
0.7866183
0.6389437
0.6702409
0.9219053
0.087575756
0.3615697
0.009056042
0.8889074
0.74735624
0.79015625
0.34172806
0.011082546
0.06692083
0.4313802
0.27471837
0.5289449
0.6584081
0.16992281
0.78748405
0.4244371
0.8568602
0.80930054
0.96156096
0.19019477
0.75312173
0.57528085
0.67133963
0.83875
0.41908818
0.7386574
0.59030235
0.4952771
0.274912
0.9327131
0.57600737
0.11354547
0.24061316
0.719474
0.70075244
0.5727246
0.838953
0.7560175
0.9430957
0.9112301
0.014874886
0.43784258
0.39154154
0.43518153
0.9136189
0.33238262
0.38954502
0.96136796
0.843492
0.0681492
0.44172475
0.3985251
0.2420133
0.41768208
0.30180198
0.92793983
0.13927592
0.4044415
0.6149263
0.8907994
0.43829337
0.6106497
0.4647494
0.14985369
0.36913177
0.34478223
0.55308783
0.5141376
0.57338256
0.7906107
0.1787155
0.62238944
0.6424984
0.29569575
0.87467086
0.9247017
0.16932441
0.100642204
0.8075723
0.18211529
0.32845685
0.34507254
0.13224694
0.15911672
0.56773835
0.42623577
0.4332221
0.3476397
0.7333546
0.17006746
0.9848686
0.62104636
0.11109609
0.31059495
0.5823564
0.2383841
0.8739429
0.17411515
0.26218852
0.21220323
0.94658417
0.50900465
0.30668172
0.4950631
0.30234626
0.18037097
0.85836345
0.36056653
0.8814
0.29919308
0.12328048
0.7832931
0.90844727
0.4868524
0.79712343
0.20521533
0.2963545
0.28408858
0.90281665
0.11832566
0.032481544
0.7188801
0.07279261
0.5403874
0.20608228
0.5782844
0.30488893
0.17756128
0.33787334
0.24397714
0.7484519
0.52392155
0.41699618
0.7500354
0.10066536
0.23380879
0.41466257
0.74239945
0.19083926
0.4438494
0.5122955
0.5257107
0.51124775
0.36442062
0.042053185
0.86247885
0.33381012
0.7847982
0.29784194
0.31430942
0.39835793
0.8267828
0.72266513
0.65074956
0.36470103
0.18180725
0.7775699
0.15701488
0.3635989
0.04280067
0.65669173
0.4080011
0.43072513
0.8210394
0.39603043
0.36271718
0.84693074
0.91670156
0.09764406
0.83748716
0.4094186
0.31405213
0.4605713
0.6830403
0.08872599
0.11459993
0.9854861
0.6920466
0.52476615
0.73745936
0.13898076
0.13334708
0.6434294
0.6242853
0.5017453
0.892049
0.7345079
0.13917644
0.07199379
0.81057584
0.8574891
0.21265912
0.56148714
0.18079966
0.9678143
0.32461926
0.3063079
0.8261315
0.25053114
0.56602925
0.19278848
0.68800175
0.57951593
0.94924337
0.6449007
0.21292977
0.58047265
0.96316296
0.3566591
0.6381091
0.37910396
0.10616814
0.7401252
0.036486186
0.13703619
0.30614588
0.67834944
0.027725909
0.054798275
0.48126966
0.72000736
0.90083456
0.45287272
0.6587063
0.11827198
0.4145552
0.269917
0.030788332
0.025640344
0.25833032
0.6281843
0.35262316
0.08450397
0.8472724
0.36411023
0.30147156
0.5835656
0.22937758
0.99115443
0.9691286
0.8718749
0.98142403
0.72744423
0.14379373
0.95728093
0.3445822
0.4034764
0.54962164
0.52445155
0.72327244
0.82262045
0.082432486
0.52575547
0.6183891
0.13599367
0.57612616
0.17201568
0.2997919
0.5180803
0.35238603
0.30265075
0.8754196
0.6893099
0.3306023
0.1552964
0.14780302
0.37455434
0.31080958
0.49370912
0.24380006
0.026651666
0.9566187
0.88786185
0.06382179
0.75137454
0.5402093
0.2866994
0.26479515
0.6397734
0.74969006
0.47829357
0.07401796
0.3668251
0.35622057
0.2913376
0.54772836
0.9285995
0.014217509
0.3873285
0.30281645
0.90651196
0.28999683
0.19315073
0.35735324
0.8106701
0.36462066
0.4228332
0.64731073
0.07875439
0.30049074
0.95268226
0.39484566
0.33499935
0.036011208
0.18667334
0.081514835
0.6318254
0.05529931
0.7863377
0.55682683
0.5784132
0.7236926
0.8415859
0.9782139
0.8814731
0.6621372
0.4179471
0.36091298
0.5517783
0.41668275
0.26651302
0.4713627
0.4092916
0.41662982
0.5763855
0.22587685
0.115714215
0.32300493
0.3234111
0.55981934
0.23743506
0.46091887
0.24554738
0.046111025
0.8118296
0.7282795
0.92157567
0.21353698
0.8752216
0.90522736
0.31708387
0.16737467
0.31244993
0.16534795
0.39560178
0.8717182
0.52272475
0.18897024
0.15197356
0.49094403
0.7763796
0.12863973
0.6959469
0.30717695
0.6714797
0.32592994
0.23634052
0.5183728
0.8250783
0.9089409
0.97116053
0.62390804
0.20810841
0.8822132
0.16673675
0.7652065
0.6806121
0.71621776
0.013913216
0.06950462
0.9989049
0.788971
0.5524613
0.33663923
0.861036
0.36432877
0.4341653
0.9172353
0.16705462
0.58887976
0.7384373
0.23026545
0.7478233
0.21608163
0.74289393
0.21677698
0.56279117
0.5510152
0.06439906
0.23427321
0.42167595
0.6511199
0.7149355
0.07493429
0.7178092
0.72445834
0.26650697
0.6721259
0.55414164
0.09823629
0.8507108
0.42989817
0.76597947
0.43013057
0.50481254
0.3101633
0.9328033
0.44115987
0.7399931
0.5878219
0.26871458
0.67749447
0.90880895
0.92346764
0.12448961
0.028215997
0.71179223
0.8869278
0.15921652
0.40543544
0.93143946
0.85349023
0.26488176
0.041824654
0.71360785
0.43329668
0.053013705
0.9891708
0.99221677
0.9240382
0.21131735
0.6139044
0.9744114
0.6164451
0.7006856
0.08030252
0.06085382
0.32246614
0.31763798
0.5508813
0.4767193
0.5838655
0.974538
0.33664453
0.39752212
0.044853866
0.62675565
0.79503834
0.53790975
0.21921396
0.85222477
0.8611546
0.7627455
0.7039702
0.7941741
0.93790877
0.6014113
0.65540445
0.35499597
0.9984146
0.9133724
0.23508614
0.11379553
0.9014446
0.29235014
0.35931817
0.89311564
0.121918246
0.3699883
0.48580578
0.19589855
0.8506827
0.65448093
0.4823688
0.14725454
0.3797126
0.7595226
0.061430324
0.76232946
0.6277344
0.35595626
0.22384563
0.44459614
0.3025705
0.59824157
0.5659023
0.44363797
0.9935776
0.29282224
0.47675118
0.48981977
0.9860728
0.25541714
0.6241488
0.46418628
0.4165686
0.35004336
0.13404895
0.43122336
0.7770679
0.36169884
0.8851517
0.43444714
0.52416027
0.61452985
0.30290413
0.7355207
0.07180885
0.1987106
0.46955785
0.094629325
0.35235113
0.95878315
0.68138736
0.6497423
0.7370199
0.73610437
0.6958746
0.8338763
0.83978903
0.07652576
0.19808246
0.23827827
0.35058972
0.684695
0.43662444
0.111938216
0.68338215
0.43336153
0.4878194
0.57082266
0.3792711
0.5737466
0.46158397
0.20089965
0.2996729
0.8482667
0.7341867
0.24776374
0.9901175
0.8148695
0.63803035
0.6065334
0.15056285
0.77812535
0.5159077
0.62695867
0.85654014
0.533053
0.74547404
0.38495806
0.76270837
0.77327466
0.17826067
0.25649816
0.9198538
0.19731615
0.28362718
0.2752511
0.5237116
0.019859409
0.7255067
0.7500999
0.47556964
0.31388307
0.525884
0.0774457
0.5629933
0.91638494
0.5389189
0.1282323
0.47790137
0.7395539
0.60618305
0.81010133
0.21630143
0.7207255
0.81291175
0.8325006
0.004707982
0.36414197
0.08304389
0.15955268
0.4335412
0.87380177
0.8568894
0.5295008
0.72774607
0.9112369
0.8435905
0.7377042
0.17211564
0.16996714
0.3553474
0.50737643
0.37760478
0.4501424
0.42808044
0.56039774
0.4027757
0.41546446
0.87309223
0.35487497
0.20032606
0.96295977
0.927801
0.4594833
0.19040711
0.17943239
0.33721265
0.18845163
0.84497166
0.7308284
0.44680363
0.24843721
0.35305363
0.9563162
0.851189
0.56111324
0.69502205
0.3047602
0.33970428
0.6046047
0.75469416
0.900578
0.8795081
0.19096938
0.975885
0.4392122
0.142919
0.7633995
0.72769994
0.90499526
0.44654292
0.36462992
0.5596192
0.7639144
0.9512013
0.6573443
0.084290415
0.99132013
0.8281191
0.019238858
0.707003
0.50796926
0.59459585
0.09510565
0.36576405
0.27830988
0.5295257
0.22270256
0.6315459
0.7216557
0.7027625
0.7574667
0.66679883
0.5346352
0.6417412
0.47326937
0.7440019
0.78825134
0.06784417
0.5219654
0.47989213
0.5683105
0.94102657
0.05802839
0.57295394
0.7212061
0.32803252
0.5823235
0.5283698
0.7253982
0.9832946
0.19001964
0.52285886
0.00763529
0.33588365
0.20499459
0.13861926
0.49590695
0.5809757
0.35049328
0.750812
0.44447884
0.7424928
0.58775705
0.19404866
0.90695286
0.39041373
0.68901
0.95864165
0.07979241
0.14061512
0.7565348
0.76928824
0.6528943
0.6250992
0.8563595
0.12927715
0.28173262
0.78684705
0.042412516
0.62922484
0.7750889
0.98987126
0.93403256
0.9049503
0.18349974
0.79818344
0.36522487
0.8785136
0.24541393
0.4164447
0.72504324
0.21161705
0.25466347
0.09814463
0.7632237
0.36218986
0.53215545
0.36937103
0.8888042
0.06428812
0.4352876
0.69218636
0.38120767
0.84605443
0.84285337
0.97589475
0.1590795
0.18022361
0.22805923
0.09973113
0.2808036
0.7273883
0.48683494
0.39994326
0.099301785
0.3133373
0.91125095
0.82626694
0.5431427
0.27450293
0.73598325
0.6607413
0.5233238
0.7914952
0.260216
0.43291578
0.35143408
0.23901358
0.761454
0.90298283
0.6874319
0.19664113
0.95985955
0.11752395
0.24539638
0.18934952
0.30783358
0.66067463
0.5454938
0.72187
0.49985075
0.6982046
0.00017615918
0.3468795
0.1463447
0.46271953
0.04873215
0.9723845
0.6163782
0.67980814
0.68221277
0.87838846
0.070102386
0.5447078
0.62888694
0.750251
0.29958233
0.30221495
0.30788985
0.4987703
0.42747784
0.407151
0.3492386
0.36649495
0.45183113
0.96548504
0.8412236
0.33293784
0.7706017
0.03367348
0.9177769
0.515995
0.005623991
0.4382931
0.7546276
0.12256436
0.45524347
0.83242977
0.2259791
0.04343497
0.36709756
0.9310788
0.946539
0.23621272
0.10128139
0.86738455
0.33290538
0.8114652
0.92898375
0.2026512
0.79282266
0.008687093
0.07978585
0.4525026
0.33432952
0.074121766
0.22194813
0.94975793
0.674299
0.8813521
0.46629074
0.8331826
0.6839837
0.45686933
0.90004027
0.15350172
0.8483439
0.7163593
0.7760292
0.7126956
0.53527546
0.04764398
0.7999068
0.8704123
0.83468515
0.104228355
0.6799829
0.2564355
0.7623561
0.75545496
0.06787777
0.08714886
0.49389145
0.84385496
0.722533
0.76605564
0.026198445
0.83023125
0.23629351
0.6574333
0.55551875
0.8821803
0.9912576
0.84548175
0.6217096
0.94338596
0.21830301
0.25727808
0.7294735
0.06546056
0.2718773
0.7027439
0.4134504
0.39843893
0.91425276
0.42437163
0.22615516
0.76293576
0.19999057
0.4033585
0.21868499
0.95546424
0.22549322
0.6747131
0.9162963
0.22435501
0.67373097
0.14183617
0.2793322
0.87656385
0.8845405
0.87711644
0.9089795
0.60333145
0.23667353
0.032837294
0.6567172
0.8650726
0.9986375
0.93700355
0.8791656
0.5699126
0.71866536
0.85656583
0.40452674
0.6229814
0.65649915
0.10066928
0.73316187
0.81044817
0.8594685
0.18724182
0.33340126
0.53888565
0.6153409
0.7064923
0.5503743
0.29451346
0.34653845
0.27795154
0.06953376
0.40654254
0.093910836
0.48770922
0.18869475
0.55970156
0.54149866
0.23184806
0.9594637
0.74670386
0.4108242
0.64259964
0.38517866
0.6240651
0.3676984
0.4877981
0.77245194
0.17089225
0.5368459
0.6214962
0.8550145
0.660472
0.30293223
0.12079474
0.486505
0.9558481
0.6000107
0.2415394
0.86914575
0.45338905
0.7164137
0.93418443
0.9927272
0.9700697
0.48485202
0.76095396
0.080554664
0.07514235
0.7763589
0.5964981
0.5607261
0.30817154
0.15856388
0.79044443
0.45802748
0.28849453
0.7769598
0.06531636
0.83131695
0.078062385
0.546136
0.0058499933
0.8655039
0.20176794
0.7303545
0.655638
0.55578166
0.31894994
0.00021829734
0.8978266
0.6714909
0.88528234
0.56516075
0.5169012
0.5067072
0.9899729
0.9973243
0.98318535
0.15394717
0.1620463
0.17283791
0.9844901
0.06041729
0.97164214
0.3363019
0.28170636
0.49062428
0.5099821
0.33236295
0.10360356
0.9834467
0.46365133
0.3643373
0.49493462
0.41673863
0.32528856
0.48324957
0.6740743
0.104023255
0.5536927
0.6720977
0.43196267
0.62561697
0.029188557
0.2742134
0.23658839
0.14389767
0.18409558
0.32985044
0.39086178
0.7290769
0.21417943
0.77497005
0.75889474
0.19885162
0.76905614
0.5944616
0.74507743
0.8378817
0.27093172
0.458612
0.4291721
0.9743778
0.7731361
0.13659786
0.0992013
0.75268936
0.69917554
0.9198907
0.8151891
0.3570729
0.6214953
0.72308344
0.9214446
0.5526304
0.6547162
0.8972383
0.11182552
0.6804901
0.119685136
0.8730716
0.3293883
0.24289273
0.17389455
0.7732833
0.40945032
0.95101726
0.9386268
0.2611417
0.6196966
0.23790525
0.89010024
0.49934226
0.5462463
0.83412796
0.07131442
0.3619431
0.54211384
0.9881552
0.12440209
0.98815536
0.20048685
0.29370034
0.017482294
0.6131524
0.4677456
0.8730105
0.98472625
0.64391345
0.4539869
0.052451137
0.32470706
0.9832076
0.022824878
0.98198926
0.7952769
0.4683003
0.9285338
0.5069176
0.05125555
0.6138629
0.51061076
0.23982428
0.70712054
0.047872946
0.09973873
0.7337856
0.48549026
0.7418807
0.5877997
0.9955581
0.049183384
0.49048233
0.65302163
0.0012817815
0.20600165
0.1339632
0.4277718
0.17327036
0.6092096
0.59128654
0.8831091
0.14966263
0.31691495
0.015321857
0.6865831
0.093090385
0.012960016
0.09782904
0.6232041
0.7448228
0.9949724
0.89980525
0.479722
0.5431158
0.6951167
0.8522824
0.4740277
0.57863075
0.8983455
0.035149477
0.06686777
0.22451906
0.98084164
0.43122712
0.30476153
0.6539742
0.7530253
0.6078417
0.5528002
0.070013046
0.039861985
0.11275122
0.96214885
0.030928073
0.55923617
0.08138895
0.73523706
0.49894953
0.94967884
0.24922085
0.35314465
0.8895266
0.70049274
0.18087897
0.0047439877
0.30405873
0.6543286
0.03293443
0.77768624
0.9799428
0.97953176
0.6081721
0.9994147
0.0565798
0.8637758
0.12831071
0.029931985
0.37981197
0.8368958
0.43808052
0.31878152
0.7313024
0.3974709
0.30997756
0.044309888
0.05381201
0.28317308
0.68920887
0.3074042
0.3361302
0.8700243
0.2939541
0.555876
0.14816542
0.28950542
0.53201556
0.036853287
0.4643231
0.3434274
0.29107
0.670843
0.06578389
0.6968299
0.9204924
0.90775174
0.90690327
0.7894341
0.01639302
0.5854303
0.14433976
0.31022924
0.5051428
0.53779334
0.11005495
0.08423733
0.7304884
0.8954884
0.09663778
0.20716618
0.4240693
0.46209323
0.6486609
0.18197414
0.8621066
0.87386274
0.7523173
0.09205509
0.3894822
0.097352095
0.13612454
0.32785136
0.32328635
0.7370633
0.4269742
0.5507221
0.9557306
0.16567375
0.27251977
0.7628766
0.019264167
0.56925654
0.5518837
0.007692028
0.28910607
0.117979854
0.911829
0.061870057
0.25247493
0.07413572
0.61624306
0.5679524
0.7340703
0.40240106
0.64923465
0.28856805
0.5293471
0.7995162
0.118432164
0.96644
0.9979113
0.8587202
0.053997368
0.90847737
0.045650598
0.6849591
0.24543677
0.51301134
0.81921864
0.53311217
0.45193073
0.5802244
0.379051
0.12773125
0.62467104
0.7386933
0.9827774
0.50024337
0.50928646
0.667971
0.21725483
0.31093052
0.8947513
0.70307064
0.07115724
0.53608996
0.2781489
0.22570348
0.47623006
0.877678
0.38588953
0.7479744
0.57511955
0.7763187
0.6360836
0.038708974
0.7343748
0.16578028
0.0030403277
0.32097256
0.24589391
0.13929741
0.7463276
0.3557122
0.44346002
0.24936657
0.8513968
0.38023412
0.25732034
0.8167274
0.678418
0.07500105
0.92262834
0.33200282
0.21844694
0.9111866
0.43318763
0.19115932
0.36384168
0.30920634
0.3929429
0.27097517
0.46790305
0.72236127
0.1463146
0.27410778
0.44529882
0.38187376
0.36423638
0.7022022
0.4909099
0.263938
0.905488
0.7618582
0.93571055
0.99070174
0.9372785
0.7721924
0.5834184
0.21543582
0.100940555
0.15262447
0.87666404
0.26378888
0.8254144
0.6162411
0.4437866
0.85975105
0.76796806
0.9544557
0.55048734
0.44225207
0.10040001
0.9822763
0.788492
0.9728144
0.771379
0.80091107
0.1310002
0.909854
0.31008607
0.22849515
0.969271
0.6955017
0.46764955
0.17499855
0.9746468
0.44343302
0.7759455
0.9448165
0.49480873
0.67316866
0.7448362
0.95319235
0.044989843
0.7946712
0.29231447
0.6048725
0.33569115
0.26059604
0.55551386
0.33177763
0.33981127
0.14520095
0.806372
0.10588617
0.7733526
0.72316295
0.061899073
0.44371533
0.56265694
0.97225624
0.077167645
0.9693994
0.0002461556
0.97785205
0.5533252
0.5463984
0.37662748
0.89359874
0.41131845
0.36110687
0.3630725
0.25900266
0.42003205
0.8703514
0.5096254
0.23304684
0.24398981
0.68261445
0.28815427
0.18866129
0.3271302
0.5122554
0.61380345
0.21920802
0.14070427
0.21870154
0.15388165
0.83333576
0.6375857
0.9080078
0.8329123
0.15644984
0.1403649
0.24531259
0.7033398
0.039948683
0.5053686
0.41262695
0.294739
0.9263224
0.012198113
0.04098426
0.022071207
0.4263037
0.8513244
0.9357115
0.5634171
0.33255842
0.45158753
0.6014804
0.9408238
0.31069896
0.29775378
0.18568426
0.98784477
0.50633025
0.8301869
0.14904422
0.376606
0.07022625
0.24674472
0.4083974
0.84156454
0.47627863
0.5626057
0.35566562
0.030879539
0.56065655
0.29608947
0.20605497
0.56011075
0.139088
0.2585688
0.86107
0.5485795
0.8152407
0.7515562
0.6691208
0.062321775
0.7329677
0.028712803
0.9981971
0.83560324
0.6214927
0.46268547
0.5852197
0.969012
0.9134803
0.08019874
0.36108318
0.021630798
0.31557775
0.048045393
0.61101705
0.48860285
0.7360336
0.0630019
0.02162055
0.20082985
0.7535832
0.89778143
0.4049597
0.89803106
0.80895275
0.5742694
0.41332817
0.6823719
0.1866278
0.6253615
0.49293
0.6540077
0.020137928
0.86245245
0.9082518
0.46551582
0.23725995
0.12791628
0.03963488
0.049418323
0.45231137
0.91650414
0.3223973
0.39958048
0.16990751
0.66359186
0.40926218
0.8847228
0.68821234
0.81419075
0.3530375
0.93736887
0.8019391
0.8333589
0.83785725
0.7434626
0.9244532
0.17323916
0.64615524
0.84110266
0.89242667
0.042627558
0.007773414
0.6133935
0.21062821
0.042210363
0.29090086
0.9318828
0.14875269
0.18137555
0.32594198
0.5008383
0.23795234
0.62790275
0.16417366
0.029632414
0.9800398
0.459604
0.9404771
0.7931632
0.43366545
0.82439244
0.58474773
0.38553056
0.43803635
0.3915954
0.81711197
0.097371124
0.077698536
0.2231948
0.043313526
0.02726234
0.21660149
0.5189957
0.19153684
0.19094765
0.29580224
0.9153033
0.3776353
0.008762709
0.44940993
0.9835319
0.10014595
0.08443324
0.6788656
0.6823269
0.6766741
0.83261895
0.7488202
0.594246
0.84230185
0.6750685
0.13642919
0.75847214
0.4447652
0.9348249
0.28903705
0.8671753
0.67585254
0.9726422
0.28010815
0.7048929
0.46142143
0.97295326
0.7639835
0.47323498
0.27931705
0.88106805
0.13506766
0.7559135
0.58637244
0.9201273
0.06246125
0.22067812
0.96045005
0.4453277
0.7053503
0.17677698
0.1434515
0.5525341
0.04013242
0.08230118
0.46007484
0.64474607
0.3790679
0.4272841
0.4114922
0.39946106
0.7466786
0.17376271
0.1859966
0.67796636
0.50304323
0.15484358
0.9714921
0.49913636
0.23597476
0.29675615
0.6434981
0.98035556
0.43927073
0.24972191
0.32039562
0.5786242
0.14463924
0.94853365
0.3104589
0.4978793
0.55054075
0.53384256
0.83485305
0.6605317
0.34077597
0.7165175
0.6104465
0.48308071
0.71862316
0.5077238
0.44935343
0.22753505
0.7971358
0.47407806
0.6361337
0.51932794
0.12361096
0.22023128
0.58192223
0.4088962
0.01490964
0.25367972
0.23772243
0.28136152
0.52336985
0.21638002
0.5068382
0.7298808
0.5674517
0.31031
0.29807162
0.7524694
0.81532687
0.033783495
0.84541583
0.40834394
0.84472793
0.1618447
0.123409845
0.23335823
0.19350272
0.46122503
0.103994034
0.28872037
0.21546076
0.9260201
0.53766
0.6746585
0.84356314
0.3702223
0.84449804
0.29238492
0.17732422
0.9554307
0.09251831
0.6712905
0.38122487
0.4123096
0.7825948
0.14391747
0.5076569
0.44270784
0.97373194
0.110339954
0.32625166
0.69011253
0.8118951
0.40340576
0.44992074
0.5142904
0.9139792
0.41900834
0.20325859
0.21833746
0.36364847
0.6312091
0.28418937
0.11510194
0.24868992
0.8404139
0.38672686
0.39788297
0.7219514
0.05942064
0.36503914
0.62928146
0.51634556
0.6304721
0.672077
0.32621253
0.6444711
0.9471152
0.003066861
0.32999197
0.69270873
0.49015498
0.2686013
0.16139688
0.3359021
0.21529824
0.60835296
0.66574216
0.15676342
0.5350219
0.41370264
0.72552913
0.7736282
0.14167185
0.107717626
0.4439516
0.10687944
0.23977089
0.37785238
0.09574878
0.10937906
0.5065843
0.030671325
0.57559806
0.24530917
0.52169454
0.07064336
0.035633832
0.3564947
0.036720924
0.77725255
0.63824475
0.35095417
0.06410857
0.41648248
0.16469713
0.18098696
0.44227058
0.50525326
0.939444
0.1293889
0.13407212
0.35623303
0.30833325
0.2156545
0.30281776
0.96402544
0.6111423
0.45381525
0.17405911
0.98268664
0.46601477
0.62388825
0.25476158
0.8719553
0.20483337
0.4709213
0.17557408
0.69130707
0.36714622
0.9661313
0.55683124
0.8586863
0.040697027
0.16415532
0.5035813
0.97485507
0.5464171
0.2701475
0.5800304
0.65402824
0.32380393
0.7630225
0.8022772
0.8928903
0.043713532
0.04293472
0.7425956
0.5397356
0.71861035
0.9053881
0.40150285
0.22505184
0.04703518
0.65887946
0.55191475
0.5505033
0.5047014
0.6099031
0.05129208
0.096891105
0.8106678
0.33889857
0.80056256
0.34532467
0.18399747
0.74948585
0.20325038
0.5055687
0.38441202
0.12773027
0.51116264
0.50477105
0.3129125
0.42331645
0.6428687
0.46542645
0.28676364
0.5124439
0.7074753
0.7726238
0.92836416
0.5180221
0.6034684
0.159122
0.69448626
0.9985506
0.48179176
0.3157622
0.09296136
0.553509
0.9322385
0.56034046
0.45966193
0.23744462
0.6128915
0.71956754
0.92492485
0.05251897
0.9502048
0.9180389
0.33065808
0.004966801
0.74695086
0.428362
0.08973556
0.9313458
0.8260965
0.8796369
0.3266556
0.36733237
0.11791399
0.9945739
0.25513312
0.44319788
0.44164422
0.51380575
0.3068823
0.26903746
0.9115056
0.2799464
0.4457893
0.53187555
0.7957743
0.8043706
0.29167166
0.70232034
0.9661933
0.051172733
0.80496895
0.6371741
0.015809279
0.4933308
0.045707896
0.18649633
0.60576385
0.6284866
0.38843727
0.5319546
0.47358194
0.62400544
0.48761463
0.31479064
0.30477858
0.5135176
0.19688927
0.20247631
0.17057915
0.20374754
0.8830211
0.18781236
0.46251616
0.8591084
0.5102873
0.16169572
0.55482876
0.294229
0.51805985
0.6965278
0.12778737
0.7463512
0.1278442
0.52160865
0.6871514
0.8719914
0.15050508
0.80412763
0.77193844
0.11651574
0.008483003
0.5702405
0.829672
0.021914
0.9760641
0.13233079
0.58814037
0.85212505
0.5906792
0.534184
0.79687643
0.30035344
0.07357162
0.88955367
0.29409355
0.9842893
0.68682057
0.10847431
0.044146407
0.25952682
0.9525566
0.26400685
0.8116379
0.91473913
0.14490423
0.4375495
0.7321735
0.5934481
0.087287165
0.6029549
0.18621705
0.73279816
0.37900475
0.604339
0.79079413
0.73060745
0.66664803
0.3053305
0.69270676
0.7390288
0.29304242
0.9120523
0.4977103
0.23675805
0.76213205
0.45353684
0.9305313
0.4657319
0.19282427
0.21041837
0.8199805
0.9112024
0.58517843
0.45787302
0.9257134
0.14478207
0.6306032
0.23037852
0.31304207
0.061953764
0.7848678
0.13758583
0.56215054
0.5124264
0.47287205
0.44236302
0.65514225
0.006797926
0.3056926
0.3603925
0.08318496
0.54027975
0.59684765
0.8725888
0.9727885
0.9197059
0.28312904
0.67747307
0.0051479884
0.35156047
0.4141887
0.6952659
0.37133634
0.8715563
0.8481373
0.039045498
0.049114168
0.83995146
0.5405741
0.3282462
0.15696114
0.39944866
0.5362556
0.600527
0.2865723
0.53308797
0.37393788
0.0779819
0.16949727
0.588295
0.7898343
0.3668132
0.31308156
0.9523017
0.7996122
0.22795236
0.012735833
0.8105437
0.46282604
0.92401326
0.9406139
0.9421144
0.18294363
0.73588866
0.6815431
0.96150494
0.9846837
0.06559672
0.5509205
0.30716938
0.15519285
0.38644126
0.52786726
0.50556976
0.161583
0.49595162
0.9121922
0.77217823
0.4705249
0.8457192
0.3613623
0.33076605
0.5418194
0.69437385
0.1737575
0.6253326
0.4662694
0.1953191
0.11024775
0.8063511
0.2856346
0.08282199
0.74169576
0.21030845
0.8130971
0.93114805
0.3651848
0.80024123
0.70188004
0.3222574
0.23854147
0.16929755
0.44407102
0.9766157
0.090747245
0.77489966
0.33410564
0.07673384
0.8134141
0.95965594
0.10668121
0.34501004
0.72395134
0.7378606
0.5315483
0.9514168
0.41689384
0.6648772
0.29695967
0.27546018
0.95256466
0.8217458
0.47225213
0.5505639
0.6437484
0.59689415
0.63469976
0.025146568
0.92941326
0.47092918
0.81064755
0.31170294
0.9530922
0.43994364
0.43506888
0.5718026
0.85235083
0.2603882
0.56645834
0.11725224
0.42182228
0.023397846
0.20747173
0.10407627
0.75559753
0.5158882
0.20178379
0.25088695
0.33042017
0.45444888
0.48558384
0.60456324
0.4010269
0.784674
0.77873546
0.07816593
0.96580374
0.6996568
0.07540405
0.43710178
0.6890627
0.79781824
0.41861138
0.42477772
0.51140773
0.41379455
0.7392021
0.24589272
0.6468917
0.029414812
0.67871845
0.46860382
0.808221
0.76327175
0.53319246
0.113291144
0.6347498
0.18158944
0.57646286
0.09444423
0.12703802
0.9975813
0.81085896
0.39249504
0.39214262
0.67475617
0.11812849
0.9887872
0.7609846
0.13382533
0.16384867
0.6308321
0.6001482
0.938712
0.69037646
0.083059624
0.1604173
0.9648584
0.54598397
0.68084174
0.55526054
0.74311626
0.21398719
0.5764899
0.08281342
0.25520465
0.16127412
0.4399732
0.6254969
0.81121165
0.6985977
0.48861334
0.22302425
0.2658684
0.2644079
0.23048937
0.6681745
0.23421746
0.88799125
0.9650977
0.94623095
0.8811064
0.42486447
0.32641807
0.7062726
0.7561499
0.2912889
0.13274755
0.6758398
0.40293813
0.34842056
0.5323871
0.81863844
0.115240805
0.6488694
0.874197
0.10342739
0.24647918
0.48303688
0.5236128
0.06921877
0.96415704
0.7011141
0.7292807
0.71939766
0.2905089
0.05267991
0.77814645
0.43762767
0.55220574
0.36554456
0.9388238
0.8418253
0.735346
0.9542591
0.49942628
0.45687035
0.22651768
0.8946053
0.87391084
0.28782138
0.69042844
0.38719815
0.39927867
0.7421463
0.89516735
0.4878135
0.53497523
0.7102704
0.9179921
0.73012847
0.7518139
0.726744
0.074616626
0.9752646
0.86141014
0.3276372
0.97320247
0.098855995
0.52809495
0.035589494
0.42267936
0.51130676
0.66768473
0.6280371
0.7951896
0.72032917
0.0425664
0.6816803
0.7052517
0.15654594
0.5766028
0.4915208
0.5643838
0.5071927
0.6177081
0.9646337
0.26528847
0.54145586
0.42238486
0.71242976
0.8699715
0.23354948
0.082836784
0.5796292
0.046438906
0.15606302
0.11744571
0.18237588
0.5632324
0.8913481
0.7764407
0.286682
0.45836526
0.21688698
0.14644447
0.89971215
0.84619147
0.6672213
0.93362856
0.39169762
0.6501591
0.092797466
0.84700865
0.3769295
0.39626274
0.22903338
0.13425148
0.49505484
0.19053431
0.08620135
0.58964
0.9765168
0.11101894
0.028501175
0.39657867
0.797504
0.3640211
0.98387814
0.5115907
0.9816837
0.059646286
0.20568365
0.07000089
0.099587694
0.96970737
0.7800057
0.47741726
0.40754378
0.107654095
0.38656393
0.08193625
0.51672715
0.91353697
0.9244335
0.90956837
0.793965
0.071260676
0.32187673
0.48593032
0.3052689
0.6761886
0.7792911
0.43816772
0.36555186
0.72121054
0.72043407
0.1769254
0.18764466
0.30336264
0.18854377
0.993191
0.2796311
0.23661865
0.38236824
0.47410715
0.058835
0.1552764
0.4671654
0.20632683
0.095422365
0.5598892
0.5317869
0.9190894
0.88385314
0.5062908
0.78373003
0.018507043
0.9499327
0.94799536
0.9710199
0.35027447
0.0035224075
0.013237573
0.32442558
0.25470692
0.3109571
0.48348242
0.37607297
0.76248044
0.18756214
0.3547706
0.77613974
0.9412728
0.3544728
0.73568153
0.18176907
0.2250757
0.73875964
0.4244751
0.550106
0.87131447
0.6885531
0.49663413
0.4464029
0.18089944
0.2520893
0.9468944
0.912067
0.86967236
0.61629057
0.63169307
0.97178787
0.5323056
0.96084946
0.5065789
0.23737425
0.72872275
0.6726918
0.08135057
0.025534261
0.80908024
0.5801464
0.17238314
0.11195463
0.06706993
0.115323305
0.6133553
0.20847481
0.41590086
0.21711212
0.022735763
0.69607395
0.5337227
0.6921894
0.35549754
0.2853738
0.63464195
0.20073812
0.64833313
0.59474844
0.1468168
0.116308466
0.2763648
0.41690204
0.3675385
0.12314281
0.7333138
0.097941004
0.2621297
0.9336428
0.5180289
0.885041
0.67465633
0.61507446
0.9008033
0.9509276
0.031802364
0.28767562
0.7155482
0.5658093
0.8509941
0.009299066
0.9578358
0.03508066
0.32375568
0.30592078
0.99153465
0.53902984
0.8100665
0.9028156
0.749387
0.111611925
0.3234092
0.9445018
0.48162803
0.5403109
0.7802608
0.5326448
0.36751574
0.22196165
0.45458686
0.8769536
0.43515572
0.5221863
0.6973649
0.33862984
0.87620425
0.8805892
0.15086375
0.9590383
0.85250604
0.1872507
0.6618086
0.58798426
0.1729074
0.54513174
0.48642927
0.40924352
0.9000695
0.83319616
0.6417241
0.74569684
0.48156595
0.8004423
0.8259381
0.18326144
0.5984041
0.99391055
0.97075015
0.724161
0.18943262
0.0027517278
0.8592681
0.780398
0.9986573
0.93884933
0.6534143
0.46828976
0.66280335
0.68739617
0.7738157
0.076059245
0.9355792
0.7025941
0.11414637
0.38022923
0.38923898
0.67840683
0.59214795
0.21348947
0.13990939
0.064760335
0.04528222
0.6246448
0.74362695
0.2837429
0.39018556
0.6912113
0.98746353
0.8117535
0.4034838
0.1455285
0.12098853
0.7982088
0.34717876
0.05270337
0.93285614
0.008410792
0.5036399
0.87916386
0.8104908
0.70943266
0.88526934
0.2915044
0.7792925
0.20878065
0.7444778
0.56126356
0.6414787
0.7788342
0.96971154
0.098135
0.31263557
0.9758835
0.76872206
0.72873044
0.875613
0.7309019
0.57911247
0.9701447
0.5784738
0.81248784
0.92676276
0.6715007
0.7691629
0.56401056
0.46974412
0.015548926
0.97788036
0.996374
0.5137817
0.67355514
0.7234602
0.5576391
0.019721035
0.5275425
0.65724623
0.40389496
0.08311174
0.684059
0.581594
0.7884731
0.4828794
0.31390396
0.06694274
0.8759167
0.15918767
0.88951474
0.6499888
0.22181752
0.668029
0.80163014
0.5173821
0.5443623
0.71878254
0.3339538
0.3670877
0.39228752
0.8087102
0.83684504
0.031374082
0.78507876
0.36813727
0.78845364
0.647131
0.08909789
0.307639
0.8487782
0.34460765
0.032535113
0.6974623
0.004482121
0.29611534
0.9938323
0.06562284
0.1536368
0.3561229
0.8354992
0.6371206
0.15511
0.061867952
0.120720014
0.46062508
0.120008685
0.16494526
0.9839549
0.3552509
0.2313681
0.29318818
0.53459597
0.9102126
0.72932553
0.03154908
0.8838272
0.17717117
0.6399706
0.18766814
0.5796563
0.588913
0.4393357
0.12224583
0.7196076
0.07133762
0.33506995
0.0066881687
0.579331
0.9026406
0.70015275
0.5552707
0.7458367
0.12914194
0.7019057
0.84078604
0.19031912
0.70117486
0.14082377
0.7203546
0.28250596
0.18780693
0.47229618
0.91896516
0.15425566
0.6727596
0.05434459
0.14048256
0.26523826
0.02399398
0.6481071
0.3898576
0.2686234
0.29148728
0.40161183
0.7578028
0.29229903
0.106607154
0.7917595
0.96498615
0.99418014
0.70008487
0.4383245
0.097847365
0.92136055
0.03661444
0.20854369
0.33699596
0.25837234
0.64176905
0.61779344
0.63111496
0.3910019
0.50637937
0.1782286
0.045236677
0.118694
0.11836444
0.04802935
0.037470367
0.5753366
0.05693113
0.0047933855
0.15260968
0.49051923
0.08757375
0.20733057
0.32465768
0.6225191
0.68013114
0.762905
0.690901
0.73390526
0.84195817
0.36325657
0.43796355
0.6710303
0.7735846
0.43174464
0.31149825
0.15795015
0.3141092
0.10399579
0.1263482
0.6918911
0.95139885
0.5409386
0.53146833
0.9617763
0.31036437
0.5322266
0.9503904
0.85977787
0.7805243
0.62206495
0.30541086
0.046668623
0.18507318
0.09791576
0.0247098
0.032936852
0.2536794
0.00088148075
0.57746834
0.4716516
0.3430108
0.12144827
0.8689916
0.10957844
0.7919713
0.69717306
0.24787486
0.044414815
0.49808982
0.9933318
0.76231444
0.63970464
0.23338534
0.013631352
0.6356942
0.83496475
0.28618214
0.85701156
0.97255796
0.6005735
0.5925573
0.20630126
0.104521155
0.6424342
0.52475893
0.3226886
0.49654013
0.9393653
0.21392296
0.7980164
0.9145322
0.41764683
0.29076707
0.06786686
0.7397041
0.52308273
0.7143235
0.9117622
0.6300226
0.42381376
0.33798656
0.6100648
0.8980972
0.508611
0.3943992
0.21056056
0.58796024
0.24829833
0.54013103
0.15680663
0.7581842
0.13048506
0.9407955
0.32270256
0.62970686
0.5661619
0.11180371
0.28293955
0.64447856
0.38177282
0.2923785
0.557502
0.060264934
0.0950112
0.703322
0.8021707
0.47123384
0.29657242
0.6325423
0.6815862
0.5782893
0.71692437
0.0350006
0.3296262
0.37771225
0.8110033
0.20113821
0.27883056
0.3822745
0.8912715
0.67561805
0.9573759
0.07462005
0.14087388
0.29768106
0.69758
0.8459517
0.88813704
0.7762984
0.4122001
0.9134702
0.9980948
0.3687207
0.72350085
0.38815656
0.641799
0.98659974
0.83856356
0.34652224
0.7385415
0.8049067
0.74585885
0.78972423
0.92577094
0.20664603
0.22149093
0.47028816
0.23422602
0.6272588
0.38005227
0.8066628
0.12456283
0.097524054
0.9114402
0.11133929
0.86034364
0.35696763
0.6555235
0.270014
0.40906465
0.25667304
0.44221038
0.4277606
0.88365734
0.61988413
0.027388025
0.67153513
0.13646147
0.16424902
0.3494401
0.2910881
0.44428137
0.32983008
0.45457542
0.8379037
0.9679838
0.28879815
0.23028672
0.55472374
0.52948695
0.42906654
0.79772216
0.34652105
0.9852591
0.96398175
0.59118253
0.23924053
0.6567234
0.867158
0.82033265
0.74225384
0.8961376
0.3487688
0.8955208
0.29440364
0.06352485
0.24556835
0.44480616
0.8994799
0.7947157
0.84820694
0.21507926
0.78412443
0.89933634
0.115287736
0.4656109
0.85457206
0.015738556
0.8773786
0.12042593
0.8152669
0.93158007
0.30373576
0.16535187
0.9109069
0.5931445
0.253099
0.72501755
0.760388
0.61509496
0.5099415
0.9913009
0.46256676
0.3775016
0.5448381
0.31901425
0.020764865
0.9026695
0.17815998
0.61068463
0.6982521
0.4705294
0.17828923
0.6777896
0.24723788
0.1700955
0.19847319
0.97023165
0.6087057
0.5010431
0.8315515
0.37619662
0.52593076
0.8931335
0.7798004
0.17320585
0.42493653
0.4336814
0.44225976
0.2156327
0.14572762
0.29671803
0.51511824
0.95245725
0.09968421
0.31228805
0.92757773
0.34933466
0.6023238
0.37191173
0.55412537
0.205315
0.19909929
0.25442213
0.6225739
0.13633868
0.73390996
0.94758695
0.60058707
0.71305805
0.8563523
0.04009823
0.798478
0.6719749
0.25662598
0.65910196
0.6312029
0.82319033
0.35069442
0.9544979
0.5067538
0.7486332
0.66783863
0.015650993
0.8272607
0.3380263
0.046278298
0.30274203
0.28744602
0.09553626
0.9365227
0.3884401
0.75433946
0.44545954
0.87115276
0.30358845
0.6598235
0.6120055
0.73576856
0.67205405
0.13935462
0.91601133
0.62399924
0.13730735
0.09818939
0.6527106
0.22514476
0.26300332
0.4911772
0.42589575
0.19757637
0.13273694
0.9073819
0.19371763
0.47723642
0.8572787
0.9588304
0.9385109
0.3884605
0.46561402
0.13017245
0.74638015
0.6120567
0.044203646
0.2067858
0.3417778
0.12058225
0.26832035
0.97953457
0.5002669
0.9522259
0.33643597
0.50017995
0.44939962
0.5164606
0.1564973
0.37661612
0.08762893
0.6094807
0.17008321
0.6641873
0.010575916
0.58867264
0.65643525
0.15366328
0.5967667
0.70215255
0.769828
0.3739595
0.27259982
0.025296515
0.63615054
0.40360078
0.7859905
0.46497086
0.26208884
0.07611066
0.108029
0.63024265
0.98548824
0.194743
0.87014645
0.73507226
0.3688455
0.7173144
0.049998857
0.6952895
0.4726739
0.9997944
0.53304684
0.08700596
0.6880266
0.8873331
0.34960806
0.8520015
0.39138925
0.984628
0.5708145
0.84258014
0.5128153
0.097372055
0.77803034
0.34666672
0.9323534
0.10684095
0.8538093
0.06698685
0.62067
0.4397108
0.485475
0.9516963
0.91116786
0.95343554
0.21909839
0.5113908
0.16696279
0.8674792
0.19300684
0.92952484
0.79112244
0.166914
0.7676112
0.52620226
0.6914983
0.98866594
0.8592748
0.520078
0.83396536
0.60082316
0.7280978
0.56408185
0.4883866
0.14067446
0.7048505
0.44792694
0.27704683
0.19417189
0.5373432
0.22266802
0.9705714
0.31394336
0.90512127
0.86515206
0.8863118
0.4897933
0.50082433
0.3856061
0.8341646
0.7523831
0.09387336
0.7077173
0.8027593
0.25138038
0.45269895
0.42734742
0.73115236
0.25321385
0.04687082
0.8979428
0.40262944
0.028107082
0.31978682
0.13119014
0.78933436
0.14946747
0.3920085
0.72846293
0.28613958
0.2473837
0.33837253
0.5388345
0.97087437
0.061710265
0.65933114
0.13710386
0.98330265
0.07228114
0.32461435
0.9513243
0.41954726
0.12751183
0.71425396
0.32582062
0.103666715
0.25718144
0.02652223
0.8566266
0.3924249
0.2465408
0.23898928
0.8098416
0.7266796
0.036544032
0.6967657
0.28704
0.5223804
0.123525895
0.0105155585
0.38070506
0.85265696
0.40904638
0.85698575
0.011800004
0.84387964
0.09709106
0.56368756
0.44602954
0.891379
0.10836875
0.906541
0.6337429
0.047606446
0.9245402
0.7470398
0.20987198
0.17194338
0.94545335
0.50226957
0.7278044
0.10994023
0.112665735
0.6709912
0.75647193
0.5659321
0.96127856
0.9583686
0.93867725
0.400938
0.58890826
0.23456112
0.70003915
0.9641902
0.5163061
0.3652331
0.68705994
0.2537694
0.911947
0.112209536
0.97689927
0.61868376
0.27603832
0.14350371
0.03788183
0.7461001
0.9913209
0.38179302
0.3590062
0.41887644
0.71359634
0.38540816
0.72250247
0.84859717
0.1862163
0.19577977
0.039353676
0.54001343
0.47780854
0.5539299
0.05237727
0.07083591
0.41889423
0.2921653
0.2899293
0.5636954
0.9405878
0.08751048
0.020617306
0.115343094
0.7373532
0.19724762
0.545854
0.31537285
0.14033009
0.20126088
0.12568602
0.8917013
0.05218168
0.07170793
0.47452846
0.8095148
0.37374935
0.19525684
0.87768704
0.037574347
0.029431377
0.89039063
0.15416491
0.042808603
0.7701983
0.57855785
0.20327088
0.06906106
0.58567303
0.7307422
0.8524188
0.96315724
0.17974988
0.8298321
0.51316494
0.2209611
0.36827156
0.5043629
0.13930166
0.0845112
0.5513015
0.20363322
0.7217871
0.21622069
0.67279273
0.54912275
0.8773945
0.25506046
0.42271295
0.5921052
0.38906762
0.48816463
0.92708796
0.37266284
0.36977866
0.72920805
0.8246201
0.9643919
0.7313299
0.13012105
0.114350274
0.16176508
0.6688142
0.11021132
0.31506202
0.30676073
0.49409366
0.2895498
0.15727635
0.4120862
0.18702632
0.22955914
0.35903063
0.5330809
0.038584366
0.8737428
0.6520383
0.92543566
0.29166636
0.031706493
0.48936105
0.59955466
0.18930025
0.46865037
0.7750667
0.20869331
0.50479656
0.3263126
0.14805242
0.42893964
0.47649935
0.90370554
0.95133466
0.6683103
0.26235446
0.8893244
0.4534297
0.980575
0.022830714
0.74071866
0.3677638
0.17209323
0.897715
0.15776573
0.9055841
0.75522435
0.559395
0.22512442
0.5770448
0.6735188
0.34749848
0.25799423
0.6272885
0.9988503
0.7702951
0.1946669
0.41155085
0.23883532
0.5171433
0.38034678
0.06252124
0.012115439
0.6211108
0.34978822
0.23189773
0.08858637
0.5355515
0.94723177
0.35735828
0.90582716
0.18582943
0.540057
0.81876326
0.98390865
0.25868627
0.7477773
0.027314506
0.77554625
0.3666248
0.08405641
0.7804998
0.2899039
0.6471056
0.6265682
0.59307367
0.13556916
0.98320496
0.99885076
0.2790005
0.35048935
0.21196938
0.8908243
0.07253795
0.31492865
0.12161469
0.81582856
0.44299072
0.2600212
0.80613303
0.84037805
0.36302117
0.9478364
0.8777529
0.6197237
0.74008495
0.3660579
0.4531485
0.32180738
0.17549777
0.6703076
0.01909011
0.9880008
0.7685887
0.71489936
0.5106539
0.3491715
0.6584904
0.2627338
0.7696289
0.23433708
0.030666703
0.7475138
0.30780622
0.8682785
0.7039881
0.37820718
0.9202828
0.6828928
0.504943
0.9445195
0.048989236
0.32722
0.05281652
0.9468491
0.64641356
0.57841265
0.5133144
0.73826396
0.6786459
0.30961445
0.15379182
0.23908874
0.23953532
0.81594
0.7565677
0.56644815
0.27007902
0.7423243
0.35384935
0.33762085
0.8851326
0.7205927
0.43372735
0.27666116
0.49917203
0.79186267
0.4357111
0.57633007
0.93124557
0.8429153
0.8946375
0.20540635
0.31733385
0.5627479
0.048644498
0.41512525
0.6788911
0.061182536
0.46227783
0.09400075
0.31284043
0.85207254
0.8253238
0.342476
0.63560104
0.094111584
0.16964807
0.359643
0.54308885
0.87435126
0.2125095
0.43383074
0.8979468
0.4037435
0.29562306
0.28690484
0.92734975
0.18323524
0.7857379
0.59829104
0.57690746
0.11652283
0.79679185
0.66333455
0.30969626
0.8527992
0.106479816
0.77987015
0.19914283
0.25690582
0.44896623
0.42840308
0.8043441
0.44150126
0.6568731
0.44126385
0.48208258
0.8472296
0.42319494
0.25606534
0.5670718
0.17361395
0.6435532
0.78487974
0.20171964
0.5179851
0.19837767
0.094229124
0.85532314
0.3281867
0.023190768
0.19625519
0.8423845
0.39283353
0.5297354
0.86126184
0.627493
0.636865
0.4417833
0.62521976
0.41127428
0.37698084
0.8398682
0.88426644
0.75162566
0.37777397
0.7314968
0.55345047
0.89298856
0.87278974
0.86298466
0.56497395
0.27246982
0.6958555
0.3274845
0.911327
0.47229204
0.4974051
0.55700874
0.62491065
0.600501
0.49626464
0.65559614
0.24491563
0.835344
0.3368051
0.8728576
0.63884586
0.4157615
0.084521055
0.37536407
0.20321946
0.75478053
0.25474977
0.54194635
0.12989154
0.44166473
0.3917684
0.8160374
0.6599154
0.6656957
0.2261285
0.48475266
0.5103254
0.08034186
0.38874358
0.6710817
0.26241738
0.864626
0.49183413
0.27281022
0.99049026
0.7310663
0.41676974
0.31182867
0.95631
0.4504123
0.09902792
0.5299631
0.03858731
0.030705422
0.18546128
0.50478864
0.21635221
0.7656842
0.018988788
0.85251594
0.22992069
0.9261453
0.2876495
0.68337244
0.1987731
0.5199657
0.5774484
0.79232496
0.41675928
0.24343632
0.52708465
0.44256935
0.48877645
0.120122895
0.731964
0.95218134
0.47200078
0.29730108
0.9708629
0.020746354
0.5305469
0.699999
0.7720885
0.50294495
0.29511878
0.2919306
0.5467847
0.3936156
0.9346869
0.79244405
0.45131347
0.8511561
0.6147335
0.66285676
0.66071284
0.01118338
0.029220665
0.54930353
0.31998134
0.15477355
0.13369809
0.05464123
0.2811721
0.0170783
0.2562938
0.46139455
0.99674153
0.40670228
0.03806028
0.043288004
0.40944883
0.40434852
0.997044
0.2834189
0.29938582
0.10775463
0.0064491713
0.42486554
0.24951483
0.71158105
0.9869437
0.86049545
0.92517596
0.83808815
0.080000274
0.6029717
0.8871804
0.19287245
0.8825944
0.6317724
0.49435085
0.122546636
0.4426236
0.3227183
0.89780724
0.5900052
0.85510814
0.031819712
0.3838231
0.8769846
0.65094227
0.25191268
0.11619838
0.3386712
0.44690403
0.02941963
0.46694076
0.08223412
0.7366654
0.33438316
0.3701383
0.6608562
0.031029323
0.36403108
0.2828541
0.017976237
0.079965495
0.4754784
0.65286696
0.63396055
0.76504767
0.39646405
0.91388154
0.62382525
0.6701647
0.6105193
0.2597493
0.85831296
0.52729446
0.4081927
0.47755033
0.2521948
0.022983026
0.5776491
0.9001439
0.25476393
0.54106075
0.6629586
0.8777636
0.34993467
0.05405855
0.29863974
0.43662444
0.8229565
0.96668994
0.5440298
0.9433739
0.442389
0.22219028
0.28953424
0.0030749156
0.09330943
0.8786787
0.55425966
0.80021685
0.093347855
0.70770156
0.41750476
0.20488825
0.26420042
0.482003
0.14395075
0.45116287
0.9338669
0.09898857
0.8455219
0.088794574
0.3999777
0.2843219
0.94736165
0.12053769
0.549453
0.25523415
0.38377535
0.46132028
0.9456852
0.30488104
0.75875425
0.6090729
0.23955473
0.32716194
0.0032377215
0.4992865
0.8467236
0.2533392
0.35450608
0.04907963
0.5084801
0.61907613
0.8129501
0.4621518
0.58020866
0.93772805
0.5592508
0.5688054
0.49243486
0.6870081
0.48262846
0.6979222
0.5010647
0.8510946
0.42624983
0.34199518
0.40028086
0.0043037203
0.68783206
0.2855044
0.78608525
0.1017287
0.32566085
0.69304895
0.27775475
0.22030696
0.86370164
0.52655804
0.11096658
0.44020763
0.77979475
0.1843601
0.95958185
0.3542866
0.020926882
0.41380405
0.09995055
0.05030839
0.5045257
0.89441884
0.23039542
0.7528322
0.8040829
0.49530026
0.59727556
0.94873583
0.44491243
0.7999766
0.57131344
0.59255785
0.6623194
0.3532565
0.63854307
0.91287875
0.6698737
0.6994818
0.5352475
0.7154531
0.47127953
0.76688766
0.8536814
0.15976626
0.6009938
0.9125714
0.16164556
0.294848
0.8739267
0.14377235
0.070450306
0.23460084
0.3056526
0.48691133
0.9422934
0.9577085
0.26053798
0.70958614
0.5678681
0.5408663
0.3776398
0.36773622
0.9521741
0.29705742
0.5837939
0.8515723
0.0595202
0.0834293
0.042919658
0.26791847
0.9964266
0.91194725
0.6152108
0.09850845
0.035423305
0.08413153
0.5547326
0.053120364
0.13120672
0.5530865
0.56315064
0.0776969
0.9067789
0.38775122
0.9878547
0.7318621
0.8864425
0.58181834
0.48795494
0.37981108
0.38471523
0.81729424
0.21529853
0.37087047
0.07682731
0.5167615
0.20192748
0.33072066
0.3008569
0.21635017
0.61285865
0.7761044
0.36664674
0.6039152
0.72604716
0.95424366
0.3904723
0.3068517
0.2417529
0.3748051
0.95951617
0.35660875
0.6180645
0.40977752
0.42507866
0.06624621
0.049655188
0.6953596
0.24282221
0.47550368
0.8950305
0.42026713
0.12529904
0.045345403
0.9282881
0.7651649
0.48571554
0.4249558
0.6313688
0.9631884
0.46962318
0.5724747
0.96300906
0.9560999
0.9923102
0.3539288
0.42031822
0.5068115
0.3742842
0.511479
0.73067737
0.65952677
0.10046554
0.86600626
0.3874114
0.5370669
0.9209727
0.75356436
0.9790991
0.41030905
0.11066718
0.72728115
0.29094166
0.33213207
0.9629853
0.48630172
0.909626
0.84277606
0.61754227
0.19304988
0.031205324
0.06961024
0.99890745
0.43845373
0.83028704
0.1565787
0.98191863
0.5037431
0.4193314
0.4548428
0.5754088
0.7690037
0.12529007
0.91749007
0.51825523
0.89938873
0.7674966
0.84219193
0.60661024
0.23730555
0.01728043
0.062264632
0.56310123
0.11160727
0.6609006
0.7842549
0.49695
0.7589432
0.68901294
0.29863206
0.05655272
0.38928387
0.40188542
0.44590235
0.18950494
0.9313794
0.10979674
0.82482344
0.45091605
0.10370858
0.8021987
0.007864821
0.7375816
0.53117
0.84242165
0.5177577
0.33329663
0.6512856
0.258107
0.53741443
0.021265985
0.45071366
0.6265255
0.40853384
0.3668266
0.7005364
0.86071366
0.9469035
0.3950767
0.44802955
0.06351479
0.37297848
0.8226479
0.572044
0.24427448
0.343977
0.57539
0.5385559
0.84384584
0.21394652
0.10653404
0.5113346
0.7616904
0.86881924
0.640495
0.8708742
0.45812583
0.083205976
0.46373135
0.3287994
0.7455798
0.19972502
0.12541588
0.28503415
0.26897874
0.12264325
0.21710037
0.86693436
0.98784816
0.017385792
0.5015344
0.9472718
0.055627603
0.94573
0.107636996
0.8713913
0.43992484
0.473725
0.09970932
0.7998137
0.6669771
0.035195336
0.15879127
0.8037001
0.090771705
0.90441257
0.896861
0.9720268
0.296753
0.5266556
0.69200295
0.23385113
0.3476296
0.4186178
0.3920073
0.17743751
0.6005444
0.81357664
0.9664887
0.24857897
0.29250067
0.7110868
0.466792
0.043747272
0.37347126
0.037185457
0.8027204
0.56947476
0.4474528
0.519738
0.45451978
0.9792642
0.89232665
0.03331529
0.101654604
0.053728122
0.18886943
0.28147966
0.7091726
0.9333363
0.67274773
0.14922595
0.23554622
0.4475656
0.21959773
0.778649
0.77822006
0.6685189
0.7463707
0.5999156
0.189662
0.6273819
0.58909243
0.914
0.87321335
0.9710515
0.9308217
0.9065939
0.5023096
0.8894583
0.44923952
0.28525105
0.054827068
0.72117794
0.53764397
0.91959596
0.2540443
0.3971231
0.71482795
0.18862586
0.1782213
0.43482316
0.9338799
0.12930425
0.7183524
0.94967467
0.8297821
0.12293543
0.16474302
0.76652795
0.56065196
0.31519136
0.6649416
0.90296334
0.58427435
0.3489721
0.35606
0.57074404
0.62199825
0.15341112
0.6291311
0.3772257
0.43526554
0.6893509
0.39835164
0.12176727
0.7519145
0.34779418
0.3258266
0.35390672
0.6064439
0.7911477
0.5411191
0.33458838
0.72650665
0.5599867
0.86741066
0.9841829
0.73879385
0.16910146
0.34538886
0.32602954
0.022308292
0.8128847
0.8058902
0.5478861
0.9330833
0.42188144
0.08865871
0.5292501
0.4673622
0.8514371
0.19943625
0.21352619
0.011511986
0.13451774
0.59109735
0.70605725
0.60834396
0.9439225
0.6341131
0.7144499
0.49525166
0.16710654
0.9217979
0.60330534
0.32757136
0.1387744
0.35684726
0.4668901
0.927475
0.3244667
0.8424271
0.66699564
0.8444089
0.75632685
0.9664319
0.23497939
0.05482806
0.4450033
0.7810243
0.55282617
0.7612966
0.36104107
0.50978017
0.7493815
0.42743725
0.36582136
0.11908629
0.121958524
0.9956088
0.1289526
0.78655267
0.5677656
0.82399744
0.16598031
0.06936684
0.363442
0.57715106
0.7077234
0.17990609
0.9069855
0.74807006
0.84575254
0.047648408
0.38550496
0.44151735
0.87979525
0.501313
0.88551736
0.46850517
0.507465
0.6874117
0.15192133
0.7798727
0.26239187
0.61111546
0.14585322
0.19736232
0.63144004
0.25362524
0.01692621
0.9915802
0.11927772
0.89147997
0.67487967
0.29849842
0.7006273
0.04586882
0.85973316
0.013019047
0.96478426
0.6718395
0.9817574
0.59333456
0.45607656
0.7984274
0.7304608
0.48454666
0.53828424
0.89512336
0.40059102
0.15953195
0.9636292
0.74515826
0.7333985
0.33886212
0.40674487
0.16126317
0.055090155
0.13459183
0.35413808
0.3470172
0.119930916
0.5098176
0.91881245
0.37113106
0.09341937
0.84099746
0.3321082
0.99337476
0.07447912
0.8932444
0.627366
0.6570228
0.48795256
0.54729706
0.213653
0.026133288
0.07523139
0.45710772
0.6641061
0.5174874
0.23959212
0.82367384
0.7688262
0.61844033
0.38447827
0.9032669
0.32603753
0.12264196
0.45086247
0.19310558
0.9503538
0.4236896
0.9203143
0.83633614
0.85529727
0.65730417
0.6364559
0.013528652
0.2635059
0.11805955
0.2882458
0.11695894
0.15445225
0.055142347
0.41155264
0.7073491
0.44108167
0.8840671
0.9861708
0.6163146
0.1922463
0.27148122
0.8860789
0.08534875
0.80931646
0.38569537
0.8091195
0.18369079
0.5151055
0.006298786
0.5232883
0.34248134
0.5819105
0.6396096
0.46267056
0.04720697
0.1612899
0.10629546
0.18893479
0.64135134
0.7224872
0.8552553
0.98139226
0.25521916
0.6097306
0.58509177
0.671286
0.18049522
0.19540925
0.66774434
0.21535558
0.22276865
0.26194954
0.8273915
0.31124815
0.065743044
0.028048012
0.025638541
0.84071344
0.28805494
0.5066218
0.5172537
0.5459016
0.9829547
0.7268296
0.055090185
0.70998794
0.39071512
0.48482463
0.76705307
0.8502802
0.06444318
0.5948259
0.79521203
0.06915358
0.3279179
0.90279365
0.34798852
0.4587961
0.4456083
0.8814831
0.04720654
0.6782453
0.8663308
0.6950319
0.30589402
0.38455856
0.7961719
0.36573815
0.45302287
0.4547399
0.46040228
0.43214658
0.3861804
0.6863401
0.41039073
0.26580778
0.3659554
0.93776125
0.6103502
0.18733363
0.7592179
0.6701403
0.9790532
0.3426206
0.27689168
0.71338737
0.3255541
0.7781487
0.5119017
0.37611163
0.8131253
0.61410177
0.6978089
0.5676962
0.015642252
0.4212009
0.0617922
0.8673105
0.15676412
0.17957179
0.798686
0.91765505
0.05775282
0.15480483
0.97763705
0.085031785
0.00451162
0.96495646
0.13496956
0.30814686
0.22932476
0.3546323
0.17565967
0.51259536
0.72862387
0.59463185
0.8685119
0.21914269
0.9343805
0.05126903
0.05337406
0.7669048
0.9706004
0.2204932
0.52870107
0.99928206
0.07591686
0.088987246
0.440095
0.5621429
0.64057463
0.91607547
0.24596368
0.5884848
0.61540556
0.3609307
0.69548386
0.38237607
0.14490893
0.07149696
0.23023684
0.2770922
0.2286603
0.7650213
0.069000974
0.720487
0.19057378
0.3604518
0.9012248
0.5515261
0.34351912
0.22478022
0.32964212
0.54551196
0.26304412
0.94544655
0.39458364
0.07622286
0.27690408
0.14220239
0.6597015
0.74372566
0.015894447
0.3065841
0.22781417
0.95124555
0.79310054
0.40713403
0.011653616
0.37540162
0.934223
0.7951865
0.36872888
0.937706
0.26478246
0.9505399
0.07146962
0.30815712
0.9189689
0.09757336
0.14949128
0.40691787
0.64858925
0.42845547
0.76159596
0.45584065
0.3432081
0.41148716
0.14407046
0.0015529902
0.34264863
0.7005254
0.6900085
0.47818872
0.42415574
0.6057802
0.52689636
0.14748473
0.21272197
0.05530191
0.9711173
0.11387397
0.5923921
0.0036586525
0.93768525
0.074742615
0.09303742
0.22071199
0.83386767
0.30024037
0.81961024
0.99156094
0.21240295
0.34798884
0.23248497
0.8143035
0.3995718
0.28759784
0.6120028
0.83195096
0.3962362
0.90547085
0.22769628
0.79923475
0.07929343
0.77589715
0.73889846
0.3609327
0.9609116
0.4779789
0.35728243
0.17643674
0.95632356
0.62142515
0.4047366
0.10237419
0.874158
0.4727755
0.17852701
0.86777115
0.74497986
0.03985741
0.5076576
0.09210488
0.8990509
0.11396295
0.8099617
0.12189748
0.08982568
0.60956883
0.16240382
0.25976396
0.70486486
0.01914333
0.48836777
0.006814971
0.73958504
0.5259576
0.9553419
0.23273662
0.38665605
0.71500355
0.95484775
0.0008500859
0.37479883
0.7070677
0.71664125
0.22010787
0.92663133
0.089299634
0.24292415
0.73079085
0.14085643
0.014507757
0.77751476
0.6674173
0.30717602
0.40111223
0.36150345
0.041278675
0.8810106
0.858199
0.8553715
0.83201957
0.28048044
0.1804103
0.14657909
0.3086841
0.80394363
0.32028332
0.9969258
0.2158255
0.7886756
0.86810064
0.23850204
0.54011935
0.33533403
0.096838854
0.92309064
0.71282387
0.06928862
0.7239612
0.03026256
0.5578383
0.48709804
0.8218355
0.37328354
0.80121833
0.69640136
0.54807013
0.1521686
0.035038207
0.0539922
0.73715276
0.98153305
0.54485744
0.75546336
0.5108858
0.6433377
0.9611614
0.13515988
0.49001202
0.52549106
0.2365078
0.57265365
0.4992843
0.6722635
0.08005235
0.58188874
0.5632107
0.8712715
0.22888736
0.008805558
0.15202782
0.9345098
0.42728305
0.64292145
0.1423747
0.6928457
0.7239549
0.25063726
0.46707165
0.031835776
0.43998325
0.45085773
0.40741408
0.50325435
0.029648554
0.49076205
0.1447889
0.32325023
0.5961657
0.8249204
0.31198868
0.9987
0.31765226
0.9822065
0.82356936
0.07607983
0.8942918
0.67695767
0.52141875
0.4571236
0.18475594
0.6191428
0.6278149
0.82290876
0.21884528
0.40411252
0.5615855
0.18091121
0.4442205
0.14360291
0.40530932
0.3758882
0.058221485
0.84521204
0.021061994
0.96167755
0.17447622
0.63343716
0.25062168
0.76424056
0.74646014
0.61459583
0.121282324
0.10786315
0.38048738
0.8273051
0.8874261
0.7989937
0.3693463
0.44820163
0.7294711
0.09567379
0.82224363
0.51633024
0.6422711
0.2676424
0.42718408
0.42784902
0.35141182
0.4479447
0.8007216
0.73526675
0.1963679
0.4220334
0.23486082
0.9954504
0.923468
0.34254113
0.5018874
0.4339812
0.7010844
0.13815004
0.032704845
0.6872068
0.640648
0.45570314
0.13512361
0.4877571
0.32856485
0.60711634
0.29219726
0.55426973
0.065366656
0.6642687
0.24621841
0.53827983
0.025128867
0.62007505
0.8053215
0.2973823
0.35166192
0.2857528
0.46983412
0.24499564
0.40038824
0.298464
0.18410367
0.8082582
0.5976018
0.38044417
0.78684497
0.5412085
0.1191616
0.86865956
0.26683408
0.6101201
0.995725
0.71644783
0.90587693
0.75736666
0.096097894
0.090649135
0.16863662
0.12066696
0.9088864
0.6265729
0.91087025
0.49889687
0.37306157
0.92702955
0.94520164
0.0485206
0.022877662
0.18897617
0.31366414
0.60098404
0.6137482
0.67042387
0.06860468
0.3771911
0.5933096
0.7998794
0.09827921
0.06654112
0.20178717
0.7358075
0.22496685
0.20590244
0.95617586
0.8203403
0.7345774
0.9779312
0.25426117
0.3590215
0.09395591
0.84378374
0.8591669
0.75515926
0.41978607
0.33535877
0.6913115
0.61848736
0.30248728
0.84991074
0.12094236
0.578509
0.27593857
0.2290318
0.034576982
0.100919776
0.64201486
0.39694315
0.7304569
0.40400228
0.19093706
0.62942255
0.27083778
0.28494042
0.21488382
0.624064
0.5545669
0.057446416
0.83187133
0.7888032
0.6571163
0.5607017
0.5418264
0.11245582
0.4905556
0.7591343
0.07707633
0.39855832
0.41636768
0.99443245
0.75287336
0.7433143
0.20867825
0.19266279
0.011209686
0.20886879
0.8797279
0.124000944
0.59233856
0.13302661
0.42903653
0.57353795
0.3780412
0.93100864
0.1349418
0.669239
0.57024556
0.07604842
0.5962426
0.36449608
0.33139598
0.40994856
0.9415173
0.49012485
0.863095
0.6512474
0.12708981
0.18727927
0.7777867
0.98780847
0.6999113
0.37492356
0.6409692
0.42745745
0.2553469
0.18756442
0.79762566
0.5369037
0.33570173
0.45981592
0.8935375
0.5198775
0.95042247
0.8930736
0.6988259
0.5130127
0.10711527
0.7299713
0.58444166
0.70784485
0.35773802
0.56183666
0.27926514
0.27304047
0.42622906
0.9827931
0.074680015
0.3326346
0.6120297
0.24654432
0.33337036
0.19379856
0.42209753
0.53701013
0.1389706
0.047648165
0.67218775
0.14304411
0.24037154
0.59945047
0.54652447
0.51741874
0.49360096
0.023241315
0.5162316
0.7499601
0.8318475
0.692776
0.12536778
0.3063212
0.24858147
0.5878599
0.37811327
0.85098416
0.28648904
0.91853577
0.9910983
0.9137797
0.45328256
0.29904327
0.18449582
0.23965488
0.0030910943
0.5037078
0.0334737
0.12524293
0.16446929
0.1449702
0.939958
0.05955446
0.5734765
0.02398911
0.86785793
0.93207085
0.64806813
0.17954506
0.1666578
0.057446796
0.8366855
0.0871029
0.18263488
0.6437834
0.8750918
0.17958438
0.6732835
0.67000335
0.22272803
0.2660269
0.8940788
0.82547873
0.9557483
0.6964481
0.21008915
0.60335267
0.72068465
0.89457715
0.84888893
0.49821046
0.51606524
0.93238914
0.7715656
0.80488765
0.78339434
0.03278962
0.14346126
0.060645983
0.34600794
0.8762534
0.5365211
0.32933143
0.79212964
0.72284347
0.47338018
0.56196886
0.026171127
0.9713682
0.14239988
0.038998127
0.03298405
0.2467104
0.37057805
0.24332665
0.51666844
0.22757915
0.41062218
0.2022394
0.8580108
0.61116415
0.14604348
0.9300223
0.38580322
0.23179476
0.74145776
0.23258352
0.6145424
0.87043035
0.85452473
0.70987576
0.6312469
0.53781384
0.42916676
0.6758464
0.015832603
0.15369478
0.40086293
0.34451866
0.4644818
0.9322423
0.46073946
0.6594352
0.26023656
0.3856341
0.29870275
0.9199364
0.047293466
0.85779965
0.3226814
0.6347451
0.2981552
0.36132506
0.3535652
0.49918696
0.5633448
0.9060337
0.5553946
0.020199236
0.34464836
0.780066
0.87158215
0.12375544
0.8461872
0.8660477
0.90650445
0.21255735
0.33996227
0.16878328
0.026747309
0.8975481
0.7496418
0.09396633
0.22283742
0.9472795
0.5872624
0.79464203
0.42543295
0.9641213
0.8677277
0.24648675
0.43685535
0.7906914
0.1467638
0.7456949
0.12929364
0.6133693
0.4918476
0.92964727
0.27671647
0.9233167
0.45530128
0.6304571
0.4101796
0.064312324
0.114070624
0.2244058
0.16474849
0.9033235
0.351706
0.65431356
0.3118671
0.8465674
0.52161044
0.574547
0.18578874
0.32601255
0.6176449
0.07999229
0.5362824
0.8139686
0.58501065
0.3844964
0.727319
0.21572134
0.362744
0.6629525
0.1523494
0.28558213
0.6377154
0.37364143
0.81997246
0.4692681
0.59416807
0.29133406
0.04910325
0.9327399
0.6249957
0.91495436
0.85427225
0.9592782
0.14834283
0.91230595
0.3085161
0.42796513
0.48697716
0.71674144
0.08630315
0.551912
0.38920465
0.0014051121
0.3280757
0.6244625
0.66538537
0.09306321
0.482283
0.1687887
0.30861583
0.21329054
0.058894426
0.034631778
0.69825685
0.646989
0.112445965
0.51750565
0.114174664
0.45297083
0.80794275
0.028146762
0.87174314
0.54890734
0.6887981
0.33888027
0.14330965
0.90393084
0.8090665
0.33801952
0.7533541
0.81439996
0.3431618
0.8725028
0.16778241
0.48386335
0.14004065
0.30210188
0.7259861
0.9089481
0.2709588
0.826664
0.68295085
0.7758417
0.7916705
0.6338663
0.7654017
0.9556355
0.449187
0.36061808
0.15534607
0.08336685
0.24101046
0.20294198
0.55687916
0.43370777
0.54023117
0.808877
0.33514047
0.022620177
0.46614006
0.77564687
0.24819228
0.97039545
0.61461794
0.99451953
0.0004076673
0.26675466
0.89989054
0.33376735
0.8938159
0.48907992
0.6726424
0.9458093
0.14922029
0.6881201
0.045102015
0.14279673
0.19176687
0.79079217
0.5908443
0.55076146
0.829849
0.86195
0.1988998
0.85854274
0.8496229
0.14073808
0.5453859
0.09478842
0.7385569
0.8533202
0.8066741
0.20716459
0.46826845
0.9190252
0.425114
0.048111685
0.84586
0.47584647
0.88879704
0.88005936
0.45955053
0.5995697
0.19816677
0.37558442
0.934245
0.034386653
0.4570274
0.74238515
0.15403242
0.56228113
0.7896126
0.581444
0.68299776
0.8932624
0.4812096
0.53311425
0.30510646
0.6246298
0.9440237
0.31179413
0.9347274
0.1883374
0.033392563
0.34802338
0.5684654
0.6022632
0.20286903
0.5742228
0.7473564
0.524832
0.43827417
0.7787656
0.98544455
0.28761682
0.49155757
0.6614456
0.39810497
0.79806566
0.354739
0.35852158
0.6414461
0.08126444
0.67053926
0.06545022
0.4781824
0.53258514
0.750288
0.75692225
0.5863613
0.44476372
0.8515658
0.35326913
0.31608117
0.4912124
0.7497234
0.4195099
0.082809836
0.55744433
0.39544863
0.6266594
0.74956506
0.5624494
0.28687078
0.7947527
0.7956803
0.47555843
0.8551822
0.45435032
0.24668822
0.6986504
0.42680585
0.6404033
0.83672965
0.42252606
0.8739196
0.71479034
0.9422024
0.54808855
0.14947052
0.28781357
0.7466227
0.2995453
0.67414784
0.26398316
0.31137365
0.4363288
0.92175597
0.61549526
0.65739733
0.47341576
0.9840535
0.15829675
0.49217215
0.5398465
0.7764467
0.6615949
0.57315177
0.59313637
0.9403449
0.5637333
0.6641822
0.9979579
0.5474229
0.27766532
0.028503194
0.48137
0.7080219
0.71665454
0.6307083
0.9137173
0.2630921
0.6152063
0.68458146
0.061075527
0.37123063
0.18747522
0.099538796
0.21366301
0.5510114
0.84048873
0.8694464
0.27790427
0.44546375
0.81862897
0.9975128
0.6594942
0.37091687
0.88420707
0.1805941
0.18681496
0.1868216
0.0036604493
0.29913533
0.30425128
0.8501649
0.5982021
0.37754458
0.64434636
0.14743476
0.13509382
0.015935244
0.9235459
0.83681136
0.6569891
0.3767404
0.6062543
0.25538793
0.92036086
0.189731
0.41612414
0.40947512
0.41968283
0.54190254
0.77899987
0.5732811
0.95120406
0.3892056
0.96404636
0.53078586
0.8377667
0.6614998
0.6424914
0.18469125
0.9245685
0.8582609
0.55383664
0.26135987
0.042749863
0.17307846
0.93751174
0.52525085
0.48176235
0.6868918
0.9002972
0.5477395
0.74085367
0.4436465
0.080072865
0.49267375
0.5759177
0.44153374
0.88075525
0.96136683
0.9790622
0.47391993
0.8274933
0.7061572
0.34258714
0.40639865
0.623966
0.9858689
0.58137524
0.66524935
0.4403617
0.30616644
0.16523004
0.019184036
0.55137396
0.88210994
0.59987146
0.59922254
0.101500496
0.3428531
0.45224687
0.21323581
0.5384728
0.112635374
0.24861158
0.31279272
0.3931214
0.3453349
0.15594582
0.25259778
0.58591986
0.8254843
0.41777486
0.042766094
0.32948342
0.74927175
0.2869844
0.16139574
0.077725835
0.5511184
0.67706436
0.05872047
0.20205846
0.33836755
0.0038236445
0.64881295
0.5337304
0.7169626
0.19456716
0.70973647
0.20985232
0.944128
0.38200128
0.7215683
0.070846565
0.007277662
0.60246503
0.97257525
0.79805243
0.65860146
0.31984672
0.7297635
0.5302164
0.104021914
0.3472807
0.04572366
0.32092363
0.43087846
0.34847096
0.8795083
0.5553875
0.7255463
0.47550112
0.029043116
0.03204982
0.3422445
0.96645504
0.72934747
0.8741677
0.5557158
0.49683028
0.8381407
0.2657312
0.415732
0.53122056
0.49902618
0.7483357
0.48113468
0.27576467
0.6676417
0.63922554
0.16945907
0.9379131
0.6190513
0.3060761
0.0827864
0.31294006
0.6896601
0.6517878
0.5670495
0.68026334
0.15245706
0.7796714
0.8279727
0.4665525
0.9828645
0.9093452
0.75974476
0.90600806
0.7750266
0.17151138
0.68810934
0.17796741
0.30498016
0.2887667
0.106581025
0.47579953
0.45349202
0.40373325
0.3291179
0.70004195
0.04369045
0.18644446
0.22006755
0.79858035
0.6108122
0.6341719
0.86204535
0.7092699
0.07195342
0.77427566
0.3944752
0.22292924
0.7613384
0.88456625
0.1198162
0.6114989
0.7869435
0.59326327
0.5869103
0.3337638
0.59007645
0.75245553
0.7350702
0.34944138
0.21017769
0.17222284
0.14692813
0.09202494
0.39550087
0.12677583
0.6009433
0.6106776
0.65163326
0.16351375
0.19179316
0.02336457
0.5810503
0.3605629
0.7054969
0.107562676
0.5245871
0.7686128
0.35281536
0.6223887
0.35591042
0.4081729
0.7500866
0.15526281
0.34815323
0.54651725
0.08383141
0.41634947
0.14173204
0.9622379
0.25429156
0.44622743
0.19835182
0.48217914
0.27540916
0.3570195
0.29414052
0.14178193
0.6764691
0.5623979
0.10190775
0.7365887
0.66055596
0.90819246
0.6582254
0.09556442
0.96337885
0.42551097
0.6540486
0.8306642
0.35427892
0.730395
0.043878015
0.42257753
0.05509043
0.5576154
0.9462846
0.4493544
0.33833852
0.29720247
0.72406405
0.3205185
0.63058156
0.7793487
0.07047953
0.75175947
0.758934
0.84623784
0.726796
0.82557034
0.7122237
0.6643517
0.36271262
0.681229
0.28893363
0.8619656
0.97959965
0.15457615
0.5637651
0.3349024
0.20712633
0.09848477
0.3974882
0.74205416
0.90939987
0.040292606
0.3175736
0.71438235
0.26130062
0.49695414
0.6276528
0.38368657
0.6584593
0.31798613
0.22120288
0.48059675
0.60971135
0.20861106
0.53518754
0.054919466
0.32854596
0.63627875
0.9747068
0.92100835
0.96557176
0.8321932
0.36319947
0.071129635
0.18454242
0.70879185
0.8997707
0.17657359
0.93204755
0.3871237
0.1339829
0.53562915
0.6769467
0.1804616
0.0010157991
0.44310138
0.34040615
0.33181044
0.9540029
0.37207684
0.29286367
0.43721583
0.35098997
0.60769194
0.74924153
0.4752847
0.8348801
0.44770846
0.3886539
0.6540201
0.47707304
0.73913825
0.7084932
0.2720617
0.1275054
0.57172245
0.33564755
0.32211924
0.48567766
0.86731243
0.23414887
0.40033495
0.8642547
0.50814235
0.7167676
0.44044
0.22880648
0.27944025
0.49642077
0.23159751
0.85453546
0.85543656
0.5654221
0.11383768
0.35967645
0.9154937
0.19414097
0.49751627
0.3272231
0.37541097
0.97291714
0.5707532
0.5842476
0.46759725
0.83576447
0.42558053
0.18335615
0.45348924
0.426349
0.5742313
0.0017095739
0.28014082
0.5544559
0.8521037
0.32285964
0.33516297
0.30132383
0.531683
0.14814828
0.79336077
0.14423648
0.40723926
0.9191673
0.5455839
0.1824154
0.032294836
0.4797563
0.8710982
0.8154988
0.65866244
0.1267985
0.37168634
0.35706738
0.019783959
0.42002952
0.322009
0.7842219
0.11685028
0.9741073
0.09304219
0.3496172
0.45855322
0.4118157
0.46277905
0.9314695
0.2999785
0.1593873
0.36127743
0.75011176
0.18523534
0.5525087
0.8414676
0.29066598
0.79876304
0.7863282
0.64922005
0.81113064
0.6143554
0.25679144
0.33458626
0.4128593
0.23299359
0.9735082
0.02078351
0.5307377
0.3188655
0.9575802
0.28900936
0.3031136
0.7902926
0.46017274
0.8709879
0.24946786
0.8488672
0.29863358
0.5927037
0.75647455
0.47745514
0.059615947
0.62834525
0.049073447
0.5101181
0.95391256
0.8582635
0.6313435
0.3932212
0.12818444
0.67387784
0.7508855
0.8336294
0.554068
0.8111199
0.042906363
0.70196706
0.38886327
0.36168677
0.46357408
0.18327686
0.5333095
0.6318623
0.2597593
0.5173265
0.72128636
0.8953527
0.38654062
0.49018452
0.025298102
0.2155301
0.7548909
0.4308767
0.7138265
0.025999896
0.7293404
0.8012796
0.9455259
0.28649777
0.72780144
0.6515246
0.5078805
0.9873041
0.69385153
0.2881601
0.44373444
0.31618714
0.53781956
0.8003978
0.3952294
0.3075285
0.6630109
0.50173
0.97498584
0.7798092
0.76114297
0.7116284
0.35664898
0.1981483
0.76597035
0.7306101
0.7199959
0.09612727
0.6734253
0.39486438
0.3235261
0.027752867
0.93317205
0.82991433
0.113257095
0.5566922
0.4414633
0.5422033
0.53986955
0.9718848
0.42149842
0.30010882
0.5592183
0.84565324
0.2875319
0.40398154
0.083460644
0.053387843
0.5099362
0.3475207
0.36725184
0.46500865
0.615031
0.78648937
0.9473035
0.91947913
0.7788896
0.5593504
0.20444518
0.38262206
0.5105946
0.5359998
0.19387412
0.03532056
0.24727532
0.50120443
0.1581718
0.004321858
0.13863249
0.20666954
0.2303952
0.7179729
0.1890989
0.37486064
0.016783226
0.014184711
0.090141684
0.874199
0.68885165
0.84504503
0.13113293
0.27279076
0.4592932
0.0072730845
0.41424027
0.6129999
0.097726375
0.6543879
0.6396148
0.26648197
0.6628784
0.5666193
0.87755954
0.016144007
0.91043365
0.3004297
0.5430505
0.24623553
0.16261643
0.20873736
0.046642832
0.7417462
0.69979966
0.20184232
0.17994197
0.6213626
0.80644476
0.9758693
0.4565469
0.22273079
0.50972414
0.80808944
0.7488952
0.34759825
0.43997496
0.8130307
0.066354856
0.11664041
0.36572805
0.26278603
0.16753553
0.06495338
0.06822314
0.537211
0.35938916
0.49999112
0.6954044
0.725117
0.5316578
0.5928205
0.13646594
0.68241954
0.88586473
0.32677025
0.52759516
0.5418896
0.67856675
0.9670453
0.069775544
0.17227592
0.33152574
0.3198079
0.00032954421
0.27906704
0.009736171
0.06127344
0.4114999
0.5443985
0.7312576
0.42456394
0.35199812
0.10844743
0.5048719
0.3737855
0.76023906
0.8394852
0.35743892
0.18205032
0.9368308
0.66349155
0.8110039
0.5823972
0.034850236
0.38959485
0.30273575
0.90196806
0.8077216
0.45713553
0.16703211
0.6225337
0.53933436
0.20751558
0.5232019
0.46477103
0.17148845
0.18419278
0.32048115
0.97096443
0.6154374
0.1589485
0.30686104
0.07985255
0.32065785
0.097997904
0.30263337
0.022699745
0.11695523
0.80664283
0.26572952
0.50802535
0.1989509
0.31977013
0.46419173
0.4098097
0.89701134
0.030273065
0.3323841
0.25593337
0.47001436
0.18681502
0.123058125
0.57043606
0.8685707
0.19248997
0.6186427
0.117189996
0.6242252
0.24755882
0.2213662
0.7615295
0.28882742
0.9399381
0.16147403
0.1174007
0.6404511
0.4918991
0.12561058
0.73414713
0.63961506
0.97370243
0.091550246
0.21180643
0.82028276
0.27667016
0.6724861
0.21527524
0.10695102
0.007948007
0.699926
0.88057053
0.33926386
0.43058148
0.63207936
0.0122139845
0.22523214
0.58223575
0.10116979
0.6353296
0.036777604
0.2629009
0.77532417
0.9615591
0.5747046
0.45141518
0.89166886
0.3681001
0.67716104
0.80467474
0.066900246
0.6890308
0.051709376
0.40914327
