0.5805367
1.0882295
0.6843637
0.9653093
0.72693735
0.13491245
0.008605907
0.36816445
0.000132622
-1.2221054
-1.4815904e-08
1.1131583
-0.003222703
35.977486
-0.0002852039
23.780071
1.4107965e-11
-0.00017839114
0.0
0.12550685
2.1471107e-13
6.6165876
0.0
125.82904
4.0283632e-07
143.57224
6.3750233e-10
-0.169183
-0.00089790934
-0.02166069
-0.32628697
-0.0019842794
-7.1441245e-05
4.33359
0.018135788
4.1887307
-3.5565
0.20119733
-31.525126
0.04977201
-0.0007818522
-1.7633435
1.0310118
0.20773861
66.041466
20.295761
-1.8235868
2.375244
-7.43974e-07
0.0029577508
-0.0005438238
-508.65552
29.498444
47879.566
-10188.134
-115.32344
29033.766
-6183.729
-1.468889
-0.11728174
0.002350755
-0.5181076
0.17631683
0.001418791
-5.455222e-06
-0.068414934
0.04164698
-0.023020202
-4.3475027
-0.40149283
-3.5629344
0.014202386
-0.0026869732
-0.09704784
-0.005474817
0.47036034
-18.184624
9.564739
7.8382125
0.62014735
-0.0011871797
0.001560156
0.0064163413
22.069538
-6.242097
-5305.8174
5278.789
0.9303195
6498.3574
-6390.774
-29.631968
-0.31743097
0.0050856723
-1.5960321
1.5592724
0.001408503
1.3093883e-05
-0.0518079
0.04773304
-0.037155665
-1.3666003
-0.23258723
-4.538494
0.0049157552
-0.0014580279
-0.105384514
-0.03816643
0.21743633
-9.132061
1.0114603
7.8402457
0.2401177
-0.003675671
0.0021166648
0.0053198826
136.60054
-135.52463
-3577.0256
3568.6904
1.8124791
5035.5503
-4982.758
-16.288204
-2.370356
0.008234181
-3.0258396
2.9643507
0.0025010726
4.0400748e-05
-0.06210778
0.047134425
-0.045228053
-0.63634545
-0.16685928
-0.9391563
0.00072114915
-0.0023125533
-0.044231806
-0.06283146
0.10308246
-1.187835
-3.487006
4.528287
0.28407547
-0.030077487
0.0017239399
0.003087781
71.36224
-71.58207
-5476.9272
5470.2915
1.7832987
2836.3496
-2817.7378
-1.2422984
-4.470723
0.0051348396
-1.1910938
1.1655419
0.0061414395
0.00012531428
-0.029994933
0.025572998
-0.036530353
-0.5653454
-0.1976046
-0.3562596
0.0010797139
-0.00074067916
-0.11644116
-0.06152031
0.077789694
-2.8020844
-2.5761554
4.949501
0.5410298
-0.032521807
0.006693571
0.009192846
24.595686
-20.273893
-4089.8586
4081.1025
3.0850036
3826.8794
-3808.1448
-5.7277083
-0.71437186
0.0007628296
-5.1640625
5.0878034
0.006617167
0.000154215
-0.0281767
0.02616914
-0.007945133
-0.56350195
-0.23751336
-0.4949563
0.00027465448
-0.0022884815
-0.01251401
-0.028821317
0.122036844
-4.7455125
2.3619869
1.9136935
0.49448928
-0.032027632
0.00073948153
0.00082165794
45.65515
-41.569084
-3973.4617
3965.125
3.1643343
3572.455
-3557.1145
-6.563599
-0.0048996545
0.004667234
-4.8208575
4.761755
0.003505372
8.912512e-05
-0.008911645
0.008312681
-0.005387017
-0.19164783
-0.10098002
-0.78352165
0.000367512
-0.00022206745
-0.062711164
-0.018194193
0.032477506
-0.21614106
-0.7001759
0.8696733
0.11353542
-0.056868084
0.0014568634
0.0013441688
27.38721
-22.77253
-3062.2478
3054.5867
5.993805
622.05145
-621.5645
3.4039009
-7.468225
0.011920148
-4.259546
4.2082176
0.008028655
0.00021721638
-0.025843957
0.022477128
-0.009235791
-0.34043056
-0.21083046
-0.44272575
0.00010805484
-0.00067610014
-0.05448373
-0.023480492
0.05706343
-2.6568053
0.6054171
1.665758
0.4904782
-0.07722492
0.017365886
0.013560642
48.674553
-44.385292
-1258.0322
1251.5743
1.1169868
849.6592
-843.4772
2.0446417
-6.993231
0.0047908663
-7.618396
7.546501
0.004004031
0.00011355169
-0.0070185335
0.0026515417
-0.020961449
-0.29389486
-0.22477734
-0.26708773
2.0810985e-05
-0.0006007249
-0.008853141
-0.0151340915
0.07451602
-2.1602483
2.0444002
-0.23829097
0.44129568
-0.094015256
0.013072903
0.008829897
26.510626
-23.564663
-1626.9963
1622.3195
3.602211
282.39023
-283.1665
1.3924998
-3.2419243
0.017999766
-4.517544
4.472997
0.007987399
0.00023514344
-0.013734037
0.010785097
-0.003956015
-0.13560271
-0.11499697
-0.024998888
9.285798e-05
0.0017254472
-0.008935184
-0.0069596823
0.082145475
-2.0690827
1.3844454
0.39634395
0.38315165
-0.086066775
0.0036511368
0.0021654367
32.06187
-29.05413
-1353.1033
1348.4692
1.3980103
1428.3162
-1423.7224
6.928421
-9.992241
0.01123195
-3.7231731
3.6789708
0.016097575
0.0004887025
-0.009081392
0.007510886
-0.009564137
-0.06340344
-0.070478275
-0.15875213
0.00011043856
-0.00069732894
-0.022246793
-0.009274032
0.032060437
-2.7783592
2.0883489
0.3254907
0.47317022
-0.12531225
0.015207975
0.007974758
21.714218
-18.683172
-1944.5272
1939.808
1.642925
746.82764
-746.2618
3.2285843
-3.9326155
0.0070532835
-0.9978253
0.98090345
0.009572791
0.0002983106
-0.010854775
0.009499927
-0.009344629
-0.13885438
-0.15603943
-0.25454885
9.6000964e-05
-0.0010666716
-0.008277856
-0.017770287
0.07116093
-0.9464841
-0.26364028
0.85366523
0.4503796
-0.06300641
0.024702841
0.011568321
0.6878111
1.0723914
-1297.376
1294.7898
3.4979854
1530.2421
-1528.8212
-1.7977188
-0.42213714
0.014603545
-8.292586
8.211372
0.0288118
0.0009185189
-0.008203018
0.0051080487
-0.009399171
-0.11164969
-0.14156574
-0.028601067
0.00014491286
0.0021129807
-0.043025445
-0.005114455
0.0747413
-0.57926273
-0.04033212
0.46266392
0.19848241
-0.033895373
0.016410373
0.0069182776
17.080887
-17.04717
-633.5303
632.89075
1.7791729
1118.1127
-1117.1515
13.892648
-14.890391
0.018211793
-13.344074
13.246151
0.021844478
0.0007106894
-0.00048712333
0.00039396202
-0.0056586494
-0.055491507
-0.08000458
-0.25462964
0.00031700288
0.004336593
-0.021467978
-0.011972127
0.05292955
-0.1571695
-1.6859912
1.772541
0.2856073
-0.16293858
0.031162834
0.011906649
4.0919747
-3.2124598
-379.8783
378.63205
0.7248497
1099.9534
-1099.063
11.933226
-12.057012
0.011640145
-0.8848188
0.8710585
0.008457895
0.0002803043
-0.012950887
0.012009256
-0.0014756449
-0.0013570208
-0.0064943004
-0.16825041
0.00016871374
-3.109104e-06
-0.0049377615
-0.0075223674
0.05014119
-1.8489696
0.03880108
1.7340168
0.2796353
-0.20723294
0.010536055
0.0036732499
14.136396
-11.598112
-18.406868
15.306171
2.063291
87.760956
-87.305275
6.002837
-8.210384
0.022451002
-6.785483
6.71631
0.033583585
0.0011322238
-0.013927674
0.010779282
-0.0073092245
-0.011991087
-0.029390937
-0.20924222
0.00026422122
0.0022010389
-0.0036645336
-0.014178805
0.024788732
-1.7640887
0.29236618
1.3231552
0.35132033
-0.19709082
0.020367421
0.0064910017
9.1433325
-6.2562456
-1202.1483
1198.2842
0.11617656
632.53455
-630.5951
7.1775494
-8.37402
0.02153265
-0.36510295
0.33819848
0.023205018
0.0007950356
-0.009328635
0.006720859
-0.01050504
-0.032368258
-0.06772132
-0.12742771
0.0003831128
0.0029466376
-0.0061779283
-0.0009065907
0.038278718
-0.74441206
0.18081942
0.5373084
0.26191115
-0.22477674
0.036015395
0.010544345
21.443907
-19.325073
-1339.341
1336.0576
0.5455269
1161.0454
-1160.0784
15.523945
-15.661665
0.012888596
-3.791991
3.736373
0.036364112
0.001265194
-0.005544078
0.003119692
0.00086004176
-0.049496323
-0.077702984
-0.14752036
0.0005076112
0.0065699713
-0.023072755
-0.0035708756
0.019988434
-1.6476595
1.2574074
0.1416689
0.4858313
-0.24466199
0.001865211
0.0005113825
14.428541
-14.310539
-250.3847
249.90404
1.7836534
678.3016
-677.55096
2.1241968
-3.799743
0.028524574
-15.922143
15.84379
0.0138782915
0.0004900829
-0.0025815426
0.0017678579
-0.0032102545
-0.034870207
-0.062237725
-0.16196676
0.00070300244
0.009192745
-0.01578212
-0.008685641
0.030922754
-1.2018968
0.20313972
0.9078068
0.3370769
-0.24002098
0.028473288
0.007119829
13.096732
-10.75708
-144.19829
141.28084
2.4901896
187.1345
-188.84077
14.745152
-15.218357
0.03869444
-4.0904856
4.0722723
0.002661031
9.5340525e-05
-0.008046673
0.007280747
-0.005873043
-0.017208934
-0.039396144
-0.12627043
0.0005828147
0.0048120255
-0.0106211845
-0.0062429397
0.04314298
-1.5364101
-0.19543986
1.6727477
0.2780916
-0.22420871
0.03925894
0.0091113895
7.8135076
-6.7870827
-489.29422
487.79913
0.44426826
315.07315
-313.23822
11.038257
-12.875976
0.009042463
-4.6955643
4.6601324
0.01724193
0.00062663126
-0.004343858
0.0032765085
-0.0038310823
-0.032442138
-0.058988944
-0.028184148
0.00010256795
0.00043742228
-0.008991112
-0.0024831826
0.021286048
-0.48472887
-0.49383628
0.895497
0.10551589
-0.022790752
0.0013147941
0.00028451925
7.624257
-5.6555285
-214.53017
212.133
1.5051234
68.748405
-69.90493
11.242667
-11.438493
0.015518362
-10.322811
10.242182
0.04216611
0.0015543282
-0.006171752
0.0055033895
-0.004466618
-0.009570211
-0.022366866
-0.011081279
0.00041884842
0.005511951
-0.0049146013
-0.0032336758
0.025431426
-0.8347313
0.48474494
0.20566937
0.5406435
-0.38275978
0.030833336
0.006225055
0.5198268
0.3996827
-62.298492
61.21123
2.0316744
757.7796
-758.5075
22.232615
-22.780853
0.028727619
-7.011025
6.9884534
0.0002829351
1.0578291e-05
-0.0056917365
0.0049558314
-0.0026222968
0.0024522995
-0.0014584179
-0.06199249
0.0009640893
0.011838305
-0.001578833
-0.006262874
0.027586322
-0.33898744
-0.8415661
1.0948302
0.36372164
-0.25518686
0.040637504
0.007672174
11.55523
-9.779907
-281.49973
279.18726
1.1530616
306.2512
-306.78912
22.81223
-23.130125
0.051278505
-7.2216005
7.176607
0.021242708
0.0008056031
-0.005300955
0.0045453184
-0.0049940203
-0.02497641
-0.042484965
-0.10442388
0.0007949192
0.0069792788
0.00087974593
-0.0039072433
0.018977668
-1.0705432
0.08245933
0.82104725
0.31202254
-0.14941251
0.026032306
0.0046099736
12.541098
-12.686458
-808.1626
807.81024
1.6655734
476.3164
-477.01938
4.775774
-5.2167315
0.019965006
-12.915312
12.846226
0.02932063
0.0011280574
-0.002606519
0.0020720554
-0.00074754306
-0.0055780113
-0.008795435
-0.022767901
0.000492685
0.0053629796
0.003105128
-0.00043115125
0.011109013
-0.43031257
-0.14520669
0.47012356
0.55060047
-0.4209324
0.02840137
0.0047339303
0.28388503
1.5286232
-794.4738
792.1614
1.2607121
181.39034
-180.9425
9.844934
-11.219834
0.0027845898
-3.3558106
3.345657
0.0009207009
3.5943165e-05
-0.0042133546
0.0035762524
-0.0014528591
-0.023089692
-0.028874645
-0.06777896
0.0007743804
0.0077220406
-0.000401631
-0.0044215308
0.03535801
-0.2485454
-0.56882197
0.71911985
0.30304354
-0.19787288
0.03937355
0.0061757267
10.746428
-9.577843
-271.2892
269.67676
1.5476241
272.17044
-272.86337
29.922335
-30.455992
0.014524868
-1.8311964
1.8041936
0.020318864
0.0008051095
-0.0046859584
0.0032470694
-0.0007483591
0.0007695679
-8.417596e-05
-0.07990208
0.00038535427
0.0018694012
-0.0024083029
-0.0041615157
0.03173916
-1.0533705
0.92659676
0.024130773
0.5495894
-0.45632625
0.046136603
0.0068370267
5.023064
-3.9485652
-182.77371
181.38524
1.0999725
51.91845
-52.072086
8.197252
-9.032059
0.0383219
-11.756601
11.721909
0.0051645264
0.00020777172
-0.0025919408
0.0022039046
-0.003651664
-0.025306642
-0.027338278
-0.07371209
0.00080691325
0.0065239966
0.0030641402
-0.0024285384
0.024083802
-0.6429209
-0.5116105
1.0499449
0.20834206
-0.11162303
0.035328954
0.004949417
1.8719445
-1.8898455
-116.07102
115.98214
1.4023898
666.12213
-665.6615
21.18333
-22.439627
0.009398195
-12.231662
12.189147
0.01253368
0.0005121515
-0.004125233
0.0027857786
-0.0001869393
-0.0018726466
-0.001729016
-0.019231344
0.00013557449
0.00055764796
-0.0009786349
-0.0009497207
0.023533747
-0.806336
0.04596133
0.7007139
0.28673708
-0.24035923
0.033243492
0.004418322
11.75746
-10.840364
-321.93115
320.5778
0.89190346
643.67065
-643.75696
8.373529
-8.688117
0.030163506
-5.5733757
5.5065856
0.049494
0.0020550478
-0.0022377772
0.0015747608
-0.0012410866
0.0011110579
-0.00021576486
-0.047495008
0.00084316125
0.007455542
0.0060489937
-0.00012075138
0.026159987
-0.5187693
0.38342264
0.093620725
0.6067421
-0.5628756
0.015893875
0.0020148435
10.336311
-9.398556
-568.4732
567.06287
1.2850976
585.2655
-584.6976
28.665798
-29.973478
0.023754748
-24.871407
24.808033
0.009420548
0.0003976497
-0.00059012306
0.00016879517
-0.0021257866
-0.011722691
-0.008241049
-0.059811987
0.0002733511
-0.0008195642
0.010203613
-0.00074569066
0.038562063
-0.3163997
-0.25377572
0.4952883
0.51178503
-0.41857058
0.0031249071
0.00038229075
2.5496745
-1.516784
-446.87152
445.5388
0.33111894
163.82704
-163.6444
1.7175388
-2.1152182
0.05382568
-29.371819
29.294628
0.016038796
0.00068861595
-0.0010122801
0.00047054965
-0.0021822285
-0.032861307
-0.016967798
-0.08230446
0.00020977203
-0.0027806852
0.01334712
-2.4538236e-05
0.038642816
-0.29049185
0.1265804
0.09184734
0.5488515
-0.46437547
0.06730416
0.0077241957
1.1350337
-0.5367477
-251.48929
250.65236
0.652562
16.13168
-15.485973
0.57424295
-1.7489414
0.0003401189
-27.35585
27.238628
0.0586253
0.0025616386
-0.0011034717
0.00069268217
-0.0009223694
-0.016440295
-0.0067391978
-0.005268259
0.0017030416
0.018961513
0.012641069
2.998882e-05
0.013500315
-0.19363512
-0.38214725
0.4869928
0.46833053
-0.36389494
0.037542988
0.0041229753
9.515454
-9.275747
-404.2089
403.61966
0.53929067
411.29245
-410.37125
8.125139
-9.2859745
0.07148309
-27.436413
27.339035
0.042853847
0.0019068499
-0.0013229296
0.000989287
-0.0009948835
-0.006344516
-0.0021966621
-0.06410144
0.00090183085
0.0075996118
0.009286623
0.00063606084
0.02828709
-0.35945138
0.14075154
0.11725517
0.7395171
-0.63104135
0.07747734
0.008156825
2.6228452
-2.3386302
-364.49997
363.9414
0.56055814
202.44878
-202.03827
21.952974
-22.739487
0.037644178
-6.5903506
6.542721
0.032873686
0.0014905641
-0.00022897414
2.2319495e-05
-0.00073548604
-0.041864455
-0.009315015
-0.05028209
0.0012665351
0.013685175
0.003883895
0.0011171777
0.03863068
-0.24987853
-0.40746227
0.63852453
0.40808424
-0.3841401
0.064964324
0.006570302
3.355021
-3.4428704
-146.5727
146.4976
0.43270808
352.73242
-351.84503
24.547142
-25.559824
0.0024008192
-1.3910689
1.3559316
0.029795006
0.0013777062
-0.0005038596
0.00016970382
-0.00049142394
-0.0025569303
-0.00044509064
-0.02686836
0.001847073
0.020215586
0.01272196
0.0016438661
0.027588664
-0.04412377
-0.6105563
0.56270474
0.2459828
-0.14535372
0.024284683
0.0023692197
1.0974684
-0.119050145
-82.06889
80.91606
0.15798694
24.79955
-24.749289
4.1215916
-4.3488116
0.05474319
-18.070225
18.041597
0.0011427203
5.3912423e-05
-0.00042174454
0.00019140124
-0.00028843718
-0.038559593
-0.003727826
-0.031120898
0.0013139173
0.0129965665
0.010237807
0.0010613259
0.035285737
-0.25579727
-0.59669983
0.7647593
0.57778484
-0.48137814
0.006691331
0.00053414534
1.5240823
-0.5149917
-30.76231
29.618279
0.7137341
382.42194
-382.5588
17.618542
-18.021826
0.03438579
-25.03645
24.934162
0.070288286
0.0025134478
-9.687635e-05
6.194946e-05
-0.00017862576
-0.014755979
-0.00076075643
-0.046358284
0.0002081743
0.00058198645
0.0016409159
0.0015718738
0.008945684
-0.3964429
-0.06293875
0.4187361
0.050400928
-0.022703817
0.024827402
0.0017423171
3.0011854
-2.205283
-296.10114
295.11545
0.39400902
326.59753
-326.16605
40.929565
-41.64774
0.0748793
-38.287067
38.24246
0.015950609
0.00057914085
-9.52125e-05
8.345331e-05
-2.0898403e-06
-0.043725524
-0.011288834
-0.047246605
-0.00054485345
0.009408014
-0.005975315
0.011869601
0.01698508
-0.6497297
0.63111407
-0.046109956
0.069224104
-0.02247774
-0.00013506439
0.003377161
8.00091
-8.003718
-367.7171
377.0356
0.0099002905
6.5758324
-0.051788047
45.580395
-44.417564
16.030655
-15.592416
-0.09338631
0.08906203
