0.5805367
0.46571702
0.6843637
0.37011838
0.72693735
0.1654173
0.53162867
0.0916432
0.3834378
0.55671835
0.28111002
0.74012744
0.013308487
0.36167258
0.1315915
0.77207845
0.20552751
0.89707154
0.46907845
0.5985678
0.66262066
0.23466519
0.24209796
0.0027890357
0.32460496
0.4126121
0.48524156
0.5674053
0.47252306
0.38858876
0.9269767
0.8727185
0.9208307
0.10942036
0.8693348
0.5018987
0.043279648
0.47910747
0.37370327
0.56805354
0.7472285
0.6703138
0.9111969
0.49054983
0.48689273
0.857422
0.602996
0.28371465
0.8657758
0.75296664
0.27221915
0.66022825
0.6930318
0.17263356
0.49608576
0.78976333
0.6420096
0.5030008
0.3815778
0.0631876
0.080493145
0.5104081
0.23346372
0.31080428
0.8404523
0.37993622
0.8994398
0.4266279
0.44966105
0.45336416
0.33286262
0.75801045
0.2559747
0.931192
0.23058194
0.031672504
0.62286085
0.91401696
0.5348024
0.39880666
0.86427313
0.12085882
0.39103994
0.29551378
0.0882842
0.3811553
0.08026756
0.66314036
0.3320018
0.035487764
0.6692702
0.6930234
0.121168874
0.7438801
0.8236487
0.20803264
0.11291213
0.6295114
0.49935797
0.5956239
0.35879183
0.3827717
0.9847798
0.9695674
0.39484674
0.24587734
0.43707603
0.33174995
0.31555817
0.97461396
0.6301807
0.06678199
0.725576
0.53679574
0.6279857
0.16066867
0.11064605
0.32061234
0.83653384
0.20250475
0.37801343
0.117185175
0.73263395
0.8095117
0.6364977
0.90333307
0.97170335
0.27898642
0.9875674
0.8259921
0.44059548
0.8767331
0.32979792
0.47631362
0.359133
0.3806046
0.36508948
0.79731214
0.29056206
0.7318557
0.27244487
0.5129567
0.22373001
0.564835
0.13229504
0.22869666
0.5159001
0.21440719
0.5644484
0.18894883
0.6139002
0.07815565
0.81413424
0.1280426
0.53310794
0.3667276
0.9185039
0.44945878
0.27721548
0.54912907
0.31527156
0.5629649
0.6622438
0.91960424
0.47736058
0.8859123
0.20894036
0.9787173
0.051340345
0.32150742
0.8942822
0.9014321
0.39202172
0.22922443
0.08725913
0.15076599
0.3975272
0.9028316
0.75088334
0.5564489
0.44173712
0.5713889
0.27269104
0.46114343
0.7828407
0.30948833
0.8824354
0.54902285
0.11837705
0.05540809
0.94046426
0.4925393
0.08808977
0.69753146
0.79658586
0.35112938
0.67750216
0.47431654
0.409249
0.51309943
0.3606479
0.995353
0.155454
0.51063246
0.76903045
0.23145105
0.69626474
0.8524322
0.819519
0.22833446
0.39234668
0.60653555
0.33997446
0.051900346
0.6196486
0.56617635
0.93179876
0.3721306
0.97681934
0.6988949
1.2727877e-06
0.28916922
0.71987367
0.22307952
0.025171967
0.26155493
0.55706227
0.26173067
0.33488086
0.76643443
0.8622796
0.8275189
0.07703221
0.11273475
0.6889043
0.37946445
0.02315521
0.44427896
0.5227323
0.37854564
0.04439988
0.9226821
0.1808251
0.06473288
0.49444556
0.08632437
0.44016623
0.6907239
0.85048854
0.8606961
0.19848171
0.519285
0.887387
0.6429386
0.5382622
0.4455939
0.34466723
0.8197391
0.079145655
0.33741224
0.7963688
0.94712275
0.622087
0.5939669
0.93699175
0.74283046
0.7292954
0.5655859
0.30905744
0.5574172
0.2983655
0.8868768
0.6202508
0.4862824
0.4623116
0.70282906
0.5677378
0.8858375
0.904857
0.79774517
0.4032266
0.17140627
0.30602863
0.7402774
0.7274313
0.22851688
0.8335284
0.19680329
0.74510735
0.11057558
0.44700885
0.9060995
0.9568584
0.59281397
0.46438205
0.07565123
0.526824
0.67952305
0.1778433
0.41514048
0.82595813
0.03320227
0.41565064
0.55316585
0.5687338
0.5464278
0.014043859
0.6553227
0.5980359
0.58699095
0.55993414
0.5971155
0.59424543
0.6538879
0.11530891
0.31418052
0.2978332
0.7688424
0.4354323
0.3519855
0.45871338
0.5090375
0.49521655
0.2552463
0.54737985
0.5757543
0.052397165
0.50288266
0.8474819
0.1746906
0.16438292
0.21512298
0.8059625
0.40703917
0.68460286
0.9515713
0.60709864
0.0701419
0.18663003
0.62350285
0.48205343
0.14655745
0.7585201
0.69277257
0.55400765
0.26780587
0.64042616
0.59182423
0.82859457
0.4340439
0.32049868
0.6424406
0.24384777
0.39806864
0.71769136
0.58476967
0.3725165
0.6125535
0.39423847
0.6130923
0.19948287
0.58134204
0.45964223
0.3204366
0.31366846
0.32548475
0.06511506
0.41592252
0.8959426
0.65606856
0.19637842
0.79717326
0.6265542
0.5497521
0.5697682
0.7344609
0.8843186
0.33813807
0.3687923
0.15086497
0.2956699
0.24871205
0.07756494
0.34892565
0.18242425
0.5619366
0.670456
0.61209345
0.90966415
0.67063993
0.7357951
0.25119224
0.14216383
0.6973788
0.2631047
0.6821977
0.7001441
0.84829384
0.30392858
0.77380365
0.33446047
0.9777864
0.41305614
0.99982977
0.28437558
0.81262004
0.020548388
0.4242339
0.64929307
0.84260976
0.82557446
0.52544117
0.02803097
0.4733067
0.5874577
0.96605235
0.7091796
0.33565417
0.7158278
0.66996473
0.90740675
0.9318069
0.09475019
0.6692831
0.45470706
0.028542403
0.9680105
0.21716665
0.9221002
0.65519565
0.43557015
0.24660783
0.22131124
0.53679824
0.22772852
0.45819372
0.13937852
0.49541464
0.5372249
0.08466292
0.34661207
0.46467724
0.6545273
0.25784695
0.94408727
0.5459274
0.86818147
0.6779556
0.019294433
0.028656464
0.97323775
0.51129967
0.56201106
0.69338655
0.95812726
0.37409955
0.80681556
0.06955726
0.560838
0.56044936
0.7510337
0.2006591
0.7532688
0.8381563
0.06646184
0.42953363
0.7555552
0.32112488
0.61518663
0.8695488
0.1404642
0.2714225
0.22511205
0.20115839
0.69494414
0.033566844
0.70874316
0.32449946
0.053222034
0.24429154
0.03349816
0.9644593
0.8715149
0.22664121
0.050465945
0.9353287
0.7105196
0.50334686
0.24408704
0.6379645
0.25403768
0.3874032
0.6944831
0.59721625
0.18255748
0.88181883
0.81560796
0.73289335
0.77261806
0.16835588
0.72321475
0.2736875
0.5196507
0.8290604
0.009829023
0.6420228
0.06092579
0.6738185
0.44888964
0.58486843
0.37952057
0.9070706
0.76073843
0.95405465
0.18731567
0.5982463
0.24645364
0.43181244
0.98291004
0.1974899
0.40448424
0.2853436
0.19930066
0.8024083
0.37531713
0.21174444
0.2559459
0.3794743
0.82904524
0.083563834
0.66951346
0.4760768
0.6394675
0.49360678
0.36138955
0.9770188
0.827532
0.006001663
0.46028793
0.3909103
0.4287133
0.5264476
0.019085048
0.5886053
0.72327834
0.65485483
0.5096177
0.9630947
0.61865723
0.12936921
0.6603638
0.015735824
0.67512286
0.9799059
0.42437893
0.056366246
0.5841175
0.2549084
0.6924727
0.7759602
0.37352505
0.11382121
0.2724285
0.0646442
0.68149364
0.8186823
0.9059419
0.85327554
0.98858285
0.15514106
0.90266997
0.046733204
0.75523555
0.29687867
0.18608885
0.86960185
0.8038257
0.33447745
0.84581727
0.025609136
0.77392787
0.3057523
0.8371568
0.04806967
0.7749851
0.11109501
0.8608458
0.24408233
0.19593126
0.48153812
0.21257228
0.7460284
0.87304986
0.69553024
0.17807999
0.8751197
0.69631183
0.04055191
0.64870375
0.12707758
0.19748004
0.66633004
0.56284136
0.62778276
0.17170696
0.621199
0.7365271
0.31398588
0.26438877
0.2085903
0.5219319
0.38746652
0.6761243
0.5980407
0.9998087
0.15263277
0.963764
0.05462755
0.6612815
0.6537668
0.38030747
0.61398077
0.40417334
0.6918176
0.6731921
0.10819716
0.5402639
0.32874095
0.64384264
0.5768244
0.6270711
0.9935965
0.11889862
0.9940553
0.16663663
0.17827158
0.6546971
0.79926234
0.17901415
0.057140414
0.06183594
0.94606435
0.8311322
0.7428623
0.46726105
0.8121745
0.8426889
0.7964522
0.68536526
0.9222889
0.81310636
0.5188106
0.7910819
0.15787488
0.99758655
0.7554305
0.9063537
0.3701284
0.9932521
0.16604298
0.5689504
0.75438356
0.39769793
0.48584545
0.43612817
0.17219056
0.29410636
0.7926508
0.52725863
0.17767869
0.1950628
0.35243684
0.35166976
0.46947134
0.69203633
0.536479
0.76389474
0.35057735
0.20219454
0.93931335
0.08122782
0.18460022
0.5140386
0.2286917
0.13729565
0.742756
0.31848285
0.98383766
0.3031435
0.8489588
0.59326893
0.3773283
0.0548946
0.024080437
0.40840986
0.90145403
0.2010617
0.668377
0.06921503
0.08426446
0.44596866
0.29086083
0.4083111
0.8227155
0.0793499
0.8711482
0.10558815
0.5970052
0.3172147
0.37158036
0.084980845
0.15982871
0.48956224
0.1851759
0.3631223
0.33170357
0.511956
0.19400267
0.43219674
0.002532442
0.5417916
0.09438185
0.20992556
0.6499912
0.877779
0.5386875
0.031143188
0.43637252
0.061387923
0.96086246
0.7917426
0.25558698
0.84861845
0.5149088
0.26479727
0.0052828914
0.1332104
0.86881036
0.74186915
0.45051807
0.022806862
0.20659165
0.506408
0.8323438
0.9762514
0.37012342
0.3350101
0.72030026
0.46250907
0.17303033
0.8796633
0.9445108
0.23398137
0.64187825
0.7944776
0.4757772
0.5587829
0.67894715
0.6906066
0.95591784
0.2957751
0.56542856
0.33786002
0.13950588
0.8244004
0.88102406
0.26112628
0.38048115
0.16721484
0.88531804
0.49143958
0.83346456
0.7275657
0.15228808
0.90381783
0.5193564
0.669376
0.88175446
0.5678788
0.5082032
0.33195603
0.07306506
0.6680271
0.6722424
0.7638261
0.42690516
0.67786926
0.8264385
0.31322032
0.41724682
0.787268
0.03750783
0.9027366
0.84380627
0.5534364
0.22870691
0.17819737
0.32954282
0.4482081
0.5049099
0.19294402
0.4501711
0.88593906
0.20824973
0.16677725
0.5194158
0.20779087
0.7453639
0.42741352
0.36880967
0.07370709
0.0641365
0.0073621706
0.63624054
0.11974909
0.6653969
0.32230145
0.24790001
0.4179479
0.5965169
0.8468997
0.43826455
0.020560812
0.97551566
0.9326129
0.66448236
0.22247785
0.78661996
0.37015012
0.044249646
0.11203163
0.015275829
0.15816967
0.8708607
0.1461845
0.29137045
0.60688114
0.038622048
0.65024304
0.17677808
0.58649886
0.5606356
0.6072767
0.76349914
0.833234
0.4030527
0.43499544
0.48061195
0.19462512
0.99144256
0.6198519
0.55595297
0.38298145
0.58483803
0.74455214
0.76052135
0.33410895
0.88850737
0.35063285
0.31741917
0.96855384
0.22265702
0.058939073
0.3254726
0.7591448
0.89150244
0.13114579
0.17015946
0.0023531297
0.55522776
0.8021645
0.8462127
0.20244971
0.5356219
0.89982843
0.85110784
0.5877972
0.46192405
0.7439237
0.8235294
0.85410064
0.5571929
0.07090623
0.42879584
0.85153013
0.66227525
0.36670408
0.6951231
0.23625903
0.6637416
0.07127844
0.50484335
0.27640647
0.56777704
0.36558172
0.080024004
0.094792545
0.68717587
0.59782976
0.9176621
0.7226399
0.7203128
0.7716244
0.78423977
0.5125357
0.88397676
0.96448445
0.6051254
0.4547371
0.55333036
0.3361624
0.057618674
0.54061
0.53818834
0.9477096
0.5847367
0.20124549
0.49034718
0.1444423
0.028094403
0.15869492
0.89366835
0.94320065
0.83374524
0.667427
0.13482708
0.36820778
0.1882154
0.8486153
0.9952158
0.2534606
0.06668742
0.051919986
0.10423591
0.2092061
0.7925923
0.06769
0.24116437
0.6011607
0.30067116
0.29365182
0.5908076
0.6698206
0.42343843
0.70706964
0.4499325
0.6377208
0.23377892
0.41952297
0.44762224
0.9339597
0.7157409
0.4604561
0.5841209
0.9555309
0.19925533
0.2497993
0.4197428
0.16273
0.721607
0.44022003
0.6517306
0.5276321
0.41405022
0.007862497
0.5207539
0.53501815
0.78917086
0.50104344
0.79807085
0.90569466
0.051991634
0.4719744
0.5636003
0.5468731
0.3087591
0.4730807
0.63493925
0.09991152
0.12592584
0.9529516
0.20868264
0.8570915
0.7351972
0.85450906
0.877378
0.91176695
0.946463
0.8396229
0.32118988
0.70566535
0.13358486
0.42941973
0.08206353
0.80206597
0.8016437
0.3306729
0.72860086
0.6955121
0.7840355
0.08913862
0.8869134
0.6165942
0.49648014
0.69436765
0.7563979
0.9397103
0.75463694
0.3029048
0.05650711
0.53157216
0.5427233
0.6886572
0.040464755
0.2207733
0.7442583
0.7040385
0.22130434
0.26746228
0.2628232
0.056165915
0.7083215
0.8112652
0.22157803
0.5835969
0.27363697
0.4151388
0.93967927
0.80573875
0.5309347
0.985036
0.9874469
0.009671297
0.9890069
0.54275745
0.035333697
0.7647406
0.6425012
0.95647615
0.6957548
0.28882983
0.39555973
0.14887983
0.48888284
0.7438199
0.83520013
0.10856443
0.4944034
0.41519028
0.49177277
0.028580982
0.94804907
0.04650987
0.0043631955
0.73685193
0.79038894
0.4474043
0.49361435
0.78227514
0.49611306
0.38914943
0.6373494
0.064565614
0.477914
0.9650858
0.88819224
0.9504811
0.29367238
0.3259446
0.017109286
0.4368405
0.5505385
0.2003925
0.19426893
0.57999027
0.7045502
0.5684707
0.45515168
0.9000488
0.31468704
0.7006391
0.41492242
0.73690224
0.9198981
0.23922808
0.8953616
0.7219469
0.56475466
0.30688667
0.89374185
0.13550124
0.6366984
0.16026062
0.74948096
0.8053377
0.0016292125
0.40013963
0.574997
0.85010254
0.71492136
0.9164484
0.28922197
0.21399188
0.3584979
0.38177228
0.8647417
0.206249
0.68177086
0.96311325
0.9186589
0.26540798
0.31576195
0.6619477
0.45543122
0.38052803
0.66610265
0.57665133
0.46109065
0.16969617
0.4241626
0.4438722
0.026903126
0.74115473
0.62505513
0.89579093
0.9741231
0.64449555
0.8898046
0.58323437
0.17626914
0.68853664
0.6689267
0.81410164
0.9535013
0.64997774
0.6314831
0.277909
0.36738992
0.7088289
0.075392425
0.57377076
0.754554
0.350556
0.021786194
0.27916193
0.37667415
0.6936796
0.94260347
0.6360209
0.028802868
0.035109606
0.37702233
0.87286603
0.2973421
0.77872527
0.5893375
0.0626262
0.2835619
0.35052544
0.5170866
0.87207144
0.6108463
0.80657905
0.67235637
0.828732
0.36281896
0.3185183
0.4043731
0.05299689
0.17946479
0.7430772
0.848069
0.21283431
0.27685118
0.119895376
0.87238413
0.16154617
0.14246072
0.051341917
0.16592497
0.1047884
0.6441008
0.44780284
0.014200046
0.8410093
0.5671492
0.3794427
0.5793455
0.8847133
0.020232545
0.47004992
0.5018706
0.5641694
0.6292798
0.11979059
0.36717337
0.95260775
0.7613204
0.44952396
0.4924835
0.304499
0.27171856
0.9923547
0.7303758
0.69212407
0.0757403
0.17059308
0.9264662
0.06195924
0.6932724
0.62160385
0.3729415
0.4315792
0.39516434
0.4604139
0.84354514
0.3709702
0.37018788
0.83127683
0.71964747
0.38727036
0.8315075
0.82309145
0.063738994
0.04041037
0.10192382
0.11627077
0.5487446
0.20287038
0.28825268
0.31130996
0.36708912
0.48491985
0.20263572
0.5435404
0.26185906
0.03213405
0.27570263
0.3499446
0.7901737
0.48471323
0.37718192
0.54971653
0.6790352
0.74662364
0.85047513
0.69622785
0.18908912
0.42627832
0.14789672
0.98610973
0.92537236
0.055036582
0.71799475
0.04746529
0.73691934
0.42286232
0.2986011
0.74648035
0.035531025
0.8486952
0.44137922
0.7353926
0.7067761
0.82348585
0.8023963
0.41873193
0.45882592
0.031640466
0.39967605
0.953493
0.08113929
0.6254598
0.5357658
0.7958369
0.63423294
0.8093486
0.5349853
0.28472528
0.98868674
