0.5805367
1.0882295
0.6843637
0.9653094
0.72693735
0.13491245
0.008605907
0.36816448
0.000132622
-1.2221054
-1.4815904e-08
1.1131583
-0.003222703
35.977486
-0.0002852039
23.78007
1.4107965e-11
-0.00017839114
0.0
0.12550685
2.1471107e-13
6.6165876
0.0
125.82905
4.0283632e-07
143.57224
6.3750233e-10
-0.169183
-0.0008979093
-0.02166069
-0.32628694
-0.0019842794
-7.1441245e-05
4.3335905
0.01813579
4.1887302
-3.5565
0.20119727
-31.52513
0.049772065
-0.0007818522
-1.7633433
1.0310118
0.20773865
66.041466
20.295761
-1.8235867
2.3752441
-7.43974e-07
0.002957751
-0.0005438238
-508.65552
29.498444
47879.562
-10188.133
-115.32345
29033.766
-6183.7285
-1.468889
-0.117281735
0.0023507548
-0.51810753
0.17631681
0.0014187911
-5.4552215e-06
-0.06841493
0.04164698
-0.023020135
-4.347503
-0.40149283
-3.562934
0.014202404
-0.0026869732
-0.09704785
-0.0054748175
0.47036037
-18.184626
9.564742
7.838212
0.6201472
-0.0011871797
0.001560156
0.0064163413
22.069538
-6.242097
-5305.8174
5278.789
0.9303194
6498.3564
-6390.7734
-29.631968
-0.31743082
0.0050856727
-1.5960321
1.5592722
0.0014085029
1.3093883e-05
-0.0518079
0.047733042
-0.03715564
-1.3666
-0.23258725
-4.5384936
0.004915752
-0.0014580279
-0.105384514
-0.038166434
0.21743634
-9.132061
1.0114583
7.8402467
0.24011771
-0.003675671
0.0021166645
0.005319882
136.60054
-135.52461
-3577.0256
3568.691
1.8124793
5035.5503
-4982.758
-16.288208
-2.3703566
0.008234181
-3.0258396
2.9643505
0.0025010726
4.0400748e-05
-0.062107783
0.04713443
-0.045228057
-0.6363452
-0.16685928
-0.93915623
0.00072115136
-0.0023125533
-0.044231806
-0.06283146
0.103082456
-1.1878351
-3.4870067
4.528287
0.28407547
-0.030077487
0.0017239399
0.003087781
71.36224
-71.58206
-5476.9272
5470.293
1.7832987
2836.35
-2817.7375
-1.242298
-4.4707227
0.0051348386
-1.1910938
1.165542
0.0061414395
0.0001253143
-0.02999492
0.025573
-0.03653039
-0.5653453
-0.19760466
-0.3562597
0.0010797067
-0.0007406791
-0.11644115
-0.061520316
0.077789694
-2.8020847
-2.5761554
4.949501
0.5410299
-0.032521803
0.006693571
0.009192847
24.595686
-20.273893
-4089.8586
4081.1023
3.0850036
3826.879
-3808.1453
-5.727708
-0.714372
0.0007628296
-5.164062
5.087803
0.006617168
0.000154215
-0.0281767
0.026169142
-0.007945124
-0.5635021
-0.23751333
-0.49495637
0.0002746551
-0.0022884815
-0.012514011
-0.028821314
0.122036844
-4.745513
2.3619869
1.9136934
0.49448925
-0.03202763
0.00073948153
0.00082165794
45.65515
-41.569084
-3973.462
3965.1255
3.1643348
3572.4548
-3557.1145
-6.5636
-0.0048996545
0.0046672346
-4.8208575
4.7617545
0.003505372
8.912511e-05
-0.008911646
0.008312681
-0.005387045
-0.19164778
-0.100980036
-0.78352106
0.00036751202
-0.00022206742
-0.06271117
-0.018194193
0.0324775
-0.21614106
-0.7001758
0.86967325
0.11353542
-0.056868084
0.0014568634
0.0013441688
27.38721
-22.772533
-3062.248
3054.587
5.993805
622.0514
-621.56445
3.4039006
-7.468224
0.011920147
-4.2595463
4.208217
0.008028655
0.00021721638
-0.025843954
0.022477126
-0.00923579
-0.3404305
-0.21083045
-0.4427257
0.00010805397
-0.0006761001
-0.05448373
-0.023480495
0.05706344
-2.656805
0.60541743
1.6657579
0.49047825
-0.07722492
0.017365886
0.01356064
48.67455
-44.385296
-1258.0322
1251.5745
1.1169866
849.65924
-843.4772
2.0446415
-6.993229
0.004790866
-7.618397
7.5465007
0.004004031
0.0001135517
-0.0070185466
0.002651542
-0.020961465
-0.29389483
-0.22477733
-0.26708788
2.0811252e-05
-0.00060072483
-0.008853142
-0.015134091
0.07451604
-2.1602485
2.0444002
-0.23829095
0.44129562
-0.094015256
0.013072902
0.008829898
26.510628
-23.564667
-1626.9962
1622.3192
3.6022115
282.39026
-283.1665
1.3924997
-3.241924
0.017999766
-4.5175447
4.4729967
0.007987399
0.00023514344
-0.013734036
0.010785097
-0.0039560082
-0.13560276
-0.11499698
-0.024998913
9.285778e-05
0.0017254471
-0.008935184
-0.0069596823
0.08214546
-2.0690827
1.3844455
0.39634395
0.3831516
-0.086066775
0.0036511372
0.002165437
32.06187
-29.054134
-1353.1033
1348.469
1.3980105
1428.3163
-1423.7223
6.928421
-9.992241
0.0112319505
-3.7231731
3.6789713
0.016097577
0.0004887025
-0.009081397
0.007510885
-0.009564133
-0.06340339
-0.07047826
-0.15875208
0.00011043925
-0.0006973289
-0.022246793
-0.009274033
0.032060444
-2.7783592
2.0883484
0.3254907
0.47317016
-0.12531224
0.015207975
0.007974757
21.714216
-18.683172
-1944.5271
1939.8075
1.6429251
746.82764
-746.26184
3.2285845
-3.932614
0.0070532835
-0.9978254
0.9809034
0.00957279
0.00029831065
-0.010854775
0.009499927
-0.009344621
-0.1388545
-0.15603946
-0.25454894
9.600113e-05
-0.0010666716
-0.008277857
-0.017770292
0.071160935
-0.94648415
-0.26364028
0.85366523
0.45037964
-0.06300641
0.02470284
0.011568321
0.68781114
1.0723913
-1297.376
1294.7897
3.4979854
1530.242
-1528.8213
-1.7977186
-0.42213723
0.014603542
-8.292586
8.211371
0.0288118
0.00091851887
-0.008203028
0.0051080477
-0.009399167
-0.11164977
-0.14156577
-0.02860097
0.00014491395
0.002112981
-0.043025445
-0.0051144566
0.074741304
-0.5792627
-0.04033208
0.46266395
0.19848241
-0.03389537
0.016410371
0.006918279
17.080887
-17.047173
-633.53033
632.8907
1.7791727
1118.1127
-1117.1514
13.892649
-14.8903885
0.018211795
-13.344072
13.246152
0.021844476
0.00071068946
-0.0004871233
0.00039396202
-0.005658639
-0.05549145
-0.080004565
-0.25462955
0.00031700227
0.004336593
-0.021467974
-0.011972127
0.052929558
-0.15716952
-1.6859912
1.772541
0.2856073
-0.16293857
0.031162836
0.011906645
4.0919747
-3.2124593
-379.87827
378.63205
0.72484976
1099.9532
-1099.0631
11.933227
-12.057013
0.011640145
-0.8848188
0.87105846
0.008457895
0.00028030435
-0.012950887
0.0120092565
-0.0014756514
-0.0013570297
-0.006494298
-0.16825058
0.00016871332
-3.1092568e-06
-0.0049377615
-0.007522365
0.050141193
-1.8489696
0.038801104
1.7340167
0.2796353
-0.20723295
0.010536055
0.0036732499
14.136397
-11.598111
-18.406868
15.30617
2.0632908
87.760956
-87.305275
6.002837
-8.210383
0.022451002
-6.7854824
6.7163095
0.033583585
0.0011322239
-0.013927684
0.010779282
-0.0073092263
-0.01199108
-0.029390933
-0.20924205
0.000264221
0.0022010386
-0.0036645331
-0.014178802
0.024788732
-1.7640887
0.2923662
1.323155
0.35132033
-0.1970908
0.02036742
0.0064910008
9.143332
-6.256244
-1202.1483
1198.2844
0.11617657
632.53455
-630.5951
7.1775494
-8.374021
0.02153265
-0.36510304
0.3381985
0.023205016
0.00079503545
-0.0093286345
0.0067208586
-0.010505039
-0.032368273
-0.06772132
-0.12742782
0.00038311287
0.0029466394
-0.006177929
-0.0009065907
0.038278718
-0.74441206
0.18081957
0.5373084
0.26191115
-0.22477676
0.036015395
0.010544346
21.443907
-19.325073
-1339.3411
1336.0577
0.545527
1161.0453
-1160.0785
15.523946
-15.661664
0.012888597
-3.7919912
3.7363732
0.036364112
0.0012651938
-0.0055440776
0.0031196922
0.0008600428
-0.049496353
-0.077702984
-0.14752033
0.00050761114
0.0065699713
-0.023072751
-0.0035708759
0.019988433
-1.6476597
1.2574072
0.14166893
0.48583126
-0.24466199
0.001865211
0.0005113824
14.428541
-14.310538
-250.38469
249.90405
1.7836533
678.3016
-677.55096
2.124197
-3.7997427
0.02852458
-15.922143
15.843789
0.013878292
0.0004900828
-0.0025815447
0.001767858
-0.0032102598
-0.034870215
-0.062237732
-0.16196701
0.00070300256
0.009192744
-0.01578212
-0.008685641
0.030922752
-1.2018968
0.20313978
0.90780675
0.33707687
-0.24002098
0.02847329
0.0071198284
13.096732
-10.75708
-144.19829
141.28082
2.4901896
187.13452
-188.8408
14.7451515
-15.218355
0.038694445
-4.0904865
4.0722723
0.002661031
9.5340525e-05
-0.008046673
0.007280747
-0.0058730463
-0.017208965
-0.03939614
-0.12627038
0.0005828155
0.0048120255
-0.010621183
-0.006242939
0.043142986
-1.5364102
-0.19543992
1.6727479
0.2780916
-0.2242087
0.03925894
0.0091113895
7.813508
-6.7870827
-489.29422
487.7991
0.44426826
315.07312
-313.23822
11.038258
-12.875975
0.009042462
-4.695564
4.660132
0.01724193
0.0006266314
-0.0043438557
0.0032765085
-0.0038310806
-0.03244209
-0.05898893
-0.028184172
0.00010256719
0.00043742248
-0.008991111
-0.0024831824
0.021286046
-0.4847289
-0.49383625
0.89549696
0.10551589
-0.02279075
0.0013147942
0.00028451925
7.624257
-5.6555285
-214.53018
212.13304
1.5051231
68.74841
-69.90492
11.242667
-11.438494
0.015518361
-10.322811
10.242182
0.04216611
0.0015543284
-0.0061717522
0.00550339
-0.0044666175
-0.009570213
-0.022366868
-0.011081286
0.0004188482
0.0055119516
-0.0049146013
-0.0032336756
0.025431426
-0.8347313
0.48474494
0.20566942
0.5406435
-0.38275978
0.030833336
0.0062250555
0.5198268
0.39968264
-62.298496
61.211224
2.0316749
757.7796
-758.5075
22.232615
-22.780851
0.028727617
-7.011026
6.9884534
0.0002829351
1.0578293e-05
-0.0056917355
0.004955832
-0.0026222973
0.0024522997
-0.0014584176
-0.06199249
0.00096408965
0.011838305
-0.001578833
-0.0062628733
0.02758632
-0.33898744
-0.841566
1.0948304
0.36372164
-0.25518686
0.040637504
0.007672176
11.555231
-9.779908
-281.49976
279.18726
1.1530616
306.25116
-306.78912
22.812231
-23.130125
0.051278505
-7.2216005
7.176606
0.021242706
0.00080560317
-0.005300955
0.004545319
-0.004994019
-0.024976393
-0.04248495
-0.104423836
0.0007949185
0.0069792783
0.0008797444
-0.003907243
0.018977666
-1.0705432
0.0824593
0.82104725
0.31202254
-0.1494125
0.026032306
0.0046099746
12.541097
-12.68646
-808.16254
807.8101
1.6655734
476.31638
-477.01935
4.7757745
-5.2167325
0.019965004
-12.915312
12.846226
0.02932063
0.0011280574
-0.0026065186
0.0020720551
-0.0007475405
-0.005578023
-0.008795435
-0.022767946
0.00049268524
0.0053629787
0.0031051286
-0.00043115116
0.011109013
-0.43031263
-0.14520662
0.47012353
0.5506005
-0.42093244
0.02840137
0.0047339327
0.28388506
1.5286233
-794.47375
792.16144
1.2607121
181.39037
-180.9425
9.8449335
-11.219836
0.00278459
-3.3558109
3.3456566
0.0009207009
3.5943165e-05
-0.0042133546
0.0035762524
-0.001452859
-0.023089742
-0.028874645
-0.06777904
0.0007743805
0.007722041
-0.00040163082
-0.004421531
0.035358004
-0.24854538
-0.56882197
0.7191199
0.30304357
-0.19787286
0.03937355
0.006175725
10.746427
-9.577842
-271.28918
269.67667
1.5476241
272.17047
-272.86334
29.922333
-30.455986
0.014524868
-1.8311965
1.8041936
0.020318864
0.0008051095
-0.004685958
0.0032470694
-0.0007483587
0.00076956773
-8.4175976e-05
-0.079902165
0.00038535445
0.0018694008
-0.002408302
-0.0041615176
0.031739157
-1.0533705
0.9265967
0.024130767
0.5495894
-0.45632628
0.046136606
0.0068370258
5.023064
-3.9485652
-182.77371
181.38525
1.0999724
51.91845
-52.072083
8.197252
-9.032062
0.0383219
-11.756601
11.721908
0.005164527
0.0002077717
-0.002591941
0.0022039048
-0.003651665
-0.02530672
-0.02733828
-0.073712416
0.0008069123
0.0065239957
0.0030641372
-0.0024285389
0.024083804
-0.6429209
-0.51161057
1.049945
0.20834206
-0.11162302
0.035328954
0.0049494165
1.8719444
-1.8898454
-116.07103
115.98213
1.4023895
666.12213
-665.66144
21.18333
-22.439627
0.009398195
-12.231662
12.189147
0.012533679
0.0005121515
-0.0041252314
0.0027857786
-0.00018693955
-0.0018726387
-0.0017290151
-0.019231256
0.00013557356
0.00055764825
-0.0009786356
-0.00094972056
0.023533747
-0.80633605
0.045961324
0.7007138
0.28673708
-0.24035925
0.033243496
0.004418323
11.75746
-10.8403635
-321.93115
320.57785
0.8919036
643.67065
-643.75684
8.37353
-8.688116
0.030163506
-5.5733767
5.506585
0.049494
0.0020550475
-0.0022377772
0.0015747608
-0.0012410863
0.0011110582
-0.00021576506
-0.047494978
0.0008431619
0.0074555404
0.0060489927
-0.00012075137
0.026159989
-0.5187693
0.38342258
0.09362071
0.606742
-0.5628756
0.015893875
0.0020148437
10.336312
-9.398556
-568.4732
567.063
1.2850975
585.26556
-584.6976
28.6658
-29.973476
0.023754746
-24.871407
24.808033
0.009420548
0.0003976497
-0.0005901222
0.00016879517
-0.002125786
-0.01172272
-0.008241053
-0.059812073
0.00027335066
-0.00081956404
0.010203614
-0.00074569025
0.038562063
-0.31639966
-0.25377572
0.4952883
0.5117851
-0.41857058
0.0031249074
0.00038229072
2.5496747
-1.5167838
-446.87152
445.53882
0.33111894
163.82701
-163.64435
1.7175388
-2.1152184
0.05382569
-29.371817
29.294628
0.016038796
0.00068861595
-0.0010122804
0.00047054968
-0.0021822285
-0.03286124
-0.016967801
-0.082304515
0.00020977198
-0.0027806854
0.013347121
-2.4538256e-05
0.03864282
-0.29049185
0.1265804
0.09184735
0.54885155
-0.46437547
0.06730416
0.007724194
1.1350337
-0.5367477
-251.4893
250.65236
0.652562
16.131683
-15.485976
0.574243
-1.7489414
0.0003401189
-27.355846
27.23863
0.0586253
0.0025616384
-0.001103471
0.00069268217
-0.00092237035
-0.016440246
-0.0067392006
-0.0052682688
0.0017030416
0.018961515
0.012641071
2.9988543e-05
0.013500315
-0.19363512
-0.38214725
0.4869928
0.46833053
-0.363895
0.037542988
0.0041229744
9.515455
-9.275747
-404.20886
403.6197
0.53929055
411.29248
-410.37128
8.125139
-9.285976
0.07148309
-27.436415
27.339035
0.042853847
0.0019068497
-0.0013229297
0.0009892869
-0.0009948835
-0.0063445214
-0.002196662
-0.06410148
0.0009018308
0.0075996127
0.009286624
0.0006360609
0.02828709
-0.35945135
0.1407516
0.11725519
0.7395171
-0.63104135
0.077477336
0.008156821
2.6228452
-2.3386304
-364.49994
363.9414
0.56055826
202.44878
-202.03825
21.952974
-22.739489
0.037644178
-6.59035
6.54272
0.032873686
0.0014905642
-0.00022897369
2.2319495e-05
-0.00073548674
-0.04186444
-0.009315017
-0.05028216
0.0012665355
0.013685175
0.0038838948
0.0011171775
0.038630683
-0.24987854
-0.40746227
0.63852453
0.4080842
-0.3841401
0.064964324
0.0065703015
3.3550212
-3.4428701
-146.5727
146.4976
0.43270808
352.73245
-351.845
24.547142
-25.55982
0.0024008192
-1.3910689
1.3559315
0.029795006
0.0013777063
-0.00050385884
0.00016970385
-0.000491424
-0.002556935
-0.0004450907
-0.026868373
0.0018470727
0.020215584
0.012721958
0.0016438656
0.027588664
-0.044123773
-0.61055624
0.5627048
0.24598281
-0.1453537
0.024284683
0.00236922
1.0974684
-0.1190502
-82.0689
80.91605
0.15798692
24.799551
-24.749289
4.1215916
-4.3488107
0.054743193
-18.070225
18.041595
0.0011427205
5.391242e-05
-0.0004217448
0.00019140124
-0.00028843735
-0.038559742
-0.0037278256
-0.031120867
0.0013139171
0.0129965665
0.010237808
0.0010613259
0.035285737
-0.25579727
-0.59669983
0.76475936
0.5777848
-0.48137814
0.006691331
0.00053414516
1.5240824
-0.51499194
-30.762308
29.618279
0.7137342
382.42188
-382.55878
17.61854
-18.02183
0.03438579
-25.036453
24.934162
0.070288286
0.0025134478
-9.6876414e-05
6.194945e-05
-0.00017862611
-0.014755968
-0.00076075614
-0.046358343
0.0002081743
0.00058198656
0.0016409161
0.0015718734
0.008945684
-0.39644292
-0.06293873
0.4187361
0.050400928
-0.022703813
0.024827404
0.0017423182
3.0011854
-2.2052827
-296.1011
295.1154
0.394009
326.59756
-326.16614
40.92956
-41.647747
0.0748793
-38.287064
38.242462
0.01595061
0.00057914096
-9.521252e-05
8.345331e-05
-2.089885e-06
-0.043725524
-0.011288835
-0.047246613
-0.00054485345
0.009408013
-0.005975315
0.0118696
0.01698508
-0.6497297
0.63111395
-0.04610996
0.069224104
-0.02247774
-0.00013506439
0.0033771652
8.000911
-8.003717
-367.71707
377.03564
0.009900294
6.5758615
-0.051788084
45.58039
-44.41757
16.030655
-15.592415
-0.09338631
0.08906204
