0.898592
1.2109524
0.06899889
-4.3971133
3.58066e-07
2.046506
0.63883114
104.703445
4.9144838e-12
-231.20828
2.2837165e-08
42.42386
5.7092913e-09
0.63195026
0.30497396
4.203788e-05
0.012969006
2.7887907
-430.18484
0.24131106
-0.46451247
393.83182
3.4674168
-64.29919
29.730795
83852.86
-17877.594
-7.3515754
-0.84384674
-0.47852924
0.022396006
2.0310405e-05
2.4751132e-06
-0.16061951
-23.508137
0.02532765
-0.1729111
-20.55072
18.941093
0.647011
17.573767
11929.073
-11886.242
2.6475332
-1.4623542
-0.97689646
0.3576919
0.00026570755
2.4932584e-05
-0.091614455
-8.902573
0.023607103
-0.30731696
-52.64347
49.067837
3.8827643
3.3823676
8664.55
-8642.531
2.8079484
-1.9340864
-0.110470496
0.06683965
0.00014532357
8.9495e-06
-0.099556535
-12.642483
0.039266776
-0.38318983
-1.9390844
-1.8583531
3.2735107
5.681729
6678.674
-6670.814
3.8483684
-3.1542907
-1.0654526
0.7927747
0.00046718895
2.114159e-05
-0.09274088
-5.378387
0.022348845
-0.20004572
-21.047052
19.48801
1.4022257
3.6635234
5739.1963
-5733.9585
0.99057096
-0.42093068
-0.88297105
0.72748816
0.00034003553
1.2171518e-05
-0.020163232
-3.7902377
0.01904807
-0.268606
-27.45416
27.236187
0.34310773
1.0920371
2664.2163
-2661.9685
2.937196
-2.6447792
-1.3359156
1.1653038
0.0007446165
2.2086013e-05
-0.057114147
-3.9153085
0.02378964
-0.022924986
-16.926104
15.542151
1.3812298
0.97066313
2307.594
-2306.1594
2.1912014
-1.9421351
-0.7404074
0.6692011
0.00020420643
5.1788247e-06
-0.010573693
-0.98175186
0.0070828497
-0.16166694
-17.48694
15.53095
2.0813227
3.0657585
4170.226
-4169.644
1.1007786
-0.6824679
-0.25422075
0.23513693
7.585015e-05
1.6820404e-06
-0.047533873
-1.9423497
0.015745245
-0.10772181
-16.033623
14.398874
1.7052288
2.2411568
1847.3986
-1848.2773
0.47166908
-0.28645164
-2.1914709
2.0593693
0.00085888454
1.693694e-05
-0.03162972
-1.3960177
0.012695255
-0.023160985
-1.4579175
0.7415758
0.614183
0.012186211
3612.8171
-3610.324
1.4152818
-1.0481656
-0.7521325
0.71517736
7.976144e-05
1.417059e-06
-0.017091298
-0.32780692
0.003461525
-0.15443207
-0.1449051
-0.93215686
0.92857856
2.738734
3027.7837
-3028.7622
1.202779
-0.89469236
-1.5542291
1.4896778
0.0009903547
1.6018337e-05
-0.0032148166
-0.2315119
0.002579018
-0.14017195
-2.2166085
1.2945848
0.90273297
0.20465031
1786.0979
-1785.3176
0.6993838
-0.5179148
-2.1901753
2.1143284
2.6780706e-05
3.977331e-07
-0.03030384
-0.64368474
0.00785371
-0.022003168
-11.300387
10.017678
1.2877729
1.6465539
3475.8242
-3475.7861
1.3121586
-0.9594406
-2.6024787
2.5236497
0.0014984312
2.0579833e-05
-0.015288465
-0.9141853
0.011543694
-0.078432195
-5.6906085
4.660506
1.0038446
0.56741375
673.8685
-674.1482
1.3319772
-1.2521105
-0.58687985
0.57173
2.4066718e-05
3.0752068e-07
-0.025352491
-0.40158734
0.0056998758
-0.09784775
-4.6947656
4.288627
0.43821222
0.80616546
2720.759
-2720.4534
1.3548363
-1.075355
-2.0507958
2.0036914
0.0007744593
9.254492e-06
0.0003506156
-0.7709745
0.0108844405
-0.06280245
-7.322724
6.5236306
0.7775153
1.9691299
2480.5925
-2481.6807
0.6668498
-0.41794336
-2.7406638
2.6848652
0.0010743288
1.2059618e-05
-0.013777257
-0.3278199
0.0051094047
-0.05123064
-6.253691
5.8049355
0.45487052
1.0103369
1408.8854
-1409.4319
0.2156513
-0.076012895
-0.6032989
0.5921026
0.0004635213
4.9069463e-06
-0.012827061
-0.4678203
0.0075842855
-0.053830035
-3.2078896
2.6028337
0.53257227
1.4382137
1827.3306
-1828.2197
0.38821313
-0.20594575
-5.2869916
5.2005086
0.002185223
2.189204e-05
-0.0053125583
-0.36930376
0.0061884588
-0.046866152
-4.7829947
4.095537
0.6926019
0.43578377
710.5872
-710.8207
0.3488618
-0.275935
-4.9937177
4.9210706
0.00085074676
8.0905165e-06
-0.010186732
-0.37147272
0.0066011013
-0.03475164
-4.8810096
4.604011
0.20937864
1.4742484
1970.9186
-1971.8843
1.0803708
-0.87687147
-4.5002556
4.439447
0.0021047941
1.9053205e-05
-0.0156867
-0.30820322
0.005878136
-0.042367846
-2.920032
2.412142
0.5476039
0.35880038
47.430264
-47.79111
0.5928464
-0.58200336
-3.5874603
3.5438786
0.000944627
8.159778e-06
-0.010274709
-0.23886067
0.004687801
-0.031139044
-0.7404491
0.09389255
0.6742674
0.3954994
167.36255
-167.73212
0.31256548
-0.29296023
-0.97609437
0.96459496
0.0008686514
7.1762597e-06
-0.013303932
-0.027023172
0.00081932487
-0.047099844
-1.5599251
1.0314112
0.546839
0.60222906
1568.7289
-1568.9835
0.4624299
-0.30467725
-0.12254207
0.11916985
0.0021104151
1.6708664e-05
-0.0068736486
-0.36115783
0.0074386178
-0.058350053
-1.8039447
1.6885059
0.08134368
1.4589795
843.4599
-844.7909
0.72272897
-0.6328745
-4.5691314
4.525739
0.0012375397
9.407274e-06
-0.01351124
-0.057264175
0.0015063777
-0.017821368
-6.3290462
6.252845
0.08856552
1.334626
1743.7866
-1744.8097
0.94113404
-0.7612868
-0.33877933
0.33474272
0.0011256401
8.229569e-06
-0.013824004
-0.18924753
0.004380734
-0.044000376
-0.23483473
-0.008385186
0.2367967
1.2229234
937.1826
-938.2706
0.38306543
-0.28763115
-5.106729
5.0640726
0.002138341
1.505949e-05
-0.013538086
-0.19556987
0.004650445
-0.025018409
-0.77472687
0.3148436
0.44840696
0.67360216
1040.3815
-1040.8882
0.60390633
-0.49618822
-7.3074327
7.251717
0.0017393786
1.18171665e-05
-0.0031147213
-0.022339774
0.00061346963
-0.0346172
-0.7848461
0.13171373
0.6797695
0.0901519
1062.8104
-1062.7161
0.76048285
-0.6490254
-5.4118037
5.3738627
0.0006197786
4.0674786e-06
-0.009273186
-0.12088288
0.0030818067
-0.010589385
-0.15279128
0.10501243
-0.038573004
0.55480343
165.63396
-166.18318
0.35792267
-0.33802933
-2.868196
2.8475926
0.0020591
1.307005e-05
-0.013202628
-0.20596258
0.0052657565
-0.036608066
-0.8237318
0.7695846
-0.005098093
0.7339941
1498.163
-1498.6896
0.21299577
-0.06468722
-1.2765896
1.2659643
0.0028487188
1.7509135e-05
-0.011264093
-0.12903874
0.0034630299
-0.0131662665
-0.56852376
-0.014314553
0.5510836
0.47222596
568.6226
-569.0283
0.56068116
-0.4994316
-1.9236586
1.9102936
0.0023713904
1.4128753e-05
-0.004592946
-0.21444896
0.0054945173
-0.021634381
-3.0146246
2.5354526
0.49447116
0.94719046
518.8342
-519.7468
0.07550066
-0.024064083
-0.99033886
0.9842617
0.00075001485
4.336069e-06
-0.0002785135
-0.20476367
0.005244771
-0.04977653
-2.9201963
2.5472703
0.35620233
0.7239402
355.6694
-356.3748
0.28780204
-0.25009847
-0.7053693
0.69899637
0.0027561677
1.5476398e-05
-0.012611656
-0.1463911
0.0041621164
-0.045997947
-2.0444899
1.9366351
0.067453176
0.32442743
991.7786
-991.98865
0.65197146
-0.5485579
-1.6673427
1.6585822
0.00075748656
4.1348912e-06
-0.00057410775
-0.03411446
0.00094840466
-0.040369466
-2.8947752
2.5328615
0.3694161
0.8338249
8.337266
-9.204675
0.1837875
-0.18100475
-3.4809988
3.4643135
0.00086535886
4.595939e-06
-0.0096876705
-0.11138645
0.0032956107
-0.047350265
-2.4464378
2.333125
0.0790113
0.4805558
321.45743
-321.92026
0.48100752
-0.44469765
-6.240826
6.2127204
0.0011952284
6.1810315e-06
0.00068407605
-0.056054387
0.0015455806
-0.017326066
-2.0303657
1.5885549
0.45847213
0.18038206
645.2329
-645.3499
0.53443694
-0.46603686
-9.934216
9.890952
0.0025430329
1.2814974e-05
-0.001906131
-0.035857473
0.0010753364
-0.041831248
-0.09179762
-0.14374247
0.22650151
0.95996153
497.7133
-498.6613
0.51058143
-0.45674708
-1.336161
1.329339
0.0015905831
7.81599e-06
-0.004974969
-0.067451224
0.0020690956
-0.019509535
-3.7404714
3.359943
0.40115622
0.69287276
585.3517
-586.0151
0.4798668
-0.41783482
-11.186438
11.141097
0.0037310657
1.7890061e-05
-0.008462968
-0.06817809
0.0022154467
-0.015961073
-3.2790103
3.202996
0.05421221
0.43682614
809.83026
-810.2082
0.38520557
-0.30226395
-6.73551
6.711276
0.00035476862
1.6609255e-06
-0.0035599733
-0.018765118
0.0006579997
-0.031952497
-0.31420073
0.14851871
0.15814514
0.34973744
95.40265
-95.75843
0.2973063
-0.2849336
-5.7026267
5.6826854
0.00061909616
2.8317158e-06
-0.006913212
-0.048591383
0.001654171
-0.01977669
-0.5781229
0.3413781
0.2064599
0.05633455
841.2929
-841.2794
0.43027464
-0.34387428
-2.2706356
2.2622442
0.001021437
4.5670677e-06
-0.0031943757
-0.024139695
0.0008303704
-0.017108543
-3.755048
3.7135677
0.025091395
0.6958241
876.02527
-876.6789
0.41315696
-0.32345185
-7.3514442
7.323585
0.0049851434
2.1800846e-05
-0.00042012456
-0.0584061
0.0017762731
-0.01827089
-3.0473769
2.8488097
0.19587001
0.6580972
411.54095
-412.19437
0.24552672
-0.20282675
-7.7633247
7.737173
0.0030283318
1.295965e-05
-0.008828854
-0.07938527
0.0026982457
-0.02166262
-1.016881
0.84661573
0.16144769
0.4835052
241.30962
-241.79555
0.0669929
-0.042731
-3.369112
3.3559158
0.0035352074
1.4811974e-05
-0.002752607
-0.023980357
0.0008325475
-0.021930614
-0.2741262
0.15126221
0.088857576
0.20153643
616.68805
-616.8548
0.12389905
-0.062482856
-11.706554
11.671528
0.002909467
1.1940544e-05
-0.002499737
0.00060709845
8.424821e-05
-0.036745302
-0.3586777
0.16334416
0.1676817
0.43023896
373.49988
-373.92313
0.42000395
-0.37926012
-1.7818853
1.7763698
0.0008107534
3.2606706e-06
-0.006398259
-0.007372674
0.00044281688
-0.022843698
-0.9128436
0.5725116
0.32645342
0.25182644
285.6758
-285.91995
0.1841059
-0.15435922
-2.377803
2.3688416
0.0028960316
1.1418669e-05
-0.001058408
-0.06529183
0.0020696323
-0.028792923
-1.2605983
0.9113998
0.36519805
0.453163
278.08182
-278.53738
0.17089511
-0.14199238
-11.028436
11.000333
0.0011752729
4.5448915e-06
-0.001114724
-0.05249157
0.0016936789
-0.006048718
-0.50620896
0.14338696
0.33698416
0.3131571
604.9253
-605.21716
0.29005852
-0.22808555
-6.186603
6.167927
0.004072399
1.545179e-05
-0.0013579918
-0.005076433
0.00021439097
-0.0055227457
-2.243025
2.2185094
0.008389025
0.4574017
633.003
-633.44574
0.12794031
-0.06488997
-2.8031507
2.7928548
0.0038852096
1.4469396e-05
-0.0071693338
-0.062032763
0.0022206998
-0.012591149
-1.2058227
0.9037044
0.27591345
0.25523484
186.87543
-187.13138
0.28443524
-0.2632929
-3.4938493
3.4856708
0.00052415155
1.9167153e-06
-0.0055158054
-0.029095164
0.0011274955
-0.016210694
-0.91891944
0.7212571
0.20124279
0.6236989
401.96832
-402.59894
0.13367467
-0.093053065
-5.87503
5.85937
0.0031974083
1.1484564e-05
-0.006519508
-0.0012552715
0.0002815498
-0.019775638
-1.044573
0.7511076
0.2926547
0.08077667
539.3993
-539.459
0.12220253
-0.06835056
-2.691591
2.681339
0.0046899803
1.655191e-05
-0.0039532725
-0.049209572
0.001717457
-0.02591993
-1.4264618
1.1913722
0.24657118
0.63176936
375.14853
-375.79095
0.20633762
-0.1675923
-4.6907644
4.677662
0.0037854738
1.3130992e-05
-0.0008871242
-0.053068284
0.0017394735
-0.024314472
-1.7506037
1.46246
0.31076768
0.43773285
292.91663
-293.36108
0.07045976
-0.041133963
-12.392553
12.368562
0.00029080082
9.917612e-07
-0.00284356
-0.0369188
0.001281591
-0.01032623
-1.3424624
1.0345154
0.3265686
0.5881761
347.65567
-348.2555
0.2869555
-0.25007764
-12.350188
12.323316
0.003953724
1.3261152e-05
0.00017841501
-0.0060030883
0.00020519084
-0.013810271
-1.8125913
1.7352238
0.08669597
0.2985128
177.75871
-178.06345
0.10701512
-0.08856277
-6.0960784
6.08304
0.0020765453
6.8517884e-06
-0.0057849595
-0.005985839
0.00039650602
-0.009749777
-0.28941447
0.18789317
0.09472878
0.61297673
227.75697
-228.3882
0.023914179
-0.001397338
-10.311956
10.289823
0.004147532
1.3466655e-05
-0.0049135936
-0.020708337
0.0008440227
-0.013445044
-0.819611
0.5495323
0.27607438
0.40539002
147.34586
-147.76367
0.059659086
-0.04464933
-8.629553
8.6128
0.00217247
6.9429925e-06
-0.004330095
-0.012776349
0.0005566822
-0.016782267
-0.005805312
-0.079568334
0.08172003
0.052127764
245.04907
-245.09627
0.32300228
-0.29582182
-9.694189
9.677502
0.00081465655
2.5633149e-06
-0.0019155237
-0.009092499
0.00037163807
-0.017052796
-2.4528418
2.2550159
0.19063503
0.16506225
271.2105
-271.37482
0.33159286
-0.30176303
-16.915928
16.887592
0.0014371636
4.4532335e-06
-0.003767641
-0.054165207
0.0018688675
-0.009227492
-2.2787242
2.1337512
0.15802091
0.3831653
310.35654
-310.748
0.086938225
-0.055749394
-7.337792
7.3193855
0.006990486
2.1336466e-05
-0.0020530953
-0.019451756
0.0006872523
-0.007940289
-1.7951353
1.566969
0.22339018
0.4261759
151.21988
-151.66019
0.09742654
-0.08164742
-2.9104111
2.9045224
0.0015035229
4.5213815e-06
-0.0042068004
-0.05489533
0.0018896098
-0.018656796
-1.4590493
1.1774282
0.28772584
0.28300297
519.0835
-519.3674
0.12073122
-0.068852864
-6.049297
6.033562
0.0068258564
2.0228394e-05
-0.0049420837
-0.055722922
0.0019252745
-0.004667233
-0.16833785
0.051894907
0.1026458
0.008173043
274.241
-274.24402
0.24344717
-0.21423288
-8.778206
8.758885
0.00678516
1.9819883e-05
-0.0036268046
-0.039958835
0.001375316
-0.014170782
-1.8462839
1.8024976
0.047467474
0.0850892
26.115213
-26.203266
0.046408284
-0.0433825
-2.287999
2.281793
0.003009045
8.665572e-06
-0.00012292199
-0.057913125
0.0018252259
-0.018177714
-1.2047443
1.1836884
0.0062811864
0.02470177
601.8344
-601.8503
0.16080941
-0.10048013
-5.08866
5.0743184
0.0074091014
2.1040167e-05
-5.7029614e-05
-0.0053001703
0.00017569952
-0.01286297
-0.5036807
0.26769614
0.24087608
0.5023907
5.8602123
-6.3836775
0.1514191
-0.1492633
-4.2052674
4.198637
0.0011159376
3.1255308e-06
-0.0029998545
-0.030516125
0.0010413066
-0.0068785935
-2.2928884
2.1155338
0.17826277
0.18951547
279.40298
-279.59656
0.29490727
-0.2646654
-7.0451117
7.030281
0.005777791
1.5963496e-05
-0.0007134145
-0.022838186
0.0007298821
-0.018776242
-1.6231058
1.3680418
0.26120928
0.40798247
377.07266
-377.4934
0.24142902
-0.2021664
-16.052462
16.028824
0.0036527687
9.957504e-06
0.00036119344
-0.047234423
0.0014309324
-0.012280651
-0.0980825
-0.06623634
0.16830133
0.063307285
270.6218
-270.6851
0.18060338
-0.15237422
-9.755997
9.740335
0.0037984254
1.0218123e-05
-5.6650206e-05
-0.026721526
0.00080436474
-0.005664366
-1.3641288
1.2519293
0.10735118
0.13525347
67.19542
-67.33557
0.23615788
-0.22720428
-6.862088
6.847963
0.0059442073
1.5782494e-05
-0.00091264176
-0.019020367
0.00059438933
-0.020609384
-1.1789595
1.0649118
0.108629584
0.2082758
607.13586
-607.3484
0.12948452
-0.06893564
-10.401
10.38893
8.4345775e-05
2.2107093e-07
-0.0016918647
-0.029731693
0.0009343014
-0.013361504
-1.3131157
1.3031163
0.018208152
0.14142302
607.8205
-607.96436
0.17500614
-0.11396828
-1.2135365
1.2055583
0.0065309834
1.6900667e-05
-0.0036799873
-0.028852208
0.0009534165
-0.008503652
-1.7540864
1.6773555
0.07101515
0.23117904
365.42505
-365.66412
0.28006727
-0.24158809
-4.4830356
4.475551
0.0025316123
6.4691585e-06
-0.004136704
-0.011457625
0.000458199
-0.01689582
-0.070451185
-0.077198364
0.12131746
0.4402025
102.53018
-102.988304
0.13237992
-0.12100154
-12.923742
12.907036
0.0028175486
7.1107206e-06
-0.00294685
-0.023306584
0.00074934424
-0.011883539
-0.753526
0.6543428
0.0799593
0.21007854
546.6916
-546.9092
0.1993655
-0.14403401
-5.695208
5.685291
0.0039044379
9.733219e-06
-0.0023681582
-0.009809973
0.00034676585
-0.016166998
-0.49979508
0.47876015
0.011167036
0.03832826
241.21996
-241.25964
0.22426528
-0.19846615
-4.83129
4.8191795
0.0070788288
1.743322e-05
-0.0022628657
0.0008145048
4.516796e-05
-0.019292798
-0.7188495
0.6816506
0.027866807
0.06704032
506.25278
-506.32288
0.2630312
-0.21098629
-11.654516
11.640337
0.002496702
6.075216e-06
-0.00206837
-0.025823101
0.00076428195
-0.015706727
-0.83794254
0.79362535
0.029456303
0.27179912
585.2623
-585.54645
0.3017314
-0.2415997
-20.720213
20.69547
0.0044319867
1.0656909e-05
-0.0021052253
-0.019432347
0.0005793347
-0.01140756
-0.035296794
-0.15679963
0.19320269
0.45221996
96.38221
-96.85385
0.2218465
-0.21015795
-3.0322487
3.0199275
0.009307374
2.2118456e-05
-0.0024795982
-0.0316395
0.0009076935
-0.007915688
-0.27919748
0.069973044
0.20012729
0.32233834
187.3254
-187.66193
0.25036654
-0.22954293
-1.5556678
1.5475298
0.006601717
1.5507258e-05
-0.003389435
-0.0128320055
0.000426298
-0.015753387
-1.2990767
1.162018
0.1450786
0.16131298
391.40506
-391.5752
0.21005276
-0.16973637
-17.669132
17.65122
0.0017317582
4.02133e-06
-0.00017382656
-0.023709513
0.0006127493
-0.006389547
-0.43038276
0.26272112
0.16210745
0.1269253
412.83926
-412.9739
0.25165427
-0.20883058
-15.505271
15.482667
0.008620451
1.9791076e-05
-0.0022560253
-0.0028556501
0.00013758846
-0.0020005833
-0.87482476
0.82025343
0.059168942
0.25969708
64.32185
-64.593
0.2231273
-0.2145737
-13.182992
13.164748
0.0066116033
1.5009078e-05
-0.0033702024
-0.0076275794
0.00027408515
-0.004824381
-0.33420902
0.12676515
0.18914096
0.04670583
404.65982
-404.71146
0.24868064
-0.20669332
-11.626404
11.609734
0.006617666
1.4856264e-05
-0.00070866314
-0.033953413
0.0008241086
-0.012375681
-0.6621713
0.49655944
0.17473947
0.102650285
324.43643
-324.54642
0.23133428
-0.19734181
-12.24275
12.231242
0.0012104891
2.6876412e-06
-0.0028249456
-0.019566845
0.0005234889
-0.006690318
-0.7712039
0.7493148
0.019521095
0.26288348
278.7389
-279.01572
0.2142944
-0.18491533
-7.567255
7.553376
0.007560602
1.6604246e-05
-0.00067591603
-0.024800535
0.0005830313
-0.009354164
-0.99821776
0.8962733
0.09082705
0.029123878
453.3048
-453.34
0.13118993
-0.08564561
-14.548783
14.527643
0.009303663
2.0212257e-05
-0.002657427
-0.001302642
9.179628e-05
-0.014639022
-0.97574776
0.932492
0.029542072
0.276674
491.94
-492.2341
0.077990964
-0.029189665
-6.6989164
6.687884
0.0056751627
1.2197803e-05
-0.002306204
-0.011936225
0.00031288466
-0.009475288
-0.555796
0.431582
0.10811712
0.18440981
480.18552
-480.3838
0.2436906
-0.19437324
-15.589768
15.5690775
0.008524325
1.812795e-05
-5.1640152e-05
-0.02887072
0.00060513435
-0.009201884
-0.89608955
0.69836223
0.20618032
0.13260719
450.1258
-450.27023
0.15221989
-0.10676298
-16.300226
16.2816
0.0061850823
1.3015522e-05
-0.0018054976
-0.020317908
0.00045163895
-0.01163704
-1.5612004
1.5529166
0.012349653
0.31652212
427.34442
-427.68066
0.18711299
-0.14350761
-7.911838
7.896357
0.009482783
1.974786e-05
-0.0011003257
-0.026360214
0.0005374928
-0.011043858
-1.3962606
1.3270348
0.058901027
0.37874693
454.38928
-454.79086
0.1012119
-0.055828672
-1.3534024
1.3476233
0.0047349515
9.759051e-06
-0.00041858343
-2.3785062e-05
8.986809e-06
-0.0067907395
-1.2598436
1.2653799
-0.015601379
0.24176171
211.12216
-211.37738
0.06253068
-0.04128129
-23.573097
23.546495
0.009618302
1.9621706e-05
-0.0013134488
-0.022140238
0.0004289892
-0.00300126
-1.5263611
1.4152654
0.11633942
0.11765488
376.73456
-376.86346
0.081060305
-0.043503087
-16.613098
16.592512
0.00883367
1.7838704e-05
-0.0005825236
-0.010709178
0.00019866935
-0.012550347
-0.6732857
0.62561935
0.04115992
0.35335174
162.86356
-163.23476
0.06441912
-0.04784682
-7.662936
7.6530366
0.0045719696
9.139991e-06
-5.6095394e-07
-0.015675297
0.00026348807
-0.0006788201
-0.5987907
0.44078973
0.16655809
0.2586689
399.57648
-399.8537
0.21161355
-0.17047615
-5.963394
5.9583144
0.001042009
2.0623843e-06
-0.0021707965
-0.0022227226
7.288367e-05
-0.013155727
-0.07928471
-0.06405634
0.12841253
0.33390623
132.50154
-132.85204
0.18466142
-0.16984065
-15.08114
15.070033
0.0011029256
2.1613962e-06
-0.0019506968
0.0014667928
1.1564103e-05
-0.014366414
-0.14670758
0.015459266
0.11809837
0.11741682
365.0634
-365.19305
0.103195675
-0.06653254
-7.8410115
7.831985
0.0038781054
7.525433e-06
-0.001467047
-0.02211407
0.0003430751
-0.0046823453
-0.28285643
0.27574182
-0.0010824277
0.17309098
26.04119
-26.222094
0.05828549
-0.055140134
-17.808754
17.795958
0.0014090103
2.7075869e-06
-0.0014439409
-0.0075230184
0.00012601454
-0.0122138765
-1.0711079
1.059988
0.0010420127
0.031695895
277.4624
-277.50125
0.13000885
-0.101629525
-5.1033144
5.092926
0.0071043633
1.3520139e-05
-0.0012683062
-0.020400323
0.00028240483
-0.012189875
-0.5399618
0.51868516
0.0062243287
0.21777901
403.60394
-403.83987
0.20537068
-0.16390818
-21.242836
21.228502
0.0012401358
2.3374585e-06
-0.00025196708
-0.013933406
0.00017448142
-0.0019670632
-0.6129815
0.56213146
0.03474957
0.25492167
163.03236
-163.30165
0.0545421
-0.038063135
-0.5706177
0.56681466
0.0034174006
6.3799757e-06
-0.0015889099
-0.02182242
0.0002671999
-0.012716625
-0.9440785
0.9262729
0.007234917
0.35464987
292.0683
-292.44485
0.06723666
-0.03803249
-0.9643311
0.9560942
0.0075743883
1.4007105e-05
-0.0009199236
-0.015270292
0.00017142313
-0.012657148
-0.7937335
0.7400349
0.052418157
0.13572268
336.9765
-337.12622
0.2040948
-0.1691533
-5.6740613
5.6692424
0.001493219
2.7354577e-06
-0.001317936
-0.0092659285
0.00010472483
-0.00801093
-1.1112001
0.95562375
0.1514397
0.349907
295.59363
-295.9657
0.11619118
-0.08615049
-24.151466
24.131388
0.006167836
1.1193669e-05
-0.00056016986
-0.021958508
0.00019972725
-0.007971552
-0.15543357
0.12724191
0.009985972
0.1934627
387.1472
-387.3586
0.21470405
-0.17475611
-11.2825985
11.265063
0.011053491
1.9874618e-05
5.0912575e-05
-0.018662643
0.00014957943
-0.0063016284
-0.63413095
0.58397394
0.037312914
0.012164571
340.69452
-340.71603
0.16431609
-0.12942567
-22.100348
22.084938
0.0031500736
5.611844e-06
-0.00049281307
-0.020284884
0.00014852424
-0.013495253
-1.20168
1.1055387
0.08896903
0.17467973
62.76142
-62.944973
0.17811814
-0.17018417
-13.8536415
13.836464
0.009534088
1.6829628e-05
-0.0006100286
-0.016885452
0.00011004041
-0.0012386849
-0.48948637
0.46475098
0.020984929
0.059569135
170.60588
-170.67268
0.068634965
-0.051295407
-6.6591988
6.6445575
0.010955649
1.9163203e-05
-0.00021872844
-0.02316583
0.0001255304
-0.0037695926
-0.79130495
0.6715381
0.117927596
0.20305644
118.14728
-118.362144
0.055105917
-0.043005306
-0.30218995
0.29134983
0.010557127
1.8299279e-05
-0.0005553089
-0.014779871
6.8716945e-05
-0.010325237
-1.1096506
0.9772831
0.13004577
0.32484776
262.63745
-262.98352
0.10630326
-0.07958002
-6.507561
6.5040584
0.0001433824
2.463003e-07
-0.00052018586
-0.014438686
5.3376025e-05
-0.008598583
-1.0363067
0.963857
0.07291218
0.32884276
127.11507
-127.46154
0.055106357
-0.04211825
-12.864707
12.848854
0.009217958
1.5693031e-05
-0.00096276583
0.0010031508
1.737443e-07
-0.0126136355
-0.16347723
0.08922842
0.071724296
0.31858423
310.93582
-311.27725
0.09382471
-0.06251653
-27.757912
27.739859
0.004168842
7.0341507e-06
2.5401967e-05
-0.0017658114
3.1639163e-06
-0.0021813244
-0.14481579
0.0062750517
0.13214508
0.08784472
293.1324
-293.23285
0.047065116
-0.01798795
-13.039161
13.029774
0.0029571997
4.9456326e-06
-0.00065930386
-0.0035224906
3.3044341e-06
-0.0048082126
-1.158746
1.1388198
0.011659293
0.09515016
347.00928
-347.11908
0.12731509
-0.092173815
-21.66914
21.653362
0.005272537
8.740285e-06
-6.252234e-05
-0.017257622
-3.4728723e-06
-0.003329986
-0.06860221
-0.032120038
0.08521789
0.29911208
252.77621
-253.09593
0.18542987
-0.1588752
-7.271679
7.257612
0.010496658
1.7248085e-05
-0.00025421474
-0.012002256
-1.423988e-05
-0.008247311
-0.40938863
0.29187423
0.11377877
0.29519162
277.36844
-277.685
0.08445279
-0.056516167
-19.904528
19.894192
0.0010453768
1.7028055e-06
-0.0010048058
-0.007080534
-1.7300794e-05
-0.003922659
-1.0235997
0.9599592
0.063173845
0.12220215
143.46243
-143.59442
0.059752703
-0.045144513
-11.025238
11.0167265
0.0034190242
5.520961e-06
-0.0001144216
-0.0056335134
-1.8098845e-05
-0.0070349434
-0.88737255
0.8756193
0.01559495
0.057043433
45.412395
-45.473347
0.16441402
-0.15832368
-14.941596
14.933327
0.0015127301
2.4216508e-06
-0.00017861206
-0.0037568642
-1.6170496e-05
-0.007844452
-0.42595
0.4105258
0.01613072
0.08538703
156.6211
-156.71541
0.07304722
-0.05702553
-0.59389
0.5846965
0.008827361
1.4009895e-05
-0.00036314278
-0.002222866
-1.3189641e-05
-0.0058787935
-0.79147315
0.6507416
0.14368713
0.15371765
83.11499
-83.27797
0.02716887
-0.018772261
-0.65091616
0.64067954
0.009838266
1.5480766e-05
-0.00043565102
-0.0064675556
-4.2081738e-05
-0.011196772
-1.0201151
1.0122653
0.008375444
0.036354594
256.39792
-256.44464
0.12516366
-0.09888981
-17.316793
17.302814
0.006464864
1.0085982e-05
-0.0008697974
-0.004390505
-3.7485068e-05
-0.0080029
-0.15271209
0.03617869
0.10213496
0.0067130383
156.71764
-156.72993
0.039240703
-0.023557996
-27.68098
27.660719
0.008469721
1.3101692e-05
-0.0009868896
-0.014918591
-0.0001284445
-0.0076473868
-0.8587015
0.76260364
0.10869621
0.26622555
109.35231
-109.63385
0.14160569
-0.12948702
-21.889418
21.877575
0.0027141147
4.1629387e-06
-0.00070598896
-0.0007863124
-1.4071031e-05
-0.006472669
-1.020282
0.931361
0.09538077
0.2093227
196.03574
-196.26106
0.024362864
-0.0049740192
-20.194668
20.178831
0.007491307
1.1393474e-05
-0.00011647062
-0.012133839
-0.00012420058
-0.010838317
-0.91051984
0.79561543
0.11516696
0.015612572
89.39095
-89.410385
0.023350853
-0.014394685
-26.441956
26.431124
0.00019041027
2.8716286e-07
-3.2325577e-05
-0.0076960037
-8.6451604e-05
-0.005422274
-0.073814884
-0.009609066
0.08174497
0.17344631
351.0901
-351.28403
0.0915258
-0.05634032
-2.0942698
2.087459
0.005913781
8.8441175e-06
-0.00037974038
-0.0005369786
-1.2145626e-05
-0.006126193
-0.71243876
0.6209346
0.090046756
0.19857733
293.7022
-293.9202
0.1338996
-0.103883415
-17.062637
17.047579
0.0083189765
1.23373475e-05
-0.00036723068
-0.00747966
-0.00010359094
-0.0067305365
-1.1542784
1.0588621
0.10050784
0.21850985
10.374757
-10.602914
0.020431247
-0.01919153
-17.059294
17.047813
0.0048899953
7.1917375e-06
-0.00029890097
-0.014347112
-0.0002077965
-0.0064490503
-1.144075
1.084428
0.06657212
0.14740957
305.78418
-305.94962
0.17258269
-0.14100443
-3.115368
3.1093822
0.004756606
6.937549e-06
-0.0007013945
-0.010426462
-0.00016954583
-0.0068942136
-0.15009716
0.08082068
0.055097338
0.115008846
354.81766
-354.95126
0.10309801
-0.067439154
-7.4862733
7.4794655
0.0039831223
5.7613665e-06
-0.00041967278
-0.0153468205
-0.00025677157
-0.005548915
-0.24614365
0.1995496
0.03644319
0.110959895
166.52184
-166.64397
0.06333673
-0.046445366
-5.127116
5.1198835
0.0052985856
7.600875e-06
-0.0002612896
-0.016383227
-0.00028759206
-0.0074033793
-0.024711322
-0.098799154
0.11129368
0.21426827
25.625416
-25.849651
0.0449807
-0.04200702
-0.081620015
0.08049274
0.0010854683
1.5442969e-06
-0.00021044727
-0.015106283
-0.0002811089
-0.004121616
-0.93798107
0.9102944
0.027494315
0.13960937
152.19887
-152.35048
0.024059229
-0.008957192
-18.056696
18.04
0.0101942755
1.4384258e-05
-0.0002285383
-0.0051970975
-0.00010572269
-0.0035579447
-0.14446296
0.07332568
0.07422323
0.124190755
213.56705
-213.7053
0.095067
-0.07326662
-8.270209
8.267044
0.0002797459
3.914886e-07
-1.6673035e-05
-0.0058826925
-0.000120297846
-0.007247204
-0.24411617
0.23076569
0.009851344
0.23853128
35.99504
-36.245213
0.066858135
-0.06265063
-5.272566
5.2669725
0.0037442076
5.1969187e-06
-0.00043913285
-0.011752392
-0.00026110938
-0.0029989497
-0.6708641
0.63896227
0.03324306
0.21841593
111.91239
-112.144775
0.03675422
-0.025446367
-13.995112
13.988473
0.0018988529
2.614048e-06
-0.00034757107
-0.008280564
-0.00019379897
-0.006622476
-0.15091464
0.097612806
0.052611064
0.19130905
10.489937
-10.689863
0.0102521945
-0.009106467
-25.443941
25.426813
0.0085906945
1.1729828e-05
-0.00018788796
-0.013951598
-0.0003316409
-0.0030896284
-0.3549596
0.31182972
0.032738075
0.24839601
194.46132
-194.72841
0.12979297
-0.10949505
-21.496155
21.482277
0.0067834086
9.18664e-06
-0.0003747762
-0.0036473633
-9.997016e-05
-0.009308955
-0.875099
0.8346112
0.0372586
0.14103207
293.57257
-293.73206
0.06043827
-0.031181224
-14.194152
14.187116
0.0024497912
3.2906896e-06
-0.0003911455
-0.0065520285
-0.00017839386
-0.0064190063
-1.070632
1.0764
0.00045480215
0.24062884
2.5148509
-2.765883
0.1158282
-0.11439412
-18.854101
18.841185
0.006874017
9.158415e-06
-0.00048952794
-0.008540527
-0.00024061248
-0.008456388
-0.90183395
0.8265321
0.07568396
0.06780635
316.2333
-316.31763
0.077146746
-0.045519214
-7.635235
7.626155
0.0066291722
8.760386e-06
-0.000539695
-0.011602979
-0.00033618673
-0.003683685
-0.9798992
0.94843733
0.026605051
0.083414406
137.98409
-138.07695
0.059391193
-0.04532697
-2.3828406
2.3790283
0.003047897
3.9950305e-06
-9.771808e-05
-0.00068504055
-2.3303613e-05
-0.0067754677
-0.07085139
0.00202669
0.053654104
0.16941415
187.86035
-188.04517
0.12782463
-0.10819914
-28.979532
28.967648
0.0031244478
4.0620916e-06
-8.5524385e-05
-0.0025264116
-7.827426e-05
-0.006209893
-0.8797725
0.82143193
0.061212573
0.17322613
103.142204
-103.32739
0.104338065
-0.0932116
-7.8093762
7.80116
0.005835016
7.524459e-06
-0.0003838338
-0.0049980413
-0.00016593935
-0.0044643236
-1.0332712
1.0252728
0.012505433
0.11893494
133.138
-133.26797
0.070219934
-0.056516226
-8.774436
8.759335
0.012401081
1.5861673e-05
-0.0003042235
-0.012258945
-0.0003977806
-0.004667357
-0.51238644
0.47882557
0.034675807
0.11812811
10.2253895
-10.348997
0.11286939
-0.11072578
-25.80524
25.78508
0.012627962
1.6020565e-05
-6.281147e-05
-0.00040957186
-1.5525253e-05
-0.0039526247
-0.7879546
0.7334349
0.057222523
0.21742019
57.445045
-57.674366
0.10918324
-0.10246102
-20.761345
20.74897
0.0064472095
8.112772e-06
-0.00041613914
-0.006909072
-0.0002467411
-0.0016731735
-0.08324822
0.06742597
0.008040805
0.14263822
224.22198
-224.38097
0.14850147
-0.12512514
-5.502951
5.496355
0.0050107883
6.25394e-06
-0.00022015125
-0.00022363773
-1.6318603e-05
-0.0029671334
-1.0280709
0.91949743
0.11881328
0.084350355
74.82172
-74.913086
0.11124738
-0.10282328
-7.274513
7.262522
0.009893123
1.2246942e-05
-0.00013859673
-0.010225127
-0.00036819745
-0.0042303456
-0.55986845
0.45276046
0.10446439
0.036524612
141.94946
-141.99403
0.024435425
-0.010341235
-12.233777
12.227646
0.0028135276
3.4545203e-06
-9.616255e-05
-0.01145589
-0.00042229067
-0.0059870873
-0.5798488
0.5575609
0.019720273
0.22013184
107.927475
-108.16203
0.031584818
-0.020718507
-17.534811
17.521194
0.008886154
1.0821502e-05
-7.855208e-05
-0.009754071
-0.000368454
-0.006907295
-0.2437997
0.14087795
0.09247973
0.060364082
248.69772
-248.77225
0.07947346
-0.054412592
-2.8191023
2.810849
0.0074367174
8.982272e-06
-0.00022044404
-0.007712113
-0.0003056312
-0.004953618
-1.0011607
0.9539845
0.04485486
0.060396045
99.66793
-99.73551
0.0471519
-0.03695118
-7.0751314
7.069716
0.0035683427
4.274604e-06
-0.00024358812
-0.009089387
-0.00036800746
-0.0054999855
-0.45019352
0.36056834
0.084851444
0.17240939
66.72649
-66.909325
0.12982939
-0.121999666
-23.381086
23.367428
0.0076980134
9.145863e-06
-0.00030871967
-0.007974567
-0.0003340045
-0.003151651
-0.28839093
0.2083741
0.07907315
0.0762445
283.58218
-283.67538
0.054488692
-0.026275389
-31.189533
31.170729
0.010972971
1.2929405e-05
-5.7834393e-05
-0.0013950616
-6.0571063e-05
-0.0038720695
-0.7157369
0.70283973
0.014140736
0.100538306
206.68317
-206.798
0.06566147
-0.044833697
-15.576192
15.562443
0.00985839
1.1520175e-05
-0.0002454548
-0.006209698
-0.00027215248
-0.005788711
-0.45729378
0.3586606
0.095400736
0.0243631
24.109915
-24.136337
0.057082076
-0.054154802
-22.193
22.1765
0.011079535
1.2839941e-05
-0.00022929502
-0.010164465
-0.00044777768
-0.0062019043
-0.7123193
0.61099833
0.09840443
0.0046951585
223.24702
-223.26268
0.09009051
-0.067411974
-4.7848487
4.7796264
0.0040560584
4.661469e-06
-0.0002224101
-0.0069274968
-0.00031390542
-0.0032305238
-0.9221276
0.83673424
0.09495213
0.04003998
6.334382
-6.3764243
0.12130035
-0.119460166
-4.277538
4.272048
0.0044548484
5.077108e-06
-8.02366e-05
-0.005336361
-0.00024241144
-0.00096041826
-0.21539639
0.19148503
0.02034046
0.093460105
285.8733
-285.98502
0.103614986
-0.0746841
-1.7086357
1.70718
0.0010571232
1.194705e-06
-8.8055414e-05
-0.00020008569
-1.3633826e-05
-0.006581971
-0.11386119
0.013181865
0.0957046
0.007855709
267.07684
-267.0983
0.02698855
-0.0006693818
-6.6431594
6.635952
0.005666439
6.3501275e-06
-7.7277946e-05
-0.010286507
-0.00048123507
-0.006005856
-0.018352501
-0.052420918
0.070952386
0.067966476
4.4717197
-4.542796
0.058868103
-0.05783388
-1.7350674
1.7329777
0.001692316
1.8805094e-06
-0.00011791163
-0.008271235
-0.00039688314
-0.0015548206
-0.34652823
0.33265787
0.0050575365
0.019332344
111.33379
-111.35946
0.0896603
-0.07789998
-4.2944684
4.292113
0.0014181484
1.5625038e-06
-5.7107132e-05
-0.010266346
-0.0004966792
-0.0052703912
-0.04295399
-0.042311016
0.07626991
0.039583504
96.80549
-96.85155
0.11728928
-0.10666645
-21.093695
21.084354
0.004840924
5.288292e-06
-7.9634905e-05
-0.00018010435
-1.3129076e-05
-0.005411444
-0.92363316
0.8359823
0.088919036
0.040843617
51.89633
-51.94145
0.09198751
-0.08599849
-4.3346224
4.330977
0.0027184936
2.9443152e-06
-0.00013960601
-0.0075512095
-0.00038248132
-0.004949889
-0.83518076
0.80498904
0.026979273
0.08384376
271.00253
-271.10382
0.104968764
-0.07747696
-9.232394
9.226714
0.003767494
4.0453615e-06
-3.936425e-05
2.5178702e-05
-9.853933e-07
-0.003457048
-0.37277758
0.3435473
0.032032944
0.032004263
110.04932
-110.08839
0.11356297
-0.10168707
-26.000776
25.985472
0.010011472
1.0656885e-05
-4.1532418e-05
-0.011140469
-0.00057243614
-0.0040320503
-0.72550654
0.6992805
0.030142996
0.029084908
267.30643
-267.35068
0.12531097
-0.097981416
-15.076667
15.064875
0.008753576
9.236826e-06
-6.60213e-05
-0.009781486
-0.0005112073
-0.0042109764
-0.7045972
0.6629932
0.041631244
0.19426587
91.79432
-92.001656
0.063752726
-0.054140933
-18.03534
18.023228
0.008557156
8.950509e-06
-6.226083e-05
-0.0009607751
-5.3944954e-05
-0.0038919677
-0.5881784
0.5820513
-0.0037012622
0.12963077
62.031975
-62.170265
0.043661688
-0.03716074
-31.808222
31.798676
0.0035351214
3.6650358e-06
-6.388189e-05
-0.008305333
-0.00044652843
-0.003417336
-0.7048417
0.64097714
0.05972271
0.057022873
105.92796
-105.99289
0.09349892
-0.08222431
-18.31731
18.30145
0.012347988
1.2688167e-05
-4.965143e-05
-0.006936285
-0.00037724324
-0.0032899268
-0.79309535
0.79845345
-0.0030698224
0.17884722
181.70885
-181.90501
0.118709676
-0.09977955
-30.490307
30.478535
0.006196596
6.3103907e-06
-6.408784e-05
-0.0036484476
-0.00020302329
-0.006176731
-0.80633587
0.72966737
0.079323635
0.11842445
153.63203
-153.76367
0.10840533
-0.092323
-7.522671
7.512013
0.0092253685
9.310163e-06
-6.2527084e-05
-0.009008978
-0.000501695
-0.0059843203
-0.6561801
0.5856134
0.06712239
0.16602089
184.39034
-184.57324
0.08643821
-0.06757224
-22.661224
22.646988
0.010200247
1.0200539e-05
-4.9687103e-05
-0.008736381
-0.0004912477
-0.0006998739
-0.81040776
0.787512
0.017471744
0.08823262
206.07356
-206.1766
0.06187442
-0.041148625
-9.756278
9.7516575
0.0029341958
2.907415e-06
-3.5605575e-07
-0.0019374017
-0.00010943046
-0.0036714962
-0.31352153
0.2767495
0.033999216
0.00865605
78.08549
-78.09869
0.03621932
-0.028240258
-6.4779677
6.4637523
0.012998398
1.276081e-05
-2.5013422e-05
-0.0070785526
-0.0004055628
-0.0014527609
-0.059880618
-0.030472182
0.08472746
0.064587764
175.15706
-175.2339
0.09128681
-0.073283374
-17.798382
17.785074
0.010312214
1.0029367e-05
-4.3664633e-05
-0.007322748
-0.00042459994
-0.0012120176
-0.34592205
0.25399017
0.090941936
0.09619366
234.27693
-234.39003
0.052085873
-0.028707804
-16.034582
16.02971
0.0022964526
2.2124507e-06
2.4288527e-06
-0.0075115114
-0.0004367684
-0.006308896
-0.8097111
0.74926686
0.059667025
0.04112134
92.23394
-92.28176
0.05476401
-0.045216054
-24.039423
24.032175
0.0034840538
3.3247145e-06
-3.2663705e-05
-0.0021090603
-0.00012573104
-0.0025896155
-0.0521648
-0.0021931326
0.045169786
0.035206463
174.55553
-174.60175
0.044588502
-0.027115922
-14.996206
14.983595
0.010226237
9.664859e-06
-2.9493453e-05
-0.0033211915
-0.00019837375
-0.0027984153
-0.4797617
0.46395957
0.014223597
0.12380158
133.71606
-133.85254
0.0541522
-0.04055712
-6.883445
6.8808494
0.0015599616
1.4600184e-06
-1.1011772e-05
-0.009168583
-0.00054745784
-0.0043088924
-0.7572401
0.69180363
0.07504761
0.08597634
212.78343
-212.885
0.030985462
-0.009916861
-26.63428
26.619654
0.010661637
9.880642e-06
-2.3033104e-05
-0.0047117057
-0.00028451794
-0.004825887
-0.8125944
0.77553695
0.036286656
0.09392672
58.57103
-58.672165
0.08522079
-0.07864465
-22.21344
22.208336
0.0019529407
1.7919131e-06
-9.738169e-07
-0.0032215347
-0.0001949776
-0.0028840757
-0.10804249
0.049292732
0.050882984
0.030658692
0.7188968
-0.75075823
0.05663511
-0.05599353
-1.1290057
1.1177638
0.010967271
9.961852e-06
-1.08782715e-05
-0.0049982644
-0.00030510686
-0.0050498564
-0.4899522
0.47420287
0.01491507
0.09193631
177.97345
-178.07933
0.1133515
-0.094850555
-17.11023
17.106232
0.0016862345
1.5160635e-06
-9.909242e-06
-0.006960226
-0.0004271055
-0.003972921
-0.4789458
0.46319914
0.016559266
0.14536732
165.2474
-165.40842
0.025994617
-0.00960594
-11.096597
11.085343
0.00970071
8.631817e-06
-5.042882e-06
-0.006871062
-0.0004237383
-0.002870069
-0.6799309
0.62079376
0.055713646
0.14417197
242.97658
-243.14067
0.1255227
-0.100556344
-14.315201
14.304172
0.009114884
8.025785e-06
-1.7148457e-06
-0.0061375652
-0.00038036684
-0.0048417225
-0.63801503
0.5841527
0.05569726
0.026330773
234.26694
-234.30774
0.08958617
-0.06584187
-4.1139126
4.1059213
0.007404429
6.4506066e-06
-3.6637048e-06
-0.0005624401
-3.5248006e-05
-0.002515201
-0.75705963
0.7463135
0.012855062
0.1056421
3.2083278
-3.3186424
0.03605087
-0.03536555
-25.300879
25.293278
0.0045258924
3.9004753e-06
-2.0535456e-06
-0.0027178896
-0.00017009099
-0.0048204535
-0.17574067
0.16937824
0.004881682
0.16232468
110.66029
-110.83596
0.111674994
-0.099747956
-15.460051
15.455428
0.0027984348
2.3853977e-06
-6.0341455e-07
-0.0033629301
-0.00021120989
-0.004391163
-0.49640268
0.44547135
0.050883412
0.14967951
219.70961
-219.87839
0.10872005
-0.08619125
-17.30141
17.294899
0.004514552
3.8055455e-06
-7.1281823e-07
-0.0050661764
-0.0003193388
-0.0026241916
-0.039131176
0.035753243
-0.004166706
0.18517998
81.09526
-81.29306
0.074964106
-0.06628601
-4.644185
4.6366677
0.0069369385
5.781583e-06
-5.662189e-07
-0.008042229
-0.0005085426
-0.0031807122
-0.05552774
0.022706166
0.023014642
0.12738386
64.9544
-65.09091
0.06850175
-0.061468247
-0.9953277
0.9880437
0.0071023037
5.8515457e-06
-1.74463e-10
-0.004440576
-0.0002815726
-0.0032594767
-0.3991515
0.32822484
0.07273538
0.14985716
133.66525
-133.82939
0.021171082
-0.007910775
-21.428766
21.420061
0.006451816
5.2536e-06
3.233492e-10
-0.86960536
-0.0978636
-0.0008897125
-0.0006445311
-0.013748141
1.0126412
-0.82927185
-28.489363
28.534006
-7.485738e-06
27.445944
-27.451616
-0.028396804
0.006473926
