0.898592
0.22571269
0.06899889
0.9893801
0.16600254
0.85078627
0.6319386
0.5062213
0.41463625
0.54756963
0.8245421
0.58385545
0.03977876
0.42605585
0.62187177
0.6027734
0.29880613
0.7048962
0.9157283
0.6441935
0.041981034
0.9511125
0.25336143
0.28337982
0.9851256
0.5823166
0.080029905
0.8144573
0.5512567
0.09925545
0.28673527
0.07172743
0.86931473
0.73858887
0.41542122
0.003975944
0.16362111
0.07416739
0.0152218705
0.5395414
0.19011511
0.18759803
0.7222203
0.9392734
0.617311
0.23342296
0.8573619
0.9041252
0.16985293
0.5563012
0.3759448
0.995975
0.4677384
0.25978345
0.7232954
0.7693377
0.8195943
0.6214561
0.2553172
0.2681563
0.6301463
0.400844
0.09122318
0.35131985
0.4744316
0.82377857
0.9609016
0.41271093
0.9169132
0.17623626
0.9127982
0.05147984
0.039680496
0.7752565
0.8752026
0.5976255
0.62605983
0.80853325
0.7604751
0.86217374
0.895342
0.9883531
0.64796674
0.39697596
0.31439793
0.8722416
0.73434985
0.73836756
0.5908633
0.43369174
0.6274104
0.4806797
0.6580946
0.12878872
0.5398431
0.5071387
0.028849501
0.23839173
0.64788604
0.13639875
0.786065
0.7402086
0.4976968
0.26044786
0.9460227
0.13927133
0.279196
0.17167291
0.36118343
0.9411907
0.70616037
0.93254465
0.935808
0.8641547
0.9186917
0.2785898
0.1019825
0.018853476
0.62619126
0.8615337
0.6880036
0.54444623
0.49189687
0.1777065
0.36111835
0.7883619
0.342764
0.22058292
0.15708852
0.1790365
0.29834992
0.8048768
0.8253386
0.16343832
0.17787671
0.11859266
0.82320493
0.88874555
0.4805922
0.64227736
0.7400735
0.3112582
0.10436663
0.07207094
0.3407627
0.86494845
0.75438917
0.44095734
0.5631871
0.26532233
0.27264512
0.5231216
0.8546723
0.8339815
0.5642426
0.52788085
0.3666806
0.14502802
0.8067487
0.72872096
0.29600313
0.6438265
0.6650631
0.8911362
0.0009893592
0.37949544
0.6128761
0.967617
0.08367857
0.35293093
0.37847358
0.0028625382
0.791702
0.5833551
0.25068584
0.061148647
0.87308365
0.44456547
0.19565804
0.65766054
0.9941574
0.47359148
0.20614155
0.32146502
0.008292261
0.60920054
0.808959
0.7881286
0.7274631
0.5429323
0.4729151
0.69265324
0.5654545
0.12522154
0.15716167
0.7855914
0.8563592
0.77673393
0.96176785
0.82660854
0.15583074
0.5546936
0.13746844
0.064176545
0.4661117
0.34034675
0.612753
0.017223423
0.60665256
0.82522386
0.5245291
0.9865978
0.013784583
0.43897435
0.519632
0.9059311
0.88473564
0.9256818
0.75844485
0.5597001
0.9800861
0.67878264
0.673635
0.8920704
0.7112193
0.48226213
0.8328219
0.21589507
0.7677339
0.03359681
0.30743718
0.5700409
0.48108682
0.78220654
0.6797866
0.20735857
0.20417899
0.94887537
0.14130794
0.01333862
0.5773721
0.79802877
0.4385827
0.35058957
0.847014
0.4643982
0.5511838
0.20971854
0.4257202
0.33839837
0.09936781
0.3164363
0.8807829
0.86907506
0.46151105
0.40156323
0.87715286
0.06521075
0.8925065
0.46858156
0.5881485
0.30236247
0.49866977
0.06349135
0.7116899
0.7175929
0.8069866
0.823956
0.85532755
0.35882038
0.57886994
0.5233734
0.016467264
0.46368974
0.44386855
0.5548356
0.55952513
0.15077102
0.5154691
0.9115136
0.6456476
0.4316647
0.38715363
0.44921896
0.51521724
0.06908879
0.120045096
0.21296023
0.75076133
0.52168053
0.69879824
0.28855565
0.43393502
0.6018269
0.8601865
0.9365745
0.34869158
0.56480604
0.7194778
0.6769541
0.70650125
0.19756077
0.99439067
0.9500141
0.009686909
0.20092115
0.60099465
0.7369045
0.30547148
0.76771575
0.88094366
0.69412875
0.5522355
0.6983148
0.3690238
0.21639636
0.28954193
0.27860254
0.89045686
0.3510239
0.0074667158
0.40544653
0.6754299
0.8180483
0.2495544
0.574887
0.6994043
0.3310813
0.5954626
0.31883413
0.89662796
0.77094847
0.8444139
0.9295309
0.7628589
0.8264454
0.6613003
0.7131898
0.63222766
0.86530733
0.57250667
0.1621256
0.2642015
0.46851698
0.3747289
0.5777112
0.060891002
0.19715713
0.021463897
0.64628196
0.5795382
0.35382396
0.08245306
0.45852625
0.52887774
0.9228573
0.26139185
0.5335526
0.073260985
0.29332286
0.099206686
0.74481064
0.07547304
0.2276697
0.07883593
0.3400791
0.15060858
0.31106642
0.30719602
0.639194
0.09582596
0.908973
0.6749755
0.25263852
0.6954572
0.20372199
0.21815361
0.6336603
0.08152305
0.36246955
0.77021825
0.36903515
0.018096678
0.72398746
0.6874044
0.39039508
0.9221043
0.037236128
0.5853942
0.97906524
0.8577056
0.19184563
0.26325217
0.14086002
0.35666564
0.91620046
0.43235928
0.7984545
0.6470276
0.40745533
0.3379332
0.7094256
0.19414547
0.7864243
0.27443975
0.11296939
0.09611072
0.16507438
0.97410095
0.18114913
0.57806104
0.87285036
0.9294356
0.9988328
0.04608267
0.35630035
0.2058437
0.74392927
0.5917876
0.14064182
0.73090065
0.23330759
0.5826048
0.06385562
0.035728518
0.31738397
0.098409615
0.8321886
0.5194054
0.39187878
0.6683346
0.65173554
0.22618304
0.76040125
0.6539003
0.9765903
0.17717022
0.7119968
0.64952594
0.3469963
0.12633981
0.6370475
0.29843453
0.47582054
0.5979578
0.7010341
0.9214989
0.5112083
0.7742607
0.24373063
0.08937752
0.5879469
0.6578983
0.1147959
0.3496367
0.028618794
0.13454524
0.95795494
0.116064034
0.06597978
0.6326987
0.949683
0.6584973
0.17588827
0.91659707
0.6274098
0.46936667
0.6930256
0.012786388
0.476394
0.56086034
0.15952888
0.025295503
0.057073135
0.9134623
0.42041624
0.10241063
0.5116588
0.33718258
0.5649648
0.27478275
0.8349547
0.8339761
0.70519656
0.5681316
0.53235406
0.937628
0.24819648
0.14940602
0.06985392
0.6288539
0.5759219
0.95487905
0.10117471
0.14517024
0.7565687
0.41431978
0.75350493
0.5693182
0.7775566
0.17071727
0.28905544
0.44446275
0.09098863
0.10743898
0.94038105
0.7588528
0.3826083
0.3744399
0.8063173
0.21184433
0.61028886
0.29139924
0.32832384
0.93762904
0.9253865
0.21782069
0.6517107
0.81440574
0.50042284
0.5935234
0.8249995
0.32929993
0.7932596
0.35286906
0.04006382
0.10572982
0.18723424
0.32491833
0.046797775
0.9284453
0.4622419
0.91519254
0.65798706
0.38772985
0.34009603
0.59467703
0.67953354
0.78660667
0.6248225
0.24939677
0.4289918
0.0730786
0.6680775
0.15084283
0.90539825
0.76321954
0.86699635
0.8831674
0.6027881
0.43337515
0.5426103
0.42822653
0.21001187
0.7831893
0.2881558
0.71493316
0.96859074
0.16779096
0.17844337
0.8425945
0.11387872
0.18007647
0.2857507
0.8037982
0.533909
0.6726156
0.88518167
0.62429696
0.6875944
0.3787715
0.76383007
0.0068261684
0.32872576
0.34056884
0.19829069
0.52087295
0.77669007
0.648257
0.27227357
0.88944983
0.8258398
0.4138655
0.52161384
0.5436361
0.24178645
0.8198534
0.45231798
0.24546064
0.8300416
0.59411
0.26662055
0.91706955
0.024759594
0.31459883
0.075217634
0.27001128
0.45501032
0.5176635
0.2928831
0.4637183
0.8770897
0.29342538
0.17452621
0.5055541
0.89336675
0.9209353
0.5526734
0.69059044
0.21232039
0.22634539
0.10081238
0.8064387
0.8264227
0.10900005
0.4056809
0.020433368
0.4592953
0.26505464
0.955062
0.40105867
0.8985857
0.12071316
0.33702883
0.49409685
0.45523196
0.44991577
0.8005325
0.3120395
0.56086135
0.31710172
0.23355663
0.9037415
0.84244335
0.5435566
0.70722324
0.48355716
0.8430965
0.98560023
0.771333
0.30669287
0.7505493
0.49818903
0.24863674
0.25877166
0.4782691
0.54978734
0.72367877
0.81131536
0.2062916
0.8043159
0.4569529
0.6854786
0.62513953
0.57914966
0.07160482
0.1762615
0.32894987
0.15277848
0.2362853
0.7672478
0.46052974
0.9958193
0.1918733
0.076627366
0.33336604
0.096824326
0.37548634
0.083017126
0.6036623
0.47883984
0.122072905
0.5170868
0.67179316
0.396666
0.61416715
0.40032014
0.48389184
0.5305133
0.8536137
0.14785251
0.5076057
0.63267636
0.061447736
0.7469165
0.7458714
0.18630691
0.19687945
0.47365233
0.33885986
0.20531173
0.91582686
0.43552002
0.25111282
0.9630945
0.9895729
0.99881506
0.14429714
0.7396838
0.7831338
0.7966599
0.7178822
0.5897651
0.93982244
0.46242303
0.07968932
0.45400143
0.6198134
0.5692069
0.070401154
0.37470245
0.3968969
0.8315624
0.51513404
0.71551245
0.75794137
0.38318235
0.460388
0.60929376
0.558717
0.5910069
0.92357457
0.71172607
0.96258247
0.42880782
0.6629569
0.622033
0.7705037
0.2812898
0.3984689
0.31162852
0.56973785
0.22982822
0.09914771
0.25882363
0.6386374
0.44234335
0.31751227
0.22638611
0.7830996
0.6150363
0.31115502
0.17923826
0.5692477
0.07695416
0.28986567
0.71053624
0.24229197
0.599211
0.14812775
0.8807532
0.5149028
0.8015321
0.3293248
0.023370024
0.7260343
0.84529954
0.9920203
0.58182627
0.14450191
0.102612354
0.46994808
0.64525056
0.52927196
0.37103933
0.91823155
0.13135901
0.14063232
0.21459793
0.70545644
0.12810035
0.5280878
0.59949356
0.49404842
0.55704707
0.4482239
0.27012673
0.856755
0.6502737
0.3161833
0.28968793
0.3815037
0.17183848
0.49259308
0.019173902
0.1184039
0.6184407
0.09771056
0.9818217
0.17762613
0.5088333
0.38671425
0.3822148
0.9098233
0.18365288
0.5817036
0.28802696
0.35809776
0.78167117
0.196114
0.47027692
0.16615531
0.5218392
0.2396868
0.049297508
0.39120018
0.5091802
0.655712
0.15495954
0.93999106
0.85194105
0.40961492
0.6384799
0.5867204
0.43025112
0.6669508
0.36900422
0.1892248
0.067940004
0.50325435
0.15459773
0.12724374
0.54822737
0.74102324
0.709316
0.104644105
0.67996144
0.6107844
0.6814928
0.17019272
0.19136493
0.62476057
0.81489575
0.9249849
0.7275541
0.02016679
0.48953804
0.0132853575
0.7637519
0.49877807
0.38741025
0.829979
0.96622795
0.3470489
0.20523469
0.703837
0.23423208
0.08279178
0.80876166
0.744256
0.38072056
0.39221057
0.38449755
0.5812466
0.1511841
0.04278433
0.3025795
0.56814194
0.32001644
0.866158
0.44995737
0.25344205
0.3869475
0.4962824
0.9782071
0.90227866
0.09771311
0.9996631
0.62208277
0.41082826
0.9941264
0.047643617
0.3482137
0.8326165
0.39924005
0.11400616
0.61418617
0.1896078
0.17422824
0.71559256
0.5605409
0.55714417
0.616549
0.33646107
0.9598445
0.2706655
0.8694379
0.40161774
0.4855052
0.6913142
0.15357539
0.9107519
0.43569693
0.47335932
0.29852638
0.5679854
0.5030676
0.15984666
0.64380604
0.3900706
0.98656213
0.11061602
0.5746066
0.50405246
0.6083085
0.87585235
0.10495391
0.6425525
0.34625518
0.11825561
0.7756859
0.042922754
0.117022306
0.39546627
0.48907638
0.25589526
0.26988667
0.388402
0.2782344
0.2710513
0.4754785
0.9476614
0.20052265
0.87882304
0.4183225
0.7315547
0.7605652
0.574277
0.8949551
0.050813545
0.08060685
0.4669132
0.4084638
0.44104537
0.3464808
0.18839085
0.6537491
0.27977067
0.2479231
0.4537611
0.21760865
0.263539
0.36948615
0.29690877
0.45034233
0.8624387
0.16072641
0.5935406
0.26985797
0.36861885
0.803974
0.07498623
0.10390327
0.30086726
0.19324327
0.9481735
0.28388092
0.0042285575
0.61534065
0.5839516
0.74452806
0.7805641
0.3531177
0.35799533
0.20751476
0.8869116
0.20735055
0.696297
0.30472428
0.8579577
0.29763728
0.6376083
0.18675348
0.13736695
0.50714016
0.3012876
0.0716068
0.65422666
0.24001734
0.8907512
0.38889426
0.85666656
0.34133938
0.11836638
0.0008440222
0.26074135
0.1102972
0.08330146
0.31488907
0.9250331
0.561242
0.11132003
0.8847259
0.3684712
0.1652717
0.65826565
0.46371943
0.753206
0.59649736
0.8506822
0.94511014
0.6969732
0.9031722
0.26766324
0.35431972
0.95882654
0.96508026
0.19355454
0.9063177
0.66859406
0.858379
0.10199738
0.3404945
0.23183647
0.8214812
0.31086528
0.8923774
0.53084856
0.3026532
0.6329253
0.41221893
0.17994998
0.41265625
0.92816776
0.032992326
0.3333784
0.32567683
0.1269252
0.09265943
0.6429061
0.3240249
0.78343725
0.7143398
0.8066753
0.79563844
0.7148254
0.20435125
0.2676614
0.16138218
0.19686623
0.6880423
0.75193506
0.9240696
0.5194124
0.8666063
0.15550111
0.3842212
0.74957633
0.58935416
0.98919207
0.5025694
0.482165
0.7106602
0.22918922
0.33082932
0.88161165
0.30366975
0.8606854
0.97180456
0.68357533
0.0910404
0.3159536
0.72848064
0.5804496
0.06633553
0.38239846
0.37815845
0.013838339
0.38098237
0.723915
0.473608
0.8646753
0.14349416
0.63982415
0.71665317
0.78590894
0.34584254
0.83630216
0.257367
0.95403975
0.7694991
0.20109628
0.35331196
0.14929108
0.03694923
0.14878136
0.12181376
0.37844715
0.96190405
0.10276711
0.98222965
0.9317892
0.63087505
0.7068135
0.99301225
0.34668827
0.5077002
0.089821756
0.55915797
0.043612342
0.861242
0.34966546
0.26741245
0.91988546
0.607275
0.06145822
0.09744355
0.92944443
0.54807246
0.30770522
0.8821727
0.164005
0.21407148
0.845845
0.17533892
0.90955836
0.009268341
0.5269545
0.21818122
0.136806
0.3338872
0.58591443
0.598012
0.8836298
0.075108565
0.63935304
0.68794745
0.9554905
0.9982579
0.70647347
0.71332
0.34757522
0.4117819
0.94771147
0.36096233
0.69956297
0.6508074
0.19058563
0.43316972
0.9011323
0.70090646
0.7285135
0.90863955
0.094242685
0.716434
0.9844136
0.5259005
0.7598592
0.56384754
0.73410934
0.81239694
0.4369052
0.85601896
0.0015144201
0.87827003
0.9257778
0.66305655
0.066855624
0.22703397
0.5713061
0.042623587
0.6096354
0.070106015
0.11959004
0.40996686
0.5609863
0.4878104
0.44891763
0.02995334
0.013830886
0.510563
0.7728505
0.26707327
0.12334703
0.8134292
0.078131095
0.61923134
0.4611671
0.5901657
0.25870597
0.10338995
0.8479396
0.3390675
0.6943057
0.040165693
0.19002919
0.39043075
0.34044576
0.8545612
0.73417497
0.40298948
0.2954227
0.5430145
0.47390744
0.61223364
0.4041288
0.9452368
0.2607477
0.50798506
0.009738846
0.59613156
0.4044005
0.6351929
0.7479496
0.76548237
0.056751713
0.6199343
0.6441783
0.6122642
0.06985802
0.017273443
0.2784795
0.9588961
0.43682945
0.058595993
0.7455923
0.14444244
0.8014096
0.67128557
0.56284153
0.39336875
0.2492073
0.15318161
0.8863899
0.8307445
0.36217663
0.7690683
0.46071503
0.5843732
0.93816525
0.21405135
0.2858172
0.32288286
0.9356868
0.33407137
0.90122366
0.7394858
0.61518353
0.44512418
0.4206946
0.031950526
0.5806577
0.9548531
0.8893391
0.16673861
0.47598964
0.6103149
0.31464332
0.0024059531
0.6630451
0.5664496
0.9615347
0.45495117
0.59116024
0.12157366
0.5428012
0.36590213
0.4259409
0.9488469
0.4295661
0.89687407
0.5738562
0.26606196
0.43136737
0.22297831
0.5642113
0.2718009
0.6462237
0.94193864
0.1612285
0.43821043
0.46195683
0.24472518
0.092115805
0.39356202
0.07920349
0.4006807
0.8007304
0.22332093
0.77388424
0.17637868
0.5486263
0.036601767
0.6102774
0.8574292
0.78466624
0.5936536
0.85674125
0.3562783
0.16156895
0.41489115
0.14053693
0.8514714
0.8618827
0.53313595
0.2701403
0.36144242
0.5300341
0.64554715
0.9964771
0.5927626
0.8872016
0.94845295
0.44590542
0.4206364
0.195641
0.6288857
0.57784396
0.99693215
0.9991211
0.9382042
0.47468996
0.09397319
0.52884835
0.50855464
0.13332608
0.3107645
0.9137981
0.89085144
0.46287137
0.014860583
0.7973656
0.093145244
0.974183
0.16692352
0.87969255
0.13592784
0.9869767
0.886703
0.7027338
0.8283596
0.3110305
0.3508426
0.36910594
0.3448098
0.19236054
0.14352381
0.90915245
0.6925366
0.70240194
0.3273477
0.9724095
0.0690526
0.69323826
0.3696334
0.9109562
0.4046288
0.63154614
0.6609804
0.84150136
0.9780486
0.08788276
0.6789233
0.63560355
0.2524282
0.355865
0.6912237
0.72761047
0.77674025
0.18010888
0.96757025
0.12715575
0.6056942
0.45105618
0.34054685
0.20434336
0.07300894
0.9936194
0.22700936
0.75087243
0.5472497
0.2830755
0.73762476
0.905726
0.6751709
0.8881268
0.9647203
0.69535494
0.14149162
0.98303205
0.09975372
0.082012884
0.4126537
0.40354264
0.46845752
0.27124685
0.15287594
0.58687747
0.11672081
0.9414541
0.568718
0.6748737
0.3556372
0.9705213
0.2942528
0.98959184
0.18846953
0.31390402
0.7435413
0.40791696
0.17908031
0.9363392
0.9754882
0.10599512
0.7397762
0.9173007
0.49699375
0.6693661
0.09559029
0.21067692
0.9244255
0.21350707
0.7902576
0.20149186
0.58837706
0.1594708
0.3623446
0.7771112
0.11545144
0.23737055
0.6000216
0.88574946
0.518656
0.12134841
0.17245175
0.8423361
0.61358356
0.39701876
0.396449
0.18520987
0.764045
0.9931136
0.42554212
0.1092968
0.18779168
0.6149577
0.5216732
0.8392985
0.31776425
0.75130063
0.9903362
0.28566512
0.71501434
0.13298179
0.54132843
0.30410483
0.34547707
0.3991579
0.5600673
0.51485324
0.8883236
0.06817654
0.85707617
0.39304906
0.6056612
0.91656756
0.2552737
0.8392873
0.11785087
0.23882183
0.69382274
0.8166095
0.47346893
0.7578647
0.5527085
0.23336191
0.8126728
0.6613814
0.9408916
0.13543049
0.2765114
0.5543827
0.93882304
0.8059037
0.4214984
0.015228199
0.32379612
0.80091983
0.93946147
0.8881176
0.31586567
0.5924212
0.8036912
0.4455006
0.9282755
0.9116292
0.63814795
0.8258076
0.7281877
0.077404186
0.8559549
0.46791357
0.47050554
0.47988796
0.12303571
0.9792675
0.5193437
0.9913268
0.32423645
0.3240865
0.87949157
0.50611204
0.661783
0.59431636
0.7938694
0.6647909
0.6718997
0.2570635
0.9035454
0.00794831
0.23065709
0.53755844
0.91618913
0.10777934
0.4077267
0.7822763
0.8443029
0.6875368
0.3186438
0.90391165
0.24498463
0.39447364
0.8421819
0.76528174
0.7000625
0.3475595
0.2515858
0.7699032
0.8276599
0.4000342
0.9942504
0.94569665
0.9073232
0.2702871
0.054078672
0.44780368
0.01678224
0.14732099
0.014562587
0.9603463
0.26939294
0.55078804
0.009412333
0.1718059
0.75602114
0.034797665
0.8864347
0.6098672
0.42612082
0.20193945
0.93465394
0.9026413
0.5602814
0.5162261
0.7499716
0.44893706
0.09632021
0.2947588
0.34735385
0.15416357
0.9247099
0.63256365
0.58946025
0.299789
0.767601
0.21500157
0.6537074
0.822744
0.30286855
0.23882137
0.36790738
0.4116707
0.862123
0.33964244
0.5438935
0.46148512
0.4105488
0.2617626
0.50024307
0.9108072
0.33588898
0.23888186
0.29928744
0.42266366
0.35553113
0.029772468
0.5182242
0.34422606
0.047480777
0.018100888
0.62432075
0.42368713
0.36848506
0.8299509
0.09473366
0.67385346
0.83113414
0.8597218
0.23121125
0.0956294
0.23120658
0.8571493
0.15258715
0.15854554
0.72162396
0.7728381
0.5711118
0.4982625
0.04742003
0.73491836
0.79288834
0.87816733
0.27892098
0.86508083
0.5805404
0.10049726
0.7580556
0.8356601
0.025590919
0.72551537
0.9438788
0.5645646
0.25733188
0.46492597
0.09139839
0.6897582
0.7940175
0.31149387
0.77434677
0.34223732
0.29971814
0.3508929
0.06630959
0.6019208
0.8213796
0.50846905
0.13256997
0.53959435
0.6353098
0.26027086
0.17844899
0.03630434
0.33918118
0.46449298
0.0561485
0.28641623
0.67604655
0.12661184
0.637252
0.655477
0.32398584
0.90603304
0.5765207
0.97632664
0.25072646
0.057933904
0.6894313
0.11297931
0.8737653
0.085217714
0.60000134
0.53302217
0.19242252
0.6340857
0.44262832
0.5801374
0.7842515
0.35949972
0.6576743
0.83725667
0.5769995
0.14915377
0.34962013
0.1314847
0.8063296
0.59568405
0.88160175
0.8679236
0.79567283
0.10995412
0.83334386
0.17996565
0.5251438
0.55872315
0.023215912
0.3015535
0.36872357
0.3925539
0.40116906
0.3008188
0.97149724
0.70404077
0.35990673
0.20347047
0.021234544
0.3010328
0.42637092
0.75333637
0.87679327
0.13360673
0.6937576
0.91067183
0.95938367
0.44639194
0.62301785
0.12619482
0.7150355
0.9894463
0.6506397
0.20522438
0.035657935
0.6629745
0.358976
0.45676842
0.61676466
0.18647267
0.8307542
0.6593708
0.4076549
0.29878888
0.5299515
0.33360258
0.4479237
0.3821234
0.7570908
0.92128545
0.20850298
0.12988502
0.88064015
0.7015164
0.41590714
0.59001994
0.39729136
0.68397593
0.3550672
0.4108843
0.7494621
0.92999154
0.9584896
0.9946378
0.67083865
0.4735586
0.8820747
0.5332233
0.31954262
0.3010173
0.88413066
0.40158847
0.47207287
0.54832375
0.83881944
0.5497436
0.10314493
0.14543122
0.7412711
0.55490834
0.8860829
0.96942466
0.409609
0.94988364
0.8181072
0.042038627
0.7456106
0.086809814
0.600895
0.0070707435
0.20880078
0.74696755
0.43493503
0.3124314
0.88139504
0.034511495
0.7865056
0.7244892
0.79765004
0.2691161
0.4733089
0.29441613
0.8440741
0.6392802
0.82590383
0.93372846
0.58944553
0.87063223
0.83211446
0.60699093
0.946769
0.51010877
0.14661652
0.9612253
0.49714592
0.8098397
0.8414029
0.3945034
0.72565407
0.032744516
0.024868766
0.1860935
0.65601575
0.99152374
0.3400776
0.14867702
0.25945833
0.17559828
0.40111005
0.2923106
0.23763044
0.92536134
0.63729644
0.17250068
0.9809245
0.54025805
0.09055743
0.5449873
0.18965654
0.689804
0.5582702
0.74364406
0.66565377
0.60416985
0.28064397
0.24723735
0.010724402
0.88679713
0.7038888
0.37117103
0.6562867
0.23860016
0.53338236
0.968354
0.86447054
0.6833504
0.7886983
0.8305611
0.7665561
0.9754607
0.629044
0.46151805
0.2297083
0.011979293
0.73760825
0.36266303
0.65053254
0.8376589
0.71119404
0.31671986
0.5285707
0.06892865
0.7444412
0.48662478
0.5701311
0.9964028
0.30754465
0.24638523
0.45172665
0.76608676
0.24880725
0.5954635
0.0019520316
0.5151897
0.7794274
0.9934061
0.06155491
0.6477483
0.11790195
0.45348763
0.32757774
0.97400945
0.75756574
0.36886436
0.9696873
0.34468088
0.6439732
0.03748988
0.081358604
0.81395125
0.0109736
0.41039252
0.5066492
0.85274017
0.10372789
0.8363998
0.55735636
0.27051666
0.7197762
0.10704077
0.4532259
0.24327156
0.9217147
0.49350178
0.19601813
0.7535218
0.01454291
0.9314926
0.40152362
0.35510582
0.85453975
0.18437636
0.94017607
0.29526782
0.8592981
0.5531459
0.7495109
0.43160763
0.049804598
0.04489433
0.7945487
0.5677807
0.23479503
0.22940116
0.59063584
0.6143471
0.048845798
0.61162585
0.8756986
0.93794614
0.63182974
0.9614398
0.2503183
0.8551236
0.5824563
0.21888497
0.5746209
0.617357
0.6799433
0.40244398
0.71352005
0.6067562
0.30500197
0.7416696
0.51627177
0.9338296
0.69901496
0.34485972
0.6819955
0.0847634
0.50489175
0.7379591
0.38745722
0.92937297
0.11448568
0.5898957
0.605026
0.8911726
0.77277064
0.44638968
0.54118836
0.3895682
0.36446923
0.27774665
0.3760446
0.27595884
0.9878738
0.1630509
0.28171253
0.5939874
0.35659942
0.79082257
0.7030821
0.10299689
0.6759889
0.11760956
0.1873142
0.1834279
0.11636973
0.9820523
0.5073638
0.1215511
0.34061298
0.1596784
0.19396861
0.43036276
0.36723787
0.95471865
0.45411065
0.7466715
0.32615545
0.11135821
0.10391164
0.2770004
0.40432045
0.35659423
0.020079317
0.7062068
0.19115533
0.29193234
0.12973373
0.8528933
0.5941018
0.13960762
0.11020688
0.056360453
0.61409473
0.9609331
0.6165645
0.5024107
0.21659406
0.11833399
0.0219148
0.78373855
0.44754246
0.37880754
0.3496158
0.6996486
0.7981654
0.9061893
0.52222776
0.55392486
0.79657054
0.103725255
0.41866824
0.11956042
0.672333
0.6283545
0.58062804
0.512875
0.2041732
0.72189134
0.27086893
0.039599292
0.4579183
0.8720439
0.56702477
0.5564305
0.11862102
0.7618232
0.99315614
0.021475814
0.41418034
0.15087745
0.9244402
0.6692192
0.23166628
0.84540844
0.8244231
0.40867546
0.6687855
0.42810926
0.013420083
0.9521604
0.68170094
0.6859115
0.002938431
0.89238805
0.29201278
0.8358304
0.72819316
0.21361019
0.28526878
0.63427514
0.08144835
0.10982169
0.2923237
0.87547684
0.4718068
0.23970036
0.8164977
0.6534107
0.3808914
0.706924
0.5268467
0.032357782
0.6692866
0.58734465
0.9730168
0.18396643
0.65551233
0.24149807
0.79616004
0.9334188
0.7849783
0.9253684
0.7326498
0.8127431
0.60577327
0.05265082
0.24188268
0.09436845
0.8731323
0.014873541
0.8441365
0.099088475
0.42031345
0.23595493
0.43441734
0.41435936
0.1382451
0.6559881
0.059080064
0.56328017
0.28697866
0.59506494
0.9576702
0.3721959
0.068909295
0.46028274
0.81716156
0.43033615
0.055090424
0.7626522
0.24601623
0.9226414
0.5588709
0.8282761
0.5823357
0.65792704
0.5825253
0.6863801
0.80742514
0.6915137
0.5594968
0.6452252
0.41856235
0.39799452
0.4372837
0.592253
0.38168812
0.82827914
0.90086055
0.9407623
0.9510106
0.7120611
0.42929754
0.76130444
0.029348651
0.12871867
0.5575273
0.37798837
0.40635902
0.33980092
0.8244594
0.16944914
0.64411485
0.31141952
0.39093775
0.0751161
0.951904
0.48629993
0.375976
0.51745635
0.8532538
0.9528348
0.10148819
0.36647305
0.18422467
0.7602423
0.63571286
0.20824431
0.41767827
0.8315336
0.7423762
0.7179363
0.12359063
0.47571805
0.8808477
0.40629295
0.997328
0.45911938
0.2431195
0.3059071
0.8558191
0.5320858
0.9139211
0.7826265
0.5843225
0.24274106
0.5152922
0.29396853
0.20657031
0.33322617
0.7179289
0.3950721
0.47171086
0.31853768
0.16600546
0.40568882
0.46980596
0.33673027
0.9752193
0.48927125
0.64276665
0.58407545
0.17803556
0.7053077
0.0200135
0.87082016
0.9610407
0.76900214
0.07371136
0.2902162
0.0026350445
0.08286353
0.90151304
0.32292908
0.91129756
0.14186728
0.26490557
0.49836138
0.63693315
0.19212629
0.8032121
0.25209802
0.52498066
0.5048782
0.43761635
0.06233471
0.5813246
0.7759999
0.62574667
0.3320904
0.32878602
0.5119524
0.13968661
0.5938813
0.7596629
0.07526233
0.12319452
0.50940174
0.0045051677
0.4528424
0.61831826
0.51356995
0.2655416
0.02123606
0.2636628
0.042810284
0.3596828
0.11569105
0.6592065
0.57306397
0.1014412
0.81407875
0.21156742
0.10665418
0.311959
0.87589455
0.10562624
0.4423152
0.16885763
0.28347895
0.16859445
0.596437
0.75270146
0.42503983
0.19082257
0.38666636
0.6988416
0.2768189
0.58640605
0.2668315
0.28759038
0.80787855
0.32915646
0.18093519
0.4470997
0.14339983
0.14448148
0.4912961
0.5398016
0.12432064
0.6657536
0.4475885
0.8006901
0.49330625
0.13097917
0.38445348
0.12835975
0.71284634
0.031599164
0.06521028
0.81093955
0.647184
0.17221853
0.2837115
0.8945179
0.47188747
0.10232315
0.57456356
0.08072226
0.7329405
0.3149381
0.33979115
0.8784842
0.93160033
0.57968384
0.78960186
0.6835771
0.5098416
0.85908604
0.62996286
0.2616975
0.73732316
0.9153801
0.7124888
0.78392094
0.83171904
0.781333
0.3465932
0.66081405
0.5325738
0.88054234
0.22642954
0.45040742
0.18371724
0.7168915
0.6671659
0.45370167
0.28404963
0.65899384
0.4606363
0.3873597
0.8566263
0.9639972
0.022370715
0.15428846
0.91596603
0.008349272
0.8364671
0.59705997
0.5144114
0.46265808
0.8318521
0.59565705
0.0122623285
0.869473
0.6268966
0.3059348
0.3666979
0.8182981
0.6316262
0.6966361
0.25935927
0.9614649
0.33513865
0.2413223
0.49509007
0.93068314
0.9890435
0.81153154
0.7955596
0.11236733
0.73216087
0.29404202
0.29743844
0.8955455
0.3089587
0.9355046
0.32122666
0.42257696
0.33600882
0.07517606
0.22719347
0.6230082
0.22329092
0.05499505
0.59196454
0.96907973
0.080773875
0.663919
0.6488076
0.062950514
0.5147927
0.99117446
0.65773714
0.5794302
0.80753607
0.91270953
0.23247981
0.71066976
0.2156013
0.18034521
0.124872364
0.70261896
0.40262678
0.9152934
0.44511068
0.8132144
0.4980439
0.38588506
0.6777242
0.3205449
0.70037776
0.24556182
0.43342727
0.6770268
0.79551524
0.37424368
0.28455162
0.131564
0.9229861
0.35811794
0.7667544
0.9633
0.13211474
0.31870994
0.4684579
0.4162114
0.42750418
0.27549523
0.91969085
0.6256888
0.66491264
0.8790995
0.1110379
0.3494232
0.62405056
0.203972
0.97554946
0.48026854
0.29254806
0.2745968
0.46848255
0.032537315
0.84314334
0.809097
0.93512535
0.05299948
0.13707285
0.033712845
0.45182168
0.19574374
0.7031929
0.92430216
0.7286518
0.7428376
0.47018853
0.32860485
0.8682452
0.18253344
0.7853762
0.650119
0.47676963
0.26602146
0.94353557
0.52539384
0.04361924
0.18815546
0.12888883
0.653183
0.059835806
0.0777685
0.11952825
0.47392413
0.5732091
0.7148301
0.9654089
0.1721175
0.3700746
0.52194273
0.55403066
0.034244657
0.8068765
0.19577819
0.46166736
0.12016155
0.106185004
0.98536575
0.94847316
0.36233005
0.34116134
0.24022214
0.7985226
0.22728616
0.7298094
0.075497
0.34438372
0.75843936
0.7160501
0.36369467
0.5312047
0.95453817
0.33079693
0.5379598
0.88772696
0.7100633
0.1482219
0.45829543
0.080831185
0.38187113
0.20733209
0.7516508
0.30765682
0.8566612
0.67929363
0.70238525
0.46436486
0.23608093
0.1482828
0.56271726
0.2235714
0.5773095
0.90246224
0.3513599
0.16298878
0.5468806
0.6542068
0.2993233
0.23631634
0.7366805
0.030770095
0.960158
0.31487992
0.83381885
0.5191858
0.23601034
0.8394307
0.9854446
0.24836464
0.8133233
0.43079782
0.08785881
0.54703516
0.7579054
0.68829286
0.602865
0.72174925
0.61692
0.3553586
0.426378
0.95232415
0.98302746
0.4526847
0.82675415
0.2502539
0.32815373
0.29441482
0.22036389
0.26228908
0.60494196
0.77953196
0.71656334
0.20444456
0.5748546
0.58560646
0.026570246
0.027434478
0.44603196
0.7795461
0.91095454
0.720278
0.22154546
0.9782048
0.7278641
0.5654825
0.119163394
0.98724747
0.6425767
0.91529113
0.011727815
0.8462702
0.34508267
0.5039543
0.28661537
0.6825571
0.46332848
0.32051837
0.945212
0.21200348
0.9705611
0.80563617
0.66414124
0.24741806
0.115260005
0.8013504
0.22338921
0.71869624
0.3631414
0.73782945
0.71646917
0.15739873
0.361737
0.42555872
0.6933753
0.3640023
0.4845657
0.72350675
0.13168053
0.8806245
0.5120517
0.20470838
0.4917004
0.8417171
0.40239868
0.45644176
0.46058908
0.86136997
0.7870043
0.10316114
0.0814312
0.4424105
0.6902938
0.8128826
0.8706789
0.9320752
0.83406043
0.8249511
0.53078234
0.9118848
0.66123116
0.8614761
0.72138244
0.90254736
0.88523424
0.019359712
0.7579079
0.55411255
0.14882036
0.2975283
0.010816289
0.8881692
0.579203
0.7927931
0.29911944
0.44853386
0.4814145
0.9295978
0.9401152
0.7896192
0.16160204
0.1726847
0.0217792
0.98796153
0.13304959
0.32675573
0.0953577
0.3481141
0.44333103
0.56594646
0.15679945
0.031671632
0.5252274
0.72312105
0.2194115
0.20659097
0.32780227
0.40562323
0.9827796
0.6214197
0.053155113
0.07754089
0.39945573
0.43024683
0.024789866
0.8618536
0.8649865
0.55922663
0.1910486
0.26797417
0.11749535
0.87579876
0.72903055
0.033684228
0.9234556
0.0056034396
0.20672667
0.41569918
0.13959372
0.38391966
0.8660635
0.3971102
0.6564851
0.73036563
0.22589286
0.52285206
0.018665053
0.61195534
0.21138437
0.29864478
0.015800994
0.48704752
0.054015122
0.1241834
0.47723153
0.6464329
0.70918
0.78288186
0.04124939
0.38782236
0.9266693
0.03535408
0.36092195
0.13596195
0.75603735
0.08484715
0.3896627
0.6599622
0.13376312
0.104103796
0.73469156
0.37480295
0.8816107
0.86732394
0.50066423
0.7845308
0.41185436
0.85911644
0.044103432
0.7428769
0.8500916
0.17540516
0.3409207
0.9090479
0.65744495
0.3555379
0.35765705
0.50095135
0.023160279
0.0028898285
0.8587149
0.3066332
0.83015877
0.21641596
0.9764541
0.83865964
0.7345616
0.18220882
0.18392071
0.73724484
0.13520403
0.19977866
0.6980549
0.9467325
0.6709333
0.28496656
0.9132742
0.107776605
0.13205327
0.33745468
0.8892349
0.33570606
0.8654708
0.37685347
0.9656214
0.6680986
0.28822836
0.2770685
0.310035
0.2958154
0.0017544864
0.5410769
0.09307626
0.8899372
0.69499964
0.97066057
0.39780286
0.27933973
0.055500302
0.14495139
0.39441422
0.88199455
0.8125414
0.7368813
0.745899
0.36926913
0.9942986
0.1613005
0.3591655
0.6799923
0.8787142
0.54513943
0.7802482
0.28375095
0.20809054
0.13236725
0.9634235
0.8547937
0.47168776
0.6449139
0.38222548
0.56324494
0.8842389
0.67945355
0.31887513
0.8034766
0.54115146
0.83351946
0.76269925
0.4273732
0.55585986
0.8900596
0.3334587
0.4750577
0.5649596
0.63112354
0.001043677
0.54593676
0.09298336
0.498265
0.636512
0.2592342
0.8797068
0.628777
0.6391326
0.08824258
0.9669761
0.5968597
0.226634
0.32793942
0.99777025
0.26104203
0.86196214
0.681049
0.766881
0.3810849
0.33234805
0.564494
0.9800936
0.6730813
0.77085596
0.62779635
0.8673046
0.26368058
0.38859817
0.72976655
0.5754476
0.91301197
0.3176195
0.5458068
0.6460153
0.42777365
0.4407489
0.3807006
0.607948
0.8911869
0.87302434
0.0057998085
0.2626526
0.83399504
0.6707123
0.8906062
0.95943177
0.45883986
0.19243625
0.75333315
0.3468146
0.36133015
0.86734587
0.67820555
0.5615
0.59895116
0.89343584
0.77205706
0.59129846
0.5550261
0.57016295
0.82870626
0.23713115
0.68418485
0.6763861
0.8494252
0.85523003
0.62298614
0.6140552
0.99479365
0.35489535
0.5089602
0.7318722
0.71367264
0.9583741
0.7824211
0.6882621
0.6099467
0.71568304
0.7577689
0.43960044
0.73571247
0.8359924
0.054882146
0.14952931
0.0099241035
0.78662264
0.6036752
0.9069661
0.26818419
0.9046071
0.4178243
0.7731267
0.37350655
0.30874464
0.21837692
0.051327575
0.009782577
0.18603642
0.8941305
0.4190111
0.5732768
0.804435
0.97548705
0.351679
0.35711792
0.42279965
0.040921006
0.2944881
0.25776118
0.20544231
0.9692925
0.6883017
0.49631402
0.6886927
0.14596118
0.32457986
0.012815738
0.7609614
0.31671828
0.06604634
0.844275
0.6524664
0.3093139
0.66441834
0.67258465
0.5657519
0.77058506
0.35904303
0.8954981
0.72068024
0.59376466
0.052474327
0.31393912
0.08194945
0.61841387
0.3941837
0.9023614
0.6327919
0.4635506
0.89361167
0.26492387
0.5109241
0.1719836
0.66708183
0.00017999647
0.7412362
0.5507229
0.84715676
0.87081784
0.40215066
0.5062954
0.9284773
0.6497045
0.8542108
0.1987311
0.3537519
0.41954672
0.76795644
0.26153693
0.013315259
0.84305495
0.21342595
0.10029948
0.071333095
0.73792577
0.9753686
0.8842314
0.058150277
0.5106002
0.7790223
0.17104164
0.672964
0.25296813
0.48036143
0.7695575
0.55990046
0.92432433
0.33695364
0.4306093
0.11931991
0.74722475
0.0591974
0.9394554
0.55618346
0.19578242
0.5205652
0.6067707
0.5187014
0.38040805
0.2211202
0.11769971
0.8974087
0.45713174
0.93078554
0.90731555
0.5973843
0.61259425
0.29038996
0.67264956
0.88237303
0.7022134
0.060367126
0.42395023
0.82941276
0.093515866
0.8581471
0.8066435
0.48046955
0.98481303
0.4843991
0.94943035
0.63778263
0.74350077
0.97966456
0.5350661
0.9509482
0.4247338
0.69855577
0.46508384
0.22981597
0.74558353
0.7179565
0.14818485
0.3030251
0.07333836
0.3324795
0.01991558
0.30105656
0.55839264
0.31725705
0.7347954
0.12666284
0.5818143
0.8484298
0.15206096
0.0029563664
0.5336651
0.03661037
0.83470297
0.67769015
0.70802295
0.52134186
0.38426214
0.94389856
0.45374012
0.11684667
0.24538672
0.5805893
0.20259672
0.4999154
0.4602958
0.7049682
0.9087878
0.5567426
0.12874562
0.31928715
0.76364243
0.7315196
0.35605305
0.8648479
0.21562542
0.14265674
0.9044096
0.56955975
0.19413818
0.30118108
0.7321265
0.65826285
0.09252139
0.36236414
0.7431259
0.38351178
0.51065856
0.7277431
0.98105633
0.7332116
0.029948108
0.67943
0.94576424
0.8118853
0.63618684
0.85444903
0.72943765
0.97268724
0.9735974
0.46922034
0.7006786
0.45808482
0.25391206
0.6552029
0.05016554
0.74043304
0.699851
0.92319864
0.29601255
0.7667665
0.59153724
0.4749352
0.13362949
0.9422457
0.6408083
0.13537127
0.57125926
0.13112882
0.63715065
0.06094079
0.43732345
0.627005
0.069272526
0.38455218
0.27504605
0.91505504
0.17313416
0.3981094
0.54032683
0.013414925
0.34597975
0.83592707
0.3504985
0.06180181
0.51450884
0.2950913
0.5506252
0.9083638
0.51909727
0.9986662
0.23652719
0.21227746
0.069139965
0.17641142
0.834957
0.4503468
0.9808599
0.5129504
0.21757288
0.41746765
0.27659243
0.36788297
0.17514963
0.5543661
0.82635826
0.7030504
0.38154155
0.6062655
0.562161
0.54673225
0.77353984
0.89799947
0.85189795
0.5765665
0.35243604
0.42807123
0.54705083
0.5586346
0.054289147
0.5662335
0.21620965
0.22446744
0.74603987
0.04724228
0.031322133
0.5773276
0.96201646
0.33370507
0.65850085
0.1554725
0.5438499
0.11976702
0.9352206
0.89379114
0.34167868
0.6693148
0.29639155
0.3695171
0.4942384
0.067825325
0.33701462
0.8922976
0.6646905
0.2685556
0.6137395
0.03347807
0.55927676
0.5661292
0.1166664
0.49736738
0.5192824
0.91515994
0.043289747
0.36671737
0.89181507
0.49400365
0.760601
0.34874526
0.78658015
0.55495626
0.07938528
0.72429794
0.51038486
0.08789006
0.6721904
0.96292424
0.5620496
0.22495513
0.2614545
0.18875016
0.71786356
0.735719
0.19183692
0.6272005
0.8627168
0.11833351
0.878221
0.9123535
0.51115674
