0.898592
1.2109525
0.06899889
-4.397114
3.58066e-07
2.046506
0.63883114
104.703445
4.9144838e-12
-231.20827
2.2837165e-08
42.42386
5.7092913e-09
0.63195014
0.30497396
4.203788e-05
0.012969006
2.7887905
-430.18484
0.24131103
-0.46451247
393.83182
3.4674177
-64.29919
29.730793
83852.86
-17877.594
-7.3515754
-0.8438468
-0.4785292
0.022396006
2.0310408e-05
2.475113e-06
-0.16061965
-23.508142
0.025327649
-0.17291111
-20.55072
18.941093
0.64701843
17.573765
11929.073
-11886.242
2.6475332
-1.4623543
-0.97689646
0.3576919
0.00026570758
2.4932582e-05
-0.09161444
-8.902573
0.023607112
-0.30731693
-52.64347
49.06784
3.882759
3.382368
8664.551
-8642.531
2.8079486
-1.9340864
-0.110470496
0.06683965
0.00014532359
8.949497e-06
-0.09955656
-12.642485
0.039266765
-0.3831898
-1.9390845
-1.8583529
3.2735138
5.681729
6678.6733
-6670.8135
3.8483677
-3.1542907
-1.0654526
0.7927746
0.0004671889
2.1141585e-05
-0.09274083
-5.3783865
0.022348844
-0.20004573
-21.047054
19.48801
1.4022293
3.6635237
5739.1963
-5733.9585
0.9905711
-0.42093065
-0.8829709
0.72748816
0.0003400355
1.2171519e-05
-0.020163234
-3.7902386
0.01904807
-0.268606
-27.45416
27.236187
0.34310913
1.0920371
2664.2168
-2661.9685
2.937196
-2.6447792
-1.3359156
1.1653037
0.0007446165
2.2086013e-05
-0.057114124
-3.915308
0.023789644
-0.022924984
-16.926105
15.542151
1.3812313
0.9706631
2307.594
-2306.1594
2.1912014
-1.9421351
-0.7404074
0.6692011
0.00020420643
5.1788247e-06
-0.010573694
-0.98175246
0.0070828465
-0.16166693
-17.48694
15.530948
2.0813217
3.0657585
4170.2256
-4169.6445
1.1007786
-0.6824678
-0.25422075
0.23513693
7.5850156e-05
1.6820404e-06
-0.047533873
-1.9423498
0.015745247
-0.10772182
-16.03362
14.398876
1.7052288
2.2411568
1847.3987
-1848.2773
0.47166902
-0.2864516
-2.1914709
2.0593693
0.00085888454
1.6936943e-05
-0.031629715
-1.3960178
0.012695253
-0.023160983
-1.4579175
0.7415759
0.6141825
0.01218621
3612.8171
-3610.324
1.4152817
-1.0481654
-0.7521325
0.71517724
7.976144e-05
1.4170589e-06
-0.01709129
-0.32780698
0.0034615253
-0.15443204
-0.1449051
-0.9321569
0.9285774
2.7387333
3027.7837
-3028.7622
1.2027789
-0.89469236
-1.5542291
1.4896775
0.0009903546
1.6018337e-05
-0.0032148235
-0.23151194
0.0025790175
-0.14017195
-2.2166085
1.2945848
0.9027326
0.20465033
1786.0979
-1785.3177
0.69938374
-0.5179148
-2.1901758
2.1143281
2.6780706e-05
3.9773298e-07
-0.030303843
-0.643685
0.007853713
-0.02200317
-11.300387
10.017679
1.2877693
1.646554
3475.8242
-3475.7864
1.3121586
-0.9594406
-2.6024787
2.52365
0.0014984313
2.0579837e-05
-0.0152884675
-0.914186
0.011543699
-0.0784322
-5.690608
4.6605062
1.0038433
0.5674137
673.8685
-674.1482
1.3319772
-1.2521106
-0.58687985
0.57173
2.4066716e-05
3.0752065e-07
-0.02535249
-0.40158772
0.0056998767
-0.097847745
-4.6947656
4.2886267
0.43821192
0.8061655
2720.7595
-2720.4534
1.3548363
-1.075355
-2.050796
2.003691
0.0007744592
9.2544915e-06
0.00035061705
-0.7709744
0.010884441
-0.062802464
-7.322724
6.5236306
0.7775154
1.9691303
2480.5925
-2481.6807
0.66684985
-0.4179434
-2.7406635
2.6848652
0.0010743289
1.2059617e-05
-0.013777258
-0.32782063
0.0051094056
-0.051230635
-6.253691
5.804936
0.45487022
1.0103369
1408.8854
-1409.432
0.2156513
-0.076012895
-0.6032989
0.5921026
0.0004635213
4.9069463e-06
-0.01282706
-0.46781987
0.007584286
-0.053830028
-3.2078896
2.6028337
0.53257275
1.4382137
1827.3307
-1828.2196
0.38821316
-0.20594575
-5.2869916
5.2005086
0.0021852232
2.189204e-05
-0.0053125583
-0.36930394
0.006188457
-0.04686616
-4.7829947
4.095537
0.69260216
0.43578374
710.5873
-710.82074
0.3488618
-0.275935
-4.993718
4.92107
0.00085074676
8.090517e-06
-0.010186732
-0.37147236
0.0066011027
-0.034751635
-4.8810096
4.604011
0.20937824
1.4742482
1970.9186
-1971.8842
1.0803708
-0.87687147
-4.5002556
4.439447
0.0021047944
1.9053206e-05
-0.015686696
-0.30820346
0.005878136
-0.042367846
-2.9200323
2.4121418
0.5476036
0.35880038
47.43026
-47.79111
0.5928464
-0.58200336
-3.58746
3.5438788
0.0009446269
8.159777e-06
-0.01027471
-0.23886031
0.0046878005
-0.031139044
-0.7404491
0.09389259
0.6742673
0.39549947
167.36255
-167.73212
0.31256548
-0.29296026
-0.9760942
0.964595
0.0008686514
7.17626e-06
-0.013303932
-0.027023174
0.0008193259
-0.047099836
-1.5599251
1.031411
0.5468389
0.602229
1568.7289
-1568.9835
0.46242994
-0.30467725
-0.12254206
0.11916985
0.002110415
1.6708667e-05
-0.0068736468
-0.36115766
0.007438616
-0.058350056
-1.8039446
1.688506
0.081343174
1.4589794
843.4599
-844.79095
0.72272897
-0.6328745
-4.569132
4.5257387
0.0012375398
9.407272e-06
-0.013511239
-0.057264194
0.001506378
-0.017821372
-6.3290467
6.2528443
0.088564396
1.3346261
1743.7866
-1744.8097
0.94113404
-0.7612868
-0.33877933
0.3347427
0.00112564
8.22957e-06
-0.013824002
-0.18924692
0.0043807337
-0.044000372
-0.23483473
-0.008385177
0.23679674
1.2229235
937.1826
-938.2706
0.38306543
-0.28763115
-5.106729
5.064073
0.002138341
1.5059487e-05
-0.013538088
-0.1955697
0.0046504457
-0.02501841
-0.77472687
0.3148436
0.44840693
0.67360216
1040.3816
-1040.8881
0.60390633
-0.49618822
-7.3074327
7.251717
0.0017393786
1.18171665e-05
-0.0031147213
-0.02233969
0.0006134703
-0.0346172
-0.7848461
0.13171369
0.67976964
0.090151906
1062.8103
-1062.716
0.76048285
-0.6490253
-5.4118037
5.373863
0.0006197786
4.067478e-06
-0.009273188
-0.12088275
0.0030818067
-0.010589385
-0.15279128
0.10501244
-0.038573265
0.5548034
165.63396
-166.18318
0.35792267
-0.33802933
-2.868196
2.8475924
0.0020591
1.3070047e-05
-0.013202629
-0.20596194
0.005265757
-0.036608066
-0.8237318
0.7695845
-0.005098343
0.733994
1498.163
-1498.6896
0.21299577
-0.06468722
-1.2765896
1.2659642
0.0028487188
1.7509132e-05
-0.011264094
-0.12903863
0.00346303
-0.013166266
-0.5685238
-0.014314627
0.55108404
0.47222596
568.6227
-569.0284
0.56068116
-0.4994316
-1.9236588
1.9102937
0.0023713904
1.4128753e-05
-0.0045929486
-0.21444911
0.0054945177
-0.021634381
-3.0146244
2.5354524
0.4944713
0.9471904
518.8342
-519.7468
0.07550065
-0.024064083
-0.99033874
0.98426163
0.00075001485
4.336069e-06
-0.0002785138
-0.20476323
0.005244772
-0.04977654
-2.920196
2.5472705
0.3562026
0.72394013
355.66943
-356.3748
0.28780204
-0.25009847
-0.7053693
0.6989963
0.0027561677
1.5476398e-05
-0.012611656
-0.1463911
0.004162117
-0.045997955
-2.0444899
1.9366354
0.06745291
0.3244274
991.7786
-991.9887
0.65197146
-0.5485579
-1.6673425
1.6585822
0.0007574865
4.1348912e-06
-0.0005741075
-0.03411442
0.0009484046
-0.04036947
-2.8947752
2.5328617
0.36941552
0.83382493
8.337267
-9.204676
0.1837875
-0.18100475
-3.4809985
3.4643135
0.0008653588
4.5959396e-06
-0.009687669
-0.11138612
0.0032956102
-0.047350273
-2.4464376
2.333125
0.07901096
0.48055577
321.45743
-321.9203
0.48100758
-0.44469762
-6.2408257
6.21272
0.0011952285
6.1810315e-06
0.0006840765
-0.056054294
0.001545581
-0.017326066
-2.030366
1.5885547
0.45847225
0.18038207
645.233
-645.3499
0.534437
-0.46603686
-9.934215
9.890952
0.0025430329
1.2814972e-05
-0.0019061298
-0.035857394
0.0010753362
-0.041831244
-0.09179763
-0.14374246
0.22650123
0.95996165
497.7133
-498.6613
0.51058143
-0.4567471
-1.336161
1.329339
0.0015905831
7.81599e-06
-0.0049749715
-0.067451224
0.0020690956
-0.019509537
-3.7404714
3.359943
0.40115595
0.6928729
585.3517
-586.01514
0.47986677
-0.41783482
-11.186437
11.141097
0.0037310657
1.789006e-05
-0.008462969
-0.06817822
0.0022154464
-0.015961073
-3.2790103
3.2029963
0.054212093
0.43682617
809.8302
-810.2082
0.38520554
-0.302264
-6.7355103
6.711276
0.00035476862
1.6609251e-06
-0.0035599738
-0.01876507
0.0006579997
-0.031952497
-0.31420073
0.14851871
0.15814513
0.3497374
95.40265
-95.75843
0.29730627
-0.2849336
-5.702626
5.6826854
0.00061909616
2.8317154e-06
-0.006913211
-0.048591256
0.001654171
-0.019776689
-0.5781228
0.34137812
0.20645952
0.056334548
841.2929
-841.27936
0.43027464
-0.3438743
-2.2706354
2.2622442
0.001021437
4.567068e-06
-0.0031943773
-0.024139725
0.0008303707
-0.017108545
-3.755048
3.713568
0.025090694
0.6958241
876.02527
-876.6789
0.413157
-0.32345185
-7.3514442
7.3235855
0.0049851434
2.1800843e-05
-0.00042012447
-0.05840607
0.0017762731
-0.018270891
-3.0473769
2.84881
0.19586945
0.65809715
411.54095
-412.1944
0.24552675
-0.20282677
-7.763325
7.7371736
0.0030283316
1.2959651e-05
-0.008828854
-0.0793851
0.002698246
-0.021662623
-1.0168811
0.84661585
0.161448
0.4835052
241.30962
-241.79555
0.06699291
-0.042730995
-3.369112
3.3559158
0.0035352074
1.4811975e-05
-0.0027526058
-0.02398032
0.0008325471
-0.021930618
-0.2741262
0.15126222
0.088857174
0.20153645
616.6881
-616.8548
0.12389905
-0.062482852
-11.706553
11.671527
0.002909467
1.1940544e-05
-0.0024997403
0.0006071022
8.4247906e-05
-0.0367453
-0.3586777
0.16334417
0.1676817
0.43023896
373.49985
-373.9231
0.42000395
-0.37926015
-1.7818854
1.7763699
0.00081075344
3.2606704e-06
-0.006398259
-0.0073726587
0.0004428171
-0.022843702
-0.9128435
0.57251173
0.3264532
0.25182644
285.6758
-285.91992
0.1841059
-0.15435924
-2.3778028
2.3688414
0.0028960316
1.1418668e-05
-0.001058408
-0.06529178
0.0020696325
-0.028792925
-1.2605982
0.91139984
0.36519802
0.45316303
278.08182
-278.53738
0.17089511
-0.14199239
-11.028435
11.000333
0.0011752731
4.544892e-06
-0.0011147219
-0.052491575
0.0016936788
-0.0060487185
-0.50620896
0.14338692
0.33698416
0.3131571
604.92535
-605.2172
0.2900585
-0.22808555
-6.1866026
6.1679273
0.0040723993
1.5451787e-05
-0.0013579903
-0.0050764345
0.00021439092
-0.0055227457
-2.243025
2.2185092
0.008389473
0.4574017
633.003
-633.4457
0.12794031
-0.064889975
-2.8031504
2.792855
0.0038852096
1.4469396e-05
-0.0071693356
-0.06203267
0.0022206996
-0.012591148
-1.2058228
0.9037045
0.27591324
0.25523484
186.87543
-187.1314
0.28443524
-0.26329294
-3.4938493
3.4856708
0.0005241516
1.916715e-06
-0.005515809
-0.029095024
0.0011274954
-0.016210694
-0.91891944
0.7212571
0.20124304
0.62369895
401.9683
-402.59894
0.13367468
-0.09305307
-5.8750296
5.85937
0.0031974083
1.1484565e-05
-0.006519512
-0.0012552552
0.00028155
-0.01977564
-1.0445728
0.7511076
0.29265428
0.08077668
539.39923
-539.459
0.12220253
-0.06835055
-2.691591
2.681339
0.00468998
1.655191e-05
-0.003953274
-0.04920967
0.0017174567
-0.02591993
-1.4264618
1.1913722
0.24657118
0.63176936
375.14853
-375.79095
0.20633762
-0.1675923
-4.690765
4.6776614
0.0037854738
1.3130992e-05
-0.0008871232
-0.05306825
0.0017394738
-0.024314474
-1.7506038
1.4624599
0.31076777
0.43773285
292.91666
-293.3611
0.07045975
-0.041133963
-12.392552
12.368562
0.0002908008
9.917612e-07
-0.0028435602
-0.03691882
0.0012815909
-0.01032623
-1.3424624
1.0345153
0.32656872
0.5881759
347.6557
-348.2555
0.28695554
-0.25007764
-12.350188
12.323314
0.0039537237
1.3261153e-05
0.00017841466
-0.0060030743
0.00020519132
-0.013810273
-1.8125913
1.7352239
0.08669591
0.29851282
177.75873
-178.06346
0.10701511
-0.08856277
-6.096078
6.0830398
0.0020765453
6.85179e-06
-0.0057849595
-0.0059858374
0.00039650593
-0.009749778
-0.2894145
0.18789317
0.09472871
0.6129766
227.75699
-228.38818
0.02391418
-0.001397338
-10.311956
10.289823
0.004147532
1.3466657e-05
-0.0049135922
-0.020708323
0.00084402284
-0.013445044
-0.819611
0.5495323
0.2760744
0.40539
147.34586
-147.76367
0.059659082
-0.04464933
-8.629553
8.6128
0.0021724699
6.9429934e-06
-0.0043300944
-0.012776375
0.00055668235
-0.016782269
-0.005805313
-0.07956833
0.081719995
0.05212776
245.0491
-245.09627
0.32300225
-0.29582182
-9.69419
9.677501
0.0008146566
2.5633149e-06
-0.0019155211
-0.009092458
0.00037163822
-0.017052798
-2.452842
2.2550156
0.19063568
0.1650622
271.21048
-271.37482
0.33159283
-0.30176303
-16.915926
16.887592
0.0014371634
4.4532344e-06
-0.0037676394
-0.054165155
0.0018688675
-0.009227491
-2.2787242
2.1337512
0.15802085
0.38316536
310.35654
-310.748
0.08693823
-0.05574939
-7.3377914
7.3193855
0.006990486
2.1336466e-05
-0.002053095
-0.019451775
0.00068725226
-0.007940289
-1.7951351
1.566969
0.22339058
0.4261759
151.21988
-151.6602
0.09742654
-0.08164742
-2.910411
2.9045227
0.0015035229
4.5213815e-06
-0.0042068036
-0.054895222
0.0018896097
-0.018656798
-1.4590495
1.1774281
0.28772616
0.28300297
519.0835
-519.3673
0.12073122
-0.06885287
-6.049297
6.033562
0.0068258564
2.0228395e-05
-0.0049420837
-0.055722952
0.0019252745
-0.004667233
-0.16833785
0.05189491
0.102645755
0.008173043
274.241
-274.244
0.24344715
-0.21423289
-8.778207
8.758884
0.00678516
1.9819883e-05
-0.0036268048
-0.039958864
0.001375316
-0.014170781
-1.8462839
1.8024976
0.04746771
0.0850892
26.115213
-26.203266
0.04640829
-0.0433825
-2.2879987
2.281793
0.0030090448
8.665569e-06
-0.00012292052
-0.057913035
0.001825226
-0.018177714
-1.2047443
1.1836883
0.0062816143
0.02470177
601.83435
-601.8502
0.1608094
-0.10048012
-5.0886593
5.074318
0.0074091014
2.1040165e-05
-5.7030033e-05
-0.0053001624
0.00017569936
-0.012862971
-0.5036807
0.26769617
0.24087596
0.5023906
5.860212
-6.3836775
0.1514191
-0.1492633
-4.205268
4.198637
0.0011159375
3.125531e-06
-0.002999854
-0.030516014
0.001041307
-0.006878593
-2.2928886
2.1155338
0.17826319
0.18951547
279.40305
-279.59656
0.29490727
-0.2646654
-7.045112
7.0302815
0.005777791
1.5963498e-05
-0.00071341405
-0.022838205
0.00072988245
-0.018776242
-1.6231058
1.368042
0.26120925
0.40798247
377.07263
-377.49338
0.24142903
-0.20216641
-16.052462
16.028824
0.0036527687
9.957505e-06
0.00036119364
-0.047234282
0.0014309324
-0.012280651
-0.0980825
-0.06623634
0.1683014
0.06330729
270.6218
-270.68512
0.18060337
-0.15237422
-9.755998
9.740334
0.0037984254
1.0218121e-05
-5.6650202e-05
-0.026721448
0.0008043648
-0.0056643663
-1.3641288
1.2519293
0.107351065
0.13525349
67.19542
-67.33557
0.23615788
-0.22720428
-6.8620887
6.8479633
0.005944208
1.5782494e-05
-0.0009126418
-0.019020326
0.00059438933
-0.020609386
-1.1789595
1.0649118
0.1086297
0.20827582
607.13586
-607.3484
0.12948452
-0.06893563
-10.401
10.38893
8.434578e-05
2.2107095e-07
-0.0016918653
-0.02973172
0.00093430106
-0.013361504
-1.3131157
1.3031162
0.018208154
0.141423
607.8205
-607.9643
0.17500614
-0.11396828
-1.2135364
1.2055584
0.0065309834
1.6900667e-05
-0.0036799873
-0.028852254
0.0009534167
-0.008503651
-1.7540863
1.6773555
0.07101512
0.23117906
365.42505
-365.66412
0.2800673
-0.24158809
-4.4830356
4.4755516
0.0025316123
6.469158e-06
-0.0041367034
-0.011457615
0.00045819907
-0.016895821
-0.070451185
-0.07719836
0.12131691
0.44020253
102.53019
-102.98831
0.13237993
-0.12100154
-12.923741
12.907035
0.0028175483
7.1107197e-06
-0.00294685
-0.023306653
0.0007493443
-0.011883541
-0.7535259
0.65434283
0.07995939
0.21007857
546.6916
-546.90924
0.19936548
-0.14403401
-5.6952076
5.6852913
0.0039044379
9.733219e-06
-0.0023681582
-0.009809993
0.00034676585
-0.016166998
-0.49979505
0.47876012
0.011167049
0.03832826
241.21996
-241.25963
0.22426529
-0.19846615
-4.83129
4.819179
0.0070788288
1.743322e-05
-0.0022628657
0.0008145012
4.516798e-05
-0.019292798
-0.7188495
0.68165064
0.027866721
0.06704031
506.25278
-506.32288
0.26303124
-0.2109863
-11.654514
11.640337
0.002496702
6.0752154e-06
-0.0020683699
-0.025823057
0.000764282
-0.015706725
-0.83794254
0.7936255
0.029456139
0.27179912
585.2623
-585.54645
0.3017314
-0.2415997
-20.720211
20.695469
0.0044319862
1.0656909e-05
-0.0021052256
-0.019432276
0.00057933485
-0.01140756
-0.035296794
-0.15679963
0.19320261
0.45221996
96.38221
-96.85385
0.22184652
-0.21015796
-3.0322483
3.0199273
0.009307374
2.2118451e-05
-0.0024795977
-0.031639516
0.0009076936
-0.007915687
-0.27919748
0.06997306
0.20012736
0.32233834
187.3254
-187.66191
0.25036657
-0.22954291
-1.5556675
1.5475298
0.006601717
1.5507256e-05
-0.0033894351
-0.012832023
0.00042629818
-0.015753388
-1.2990767
1.1620177
0.14507842
0.16131298
391.4051
-391.57523
0.21005277
-0.16973637
-17.669132
17.651222
0.0017317584
4.021331e-06
-0.000173826
-0.023709536
0.00061274937
-0.0063895467
-0.43038276
0.2627211
0.1621077
0.1269253
412.83926
-412.9739
0.25165427
-0.20883058
-15.505273
15.482668
0.008620451
1.9791076e-05
-0.0022560246
-0.0028556325
0.00013758836
-0.0020005833
-0.87482476
0.82025343
0.059168935
0.25969705
64.32187
-64.593
0.2231273
-0.2145737
-13.182991
13.16475
0.0066116033
1.5009079e-05
-0.0033702028
-0.007627517
0.00027408544
-0.0048243813
-0.33420902
0.12676516
0.18914056
0.046705835
404.65976
-404.7115
0.24868064
-0.2066933
-11.626403
11.609734
0.006617666
1.4856265e-05
-0.0007086633
-0.033953384
0.0008241089
-0.012375681
-0.6621713
0.49655938
0.17473954
0.10265028
324.43643
-324.54645
0.23133428
-0.1973418
-12.242749
12.231241
0.0012104892
2.6876412e-06
-0.0028249458
-0.019566879
0.00052348897
-0.0066903187
-0.7712039
0.7493148
0.019520998
0.2628835
278.7389
-279.01575
0.21429442
-0.18491532
-7.567255
7.5533767
0.007560602
1.6604248e-05
-0.0006759167
-0.024800658
0.0005830312
-0.009354164
-0.99821776
0.8962734
0.09082723
0.029123878
453.3048
-453.34003
0.13118993
-0.08564561
-14.548782
14.527643
0.009303664
2.0212256e-05
-0.0026574268
-0.0013026558
9.1796304e-05
-0.01463902
-0.9757478
0.9324921
0.02954197
0.27667403
491.94
-492.2341
0.077990964
-0.029189667
-6.6989174
6.6878834
0.005675162
1.2197804e-05
-0.0023062045
-0.011936262
0.0003128847
-0.009475288
-0.5557961
0.431582
0.108116865
0.18440981
480.18552
-480.3838
0.24369061
-0.19437324
-15.589768
15.569077
0.008524325
1.812795e-05
-5.163994e-05
-0.028870702
0.0006051345
-0.009201884
-0.8960895
0.6983622
0.20618021
0.13260716
450.12576
-450.27023
0.1522199
-0.106762975
-16.300226
16.281603
0.0061850827
1.3015524e-05
-0.0018054971
-0.020317852
0.00045163883
-0.0116370395
-1.5612003
1.5529168
0.012349606
0.31652212
427.34445
-427.68066
0.18711299
-0.14350761
-7.911838
7.8963575
0.009482782
1.9747857e-05
-0.0011003258
-0.02636014
0.00053749274
-0.011043858
-1.3962606
1.3270348
0.05890107
0.37874696
454.38928
-454.79086
0.1012119
-0.055828672
-1.3534021
1.3476231
0.004734952
9.759052e-06
-0.00041858346
-2.3786444e-05
8.986564e-06
-0.0067907395
-1.2598436
1.2653799
-0.015601635
0.2417617
211.12218
-211.3774
0.06253069
-0.041281287
-23.573095
23.546495
0.009618302
1.9621706e-05
-0.0013134492
-0.022140175
0.00042898918
-0.00300126
-1.5263611
1.4152656
0.116339326
0.11765489
376.73453
-376.86343
0.08106031
-0.043503087
-16.6131
16.592512
0.00883367
1.7838705e-05
-0.0005825235
-0.010709137
0.00019866928
-0.0125503475
-0.67328584
0.62561935
0.04115987
0.35335177
162.86356
-163.23476
0.06441912
-0.047846824
-7.662937
7.6530366
0.0045719696
9.139991e-06
-5.605998e-07
-0.015675291
0.0002634881
-0.00067882007
-0.5987907
0.4407897
0.16655812
0.25866887
399.57648
-399.8537
0.21161355
-0.17047617
-5.963394
5.958314
0.001042009
2.0623838e-06
-0.0021707967
-0.002222728
7.288363e-05
-0.013155728
-0.07928471
-0.06405634
0.12841249
0.3339062
132.50154
-132.85204
0.18466142
-0.16984062
-15.0811405
15.070033
0.0011029255
2.1613964e-06
-0.001950697
0.0014667928
1.1564e-05
-0.014366414
-0.14670758
0.015459271
0.11809802
0.11741681
365.06342
-365.19305
0.103195675
-0.06653253
-7.8410115
7.831985
0.0038781052
7.525433e-06
-0.0014670468
-0.022113904
0.0003430752
-0.0046823453
-0.28285646
0.2757418
-0.0010825396
0.17309096
26.041187
-26.222094
0.058285493
-0.055140138
-17.80875
17.795956
0.0014090103
2.7075864e-06
-0.001443941
-0.007523041
0.00012601458
-0.0122138765
-1.0711079
1.0599881
0.0010416508
0.031695895
277.4624
-277.50125
0.13000885
-0.10162952
-5.103314
5.0929255
0.0071043638
1.3520138e-05
-0.0012683062
-0.02040033
0.00028240483
-0.012189874
-0.53996176
0.5186851
0.0062241554
0.21777901
403.60394
-403.83987
0.20537066
-0.16390818
-21.242832
21.228504
0.0012401358
2.3374582e-06
-0.00025196772
-0.013933368
0.00017448144
-0.0019670634
-0.6129815
0.56213146
0.034749746
0.25492164
163.03236
-163.30164
0.0545421
-0.03806314
-0.5706177
0.56681466
0.0034174009
6.379977e-06
-0.00158891
-0.021822348
0.00026720006
-0.012716625
-0.94407856
0.92627287
0.00723505
0.35464987
292.0683
-292.44485
0.06723666
-0.03803249
-0.96433115
0.9560942
0.0075743883
1.4007104e-05
-0.0009199233
-0.01527027
0.00017142313
-0.012657147
-0.79373354
0.74003494
0.052417994
0.13572271
336.97653
-337.12625
0.2040948
-0.1691533
-5.6740613
5.669242
0.001493219
2.7354577e-06
-0.001317936
-0.009265907
0.00010472484
-0.008010929
-1.1112001
0.9556237
0.15143967
0.349907
295.59363
-295.96567
0.11619118
-0.08615049
-24.151466
24.13139
0.006167836
1.1193668e-05
-0.0005601698
-0.021958455
0.00019972728
-0.007971551
-0.15543355
0.12724192
0.009986162
0.1934627
387.14716
-387.35864
0.21470405
-0.17475611
-11.282597
11.265063
0.01105349
1.9874618e-05
5.0913222e-05
-0.018662587
0.00014957937
-0.006301629
-0.63413095
0.5839739
0.037312984
0.012164571
340.69455
-340.71603
0.16431609
-0.12942567
-22.100348
22.084938
0.0031500733
5.6118433e-06
-0.00049281307
-0.02028492
0.00014852415
-0.0134952525
-1.20168
1.1055386
0.08896899
0.17467971
62.761417
-62.944973
0.17811814
-0.17018415
-13.853641
13.836465
0.009534087
1.6829625e-05
-0.0006100284
-0.016885325
0.00011004042
-0.001238685
-0.48948637
0.46475098
0.020984888
0.059569135
170.6059
-170.67268
0.06863497
-0.051295403
-6.659199
6.6445575
0.010955649
1.9163204e-05
-0.00021872776
-0.023165733
0.00012553041
-0.0037695924
-0.79130495
0.6715381
0.11792743
0.20305641
118.14728
-118.36215
0.055105917
-0.043005306
-0.30218995
0.2913498
0.010557127
1.829928e-05
-0.0005553088
-0.014779925
6.871691e-05
-0.010325237
-1.1096507
0.9772831
0.13004565
0.3248478
262.63742
-262.9835
0.106303245
-0.07958002
-6.5075617
6.5040584
0.00014338239
2.4630032e-07
-0.0005201857
-0.014438607
5.3375843e-05
-0.008598583
-1.0363069
0.96385705
0.072912216
0.3288428
127.115074
-127.46153
0.05510636
-0.042118248
-12.864707
12.848855
0.009217958
1.5693033e-05
-0.00096276595
0.0010031512
1.7386628e-07
-0.0126136355
-0.16347723
0.08922843
0.07172418
0.31858426
310.9358
-311.27725
0.0938247
-0.06251654
-27.757914
27.739857
0.004168842
7.0341507e-06
2.5401987e-05
-0.0017658127
3.1639356e-06
-0.0021813242
-0.14481579
0.0062750503
0.13214517
0.087844715
293.1324
-293.23285
0.047065113
-0.01798795
-13.039161
13.029775
0.0029572
4.9456326e-06
-0.0006593038
-0.003522493
3.304449e-06
-0.0048082126
-1.158746
1.1388197
0.011659145
0.09515017
347.00928
-347.11908
0.12731507
-0.09217382
-21.669138
21.653358
0.005272537
8.740286e-06
-6.252237e-05
-0.017257541
-3.472851e-06
-0.0033299862
-0.06860221
-0.03212004
0.08521819
0.2991121
252.7762
-253.09592
0.18542987
-0.1588752
-7.271679
7.2576127
0.010496657
1.7248083e-05
-0.00025421454
-0.012002252
-1.42397475e-05
-0.008247311
-0.40938863
0.29187423
0.11377871
0.29519162
277.3684
-277.685
0.0844528
-0.056516167
-19.904526
19.894188
0.0010453768
1.7028053e-06
-0.0010048054
-0.0070804805
-1.7300947e-05
-0.00392266
-1.0235997
0.95995915
0.06317377
0.122202165
143.46243
-143.5944
0.059752703
-0.045144513
-11.025237
11.0167265
0.0034190242
5.5209625e-06
-0.00011442142
-0.005633481
-1.8098915e-05
-0.0070349444
-0.88737255
0.8756192
0.015594959
0.057043433
45.412395
-45.473347
0.16441402
-0.15832369
-14.941597
14.933327
0.0015127303
2.4216506e-06
-0.00017861204
-0.003756864
-1.6170496e-05
-0.007844453
-0.42594996
0.41052577
0.016130686
0.085387036
156.62111
-156.71541
0.07304723
-0.05702553
-0.59388995
0.58469635
0.008827361
1.40098955e-05
-0.00036314278
-0.002222864
-1.3189623e-05
-0.005878794
-0.7914732
0.6507415
0.14368713
0.15371765
83.11499
-83.27798
0.027168868
-0.018772261
-0.6509162
0.6406795
0.009838267
1.5480766e-05
-0.00043565102
-0.00646754
-4.2081694e-05
-0.011196772
-1.0201151
1.0122653
0.008375406
0.036354594
256.3979
-256.44464
0.12516364
-0.09888981
-17.31679
17.302814
0.006464864
1.0085982e-05
-0.0008697974
-0.0043904893
-3.748505e-05
-0.0080029
-0.15271209
0.036178697
0.10213542
0.0067130383
156.71764
-156.72993
0.039240703
-0.023557996
-27.680983
27.660719
0.008469721
1.3101693e-05
-0.0009868896
-0.014918536
-0.00012844452
-0.0076473868
-0.85870147
0.7626037
0.10869621
0.26622555
109.3523
-109.63385
0.14160568
-0.12948704
-21.889416
21.877573
0.0027141147
4.1629387e-06
-0.00070598896
-0.0007863166
-1.4071033e-05
-0.0064726686
-1.0202821
0.9313609
0.09538084
0.2093227
196.03574
-196.26105
0.024362866
-0.0049740192
-20.194668
20.17883
0.007491307
1.1393475e-05
-0.00011647061
-0.012133844
-0.00012420055
-0.010838317
-0.9105198
0.7956154
0.1151669
0.015612573
89.39096
-89.410385
0.023350853
-0.014394685
-26.441954
26.431128
0.00019041025
2.8716283e-07
-3.232551e-05
-0.0076959953
-8.64516e-05
-0.005422273
-0.073814884
-0.00960907
0.08174497
0.17344633
351.09012
-351.28406
0.09152581
-0.056340314
-2.0942698
2.0874588
0.005913781
8.8441175e-06
-0.00037974064
-0.0005369773
-1.21456105e-05
-0.0061261924
-0.71243876
0.6209346
0.090046644
0.19857731
293.7022
-293.92023
0.13389963
-0.10388341
-17.06264
17.04758
0.0083189765
1.2337348e-05
-0.0003672307
-0.007479608
-0.00010359098
-0.006730536
-1.1542783
1.0588622
0.100507855
0.21850985
10.374756
-10.602914
0.020431245
-0.01919153
-17.059294
17.04781
0.0048899953
7.1917384e-06
-0.00029890108
-0.014347121
-0.00020779655
-0.0064490503
-1.1440749
1.084428
0.06657213
0.14740956
305.78415
-305.94965
0.17258269
-0.14100443
-3.1153684
3.1093824
0.004756606
6.937549e-06
-0.0007013945
-0.010426417
-0.00016954582
-0.006894214
-0.15009716
0.080820665
0.05509734
0.115008846
354.81766
-354.95126
0.103098
-0.067439154
-7.4862733
7.4794655
0.0039831223
5.761366e-06
-0.00041967287
-0.01534687
-0.0002567717
-0.0055489144
-0.24614365
0.19954962
0.036443114
0.11095988
166.52185
-166.64397
0.06333673
-0.04644537
-5.1271157
5.1198835
0.0052985856
7.600874e-06
-0.00026128942
-0.01638323
-0.00028759206
-0.007403379
-0.024711322
-0.098799154
0.111293554
0.2142683
25.625414
-25.849653
0.044980705
-0.04200702
-0.08162
0.08049274
0.0010854683
1.5442971e-06
-0.00021044748
-0.015106261
-0.00028110886
-0.0041216156
-0.9379811
0.9102944
0.027494073
0.13960937
152.19888
-152.35048
0.024059225
-0.008957191
-18.056698
18.039999
0.010194275
1.4384255e-05
-0.00022853834
-0.005197089
-0.00010572281
-0.0035579447
-0.14446294
0.07332567
0.07422322
0.12419075
213.56705
-213.7053
0.095067
-0.07326662
-8.270207
8.267046
0.00027974593
3.9148864e-07
-1.6673053e-05
-0.005882673
-0.00012029789
-0.007247204
-0.24411617
0.23076569
0.009851277
0.2385313
35.99504
-36.24521
0.06685813
-0.062650636
-5.272566
5.266972
0.0037442078
5.196919e-06
-0.00043913285
-0.011752322
-0.00026110938
-0.0029989497
-0.67086405
0.63896227
0.03324294
0.21841593
111.91239
-112.14477
0.03675422
-0.025446367
-13.995112
13.988473
0.0018988529
2.6140483e-06
-0.0003475711
-0.008280583
-0.00019379891
-0.006622477
-0.15091464
0.097612806
0.052611053
0.19130902
10.489936
-10.689862
0.010252194
-0.009106467
-25.443943
25.426817
0.0085906945
1.1729828e-05
-0.00018788803
-0.013951562
-0.00033164106
-0.0030896284
-0.35495958
0.3118297
0.032738328
0.248396
194.46132
-194.72841
0.12979299
-0.10949505
-21.496159
21.482277
0.006783409
9.18664e-06
-0.00037477625
-0.0036473759
-9.997003e-05
-0.009308955
-0.87509906
0.83461124
0.037258863
0.14103207
293.57254
-293.73206
0.060438268
-0.03118123
-14.194153
14.187116
0.0024497914
3.2906892e-06
-0.00039114538
-0.006552074
-0.00017839386
-0.0064190063
-1.070632
1.0763999
0.00045481324
0.24062885
2.5148506
-2.7658827
0.11582819
-0.11439413
-18.854097
18.841185
0.006874017
9.158415e-06
-0.0004895279
-0.008540519
-0.00024061248
-0.008456387
-0.901834
0.8265321
0.07568407
0.06780634
316.23334
-316.31766
0.077146746
-0.045519218
-7.6352353
7.626155
0.0066291722
8.760386e-06
-0.000539695
-0.011602938
-0.00033618667
-0.0036836853
-0.97989917
0.9484374
0.02660513
0.083414406
137.98412
-138.07695
0.059391193
-0.04532697
-2.3828406
2.379028
0.0030478972
3.99503e-06
-9.771809e-05
-0.00068504503
-2.3303728e-05
-0.0067754667
-0.07085139
0.0020266825
0.053654194
0.16941415
187.86035
-188.04517
0.12782463
-0.10819914
-28.979532
28.967648
0.0031244478
4.062092e-06
-8.5524494e-05
-0.0025264025
-7.827427e-05
-0.006209893
-0.8797725
0.8214319
0.06121266
0.17322613
103.142204
-103.327385
0.104338065
-0.09321159
-7.809376
7.8011594
0.005835016
7.5244584e-06
-0.00038383403
-0.004998058
-0.00016593933
-0.0044643236
-1.0332713
1.0252728
0.012505472
0.11893494
133.138
-133.26797
0.070219934
-0.056516223
-8.774436
8.759334
0.012401081
1.5861675e-05
-0.0003042235
-0.0122588575
-0.00039778068
-0.004667357
-0.51238644
0.47882557
0.034675717
0.118128106
10.225389
-10.348996
0.11286938
-0.11072578
-25.805243
25.785078
0.012627963
1.6020565e-05
-6.281147e-05
-0.00040957378
-1.5525264e-05
-0.003952625
-0.7879547
0.73343486
0.057222545
0.21742019
57.445045
-57.67437
0.10918324
-0.102461025
-20.761347
20.74897
0.0064472095
8.112772e-06
-0.00041613905
-0.006909035
-0.0002467411
-0.0016731735
-0.08324821
0.06742597
0.008040845
0.14263822
224.22197
-224.38098
0.14850149
-0.12512514
-5.502951
5.496356
0.005010788
6.2539393e-06
-0.00022015127
-0.00022363896
-1.6318692e-05
-0.0029671334
-1.0280708
0.91949743
0.11881328
0.08435035
74.821724
-74.913086
0.11124739
-0.10282328
-7.2745132
7.2625227
0.009893123
1.2246944e-05
-0.00013859673
-0.010225177
-0.00036819748
-0.0042303447
-0.55986845
0.45276052
0.10446441
0.036524612
141.94946
-141.99403
0.024435425
-0.010341235
-12.233777
12.227646
0.0028135276
3.4545205e-06
-9.61624e-05
-0.011455871
-0.00042229064
-0.0059870873
-0.5798488
0.55756104
0.019720197
0.22013183
107.92748
-108.16203
0.03158482
-0.020718506
-17.53481
17.52119
0.008886153
1.0821503e-05
-7.855208e-05
-0.009754054
-0.000368454
-0.0069072954
-0.2437997
0.14087796
0.092479706
0.060364075
248.69772
-248.77225
0.07947347
-0.054412592
-2.8191023
2.8108492
0.0074367174
8.982272e-06
-0.0002204441
-0.0077121183
-0.00030563129
-0.0049536177
-1.0011606
0.95398456
0.04485476
0.060396053
99.66793
-99.73551
0.047151897
-0.03695118
-7.0751314
7.069716
0.0035683427
4.274604e-06
-0.00024358816
-0.0090893805
-0.00036800746
-0.0054999855
-0.45019352
0.3605683
0.084851265
0.17240937
66.72648
-66.909325
0.12982939
-0.121999666
-23.381088
23.367428
0.007698014
9.145864e-06
-0.00030871967
-0.007974528
-0.00033400435
-0.003151651
-0.28839093
0.2083741
0.07907325
0.07624452
283.58215
-283.67535
0.054488692
-0.026275389
-31.189533
31.170727
0.010972971
1.2929406e-05
-5.7834415e-05
-0.0013950495
-6.0571183e-05
-0.0038720698
-0.715737
0.7028398
0.014140844
0.100538306
206.68317
-206.79802
0.06566147
-0.0448337
-15.576192
15.562442
0.00985839
1.15201765e-05
-0.0002454548
-0.0062097237
-0.00027215242
-0.0057887114
-0.45729378
0.35866064
0.09540081
0.024363102
24.109915
-24.136337
0.057082072
-0.054154802
-22.193
22.1765
0.011079536
1.2839941e-05
-0.00022929507
-0.010164395
-0.00044777786
-0.006201904
-0.71231925
0.6109983
0.09840429
0.004695158
223.24701
-223.26268
0.090090506
-0.06741198
-4.784849
4.779628
0.0040560584
4.6614687e-06
-0.0002224101
-0.0069274604
-0.0003139053
-0.003230524
-0.9221276
0.8367342
0.09495211
0.04003997
6.3343816
-6.376425
0.12130035
-0.119460166
-4.2775373
4.272047
0.0044548484
5.0771077e-06
-8.023659e-05
-0.0053363405
-0.00024241136
-0.00096041826
-0.21539639
0.19148502
0.020340443
0.093460105
285.87332
-285.98505
0.10361497
-0.0746841
-1.7086357
1.70718
0.0010571233
1.1947049e-06
-8.8055414e-05
-0.00020008488
-1.363398e-05
-0.006581971
-0.11386119
0.013181865
0.095704675
0.00785571
267.0768
-267.09827
0.02698855
-0.0006693818
-6.6431594
6.635952
0.005666439
6.3501275e-06
-7.727793e-05
-0.010286473
-0.00048123513
-0.0060058557
-0.018352501
-0.052420918
0.070952415
0.06796648
4.4717197
-4.5427966
0.058868103
-0.057833876
-1.7350676
1.7329776
0.001692316
1.8805092e-06
-0.000117911644
-0.008271202
-0.00039688314
-0.0015548205
-0.34652823
0.33265787
0.0050576925
0.019332344
111.333786
-111.35946
0.089660294
-0.07789998
-4.294468
4.2921124
0.0014181485
1.5625037e-06
-5.710707e-05
-0.010266304
-0.0004966791
-0.0052703912
-0.04295399
-0.042311016
0.076269865
0.039583504
96.80549
-96.85154
0.11728929
-0.10666645
-21.093697
21.084358
0.004840924
5.2882915e-06
-7.963492e-05
-0.00018010335
-1.3129075e-05
-0.005411444
-0.92363316
0.8359823
0.088918924
0.040843625
51.89633
-51.941444
0.09198751
-0.08599849
-4.334622
4.330977
0.0027184938
2.9443152e-06
-0.00013960605
-0.0075512156
-0.00038248138
-0.00494989
-0.83518076
0.804989
0.026979446
0.08384374
271.00253
-271.1038
0.10496876
-0.07747696
-9.232396
9.226714
0.0037674939
4.0453615e-06
-3.9364248e-05
2.5178713e-05
-9.853975e-07
-0.003457048
-0.37277758
0.34354728
0.03203296
0.032004263
110.04932
-110.08839
0.11356298
-0.10168707
-26.000776
25.985474
0.010011471
1.0656886e-05
-4.1532425e-05
-0.011140466
-0.00057243614
-0.0040320503
-0.7255065
0.6992805
0.030142993
0.029084906
267.3064
-267.35065
0.12531097
-0.09798141
-15.076667
15.064874
0.008753575
9.236826e-06
-6.602129e-05
-0.009781443
-0.0005112073
-0.004210976
-0.7045972
0.66299325
0.04163122
0.19426587
91.79432
-92.00166
0.063752726
-0.054140937
-18.035341
18.023232
0.008557156
8.950509e-06
-6.2260835e-05
-0.00096076913
-5.3944997e-05
-0.0038919677
-0.5881784
0.5820512
-0.00370121
0.12963076
62.031975
-62.17027
0.043661688
-0.03716074
-31.808218
31.798676
0.0035351214
3.6650358e-06
-6.388192e-05
-0.008305326
-0.0004465284
-0.0034173361
-0.7048416
0.6409771
0.059722662
0.057022873
105.92796
-105.9929
0.09349892
-0.0822243
-18.317312
18.301453
0.012347988
1.2688166e-05
-4.9651448e-05
-0.006936297
-0.0003772432
-0.0032899266
-0.79309535
0.79845345
-0.0030698478
0.17884725
181.70883
-181.90501
0.118709676
-0.099779546
-30.490305
30.478535
0.006196596
6.3103907e-06
-6.408784e-05
-0.0036484227
-0.00020302329
-0.006176731
-0.80633587
0.72966737
0.07932353
0.11842447
153.63205
-153.76367
0.10840532
-0.09232299
-7.5226707
7.512013
0.0092253685
9.310163e-06
-6.252709e-05
-0.009008899
-0.00050169503
-0.0059843194
-0.65618014
0.5856134
0.06712234
0.16602089
184.39034
-184.57324
0.08643821
-0.06757224
-22.661224
22.64699
0.010200247
1.0200538e-05
-4.9687107e-05
-0.00873635
-0.0004912476
-0.000699874
-0.81040776
0.787512
0.01747179
0.088232614
206.07356
-206.1766
0.06187442
-0.04114862
-9.756279
9.7516575
0.0029341958
2.907415e-06
-3.5605595e-07
-0.0019373987
-0.00010943058
-0.0036714957
-0.31352153
0.27674952
0.033999205
0.00865605
78.085495
-78.09868
0.036219325
-0.028240258
-6.477968
6.4637523
0.012998399
1.2760809e-05
-2.501344e-05
-0.007078573
-0.0004055627
-0.0014527608
-0.059880618
-0.030472178
0.084727526
0.064587764
175.15707
-175.23392
0.09128681
-0.073283374
-17.798386
17.785076
0.010312214
1.0029367e-05
-4.3664622e-05
-0.0073227286
-0.00042459997
-0.0012120176
-0.34592205
0.25399023
0.09094167
0.09619366
234.27692
-234.39001
0.052085876
-0.028707804
-16.034578
16.029709
0.0022964526
2.2124507e-06
2.4288577e-06
-0.007511474
-0.00043676837
-0.0063088955
-0.8097111
0.7492668
0.05966699
0.04112134
92.23393
-92.28176
0.05476401
-0.045216054
-24.039425
24.032173
0.0034840538
3.3247147e-06
-3.2663705e-05
-0.0021090452
-0.00012573107
-0.0025896153
-0.052164797
-0.0021931296
0.045169592
0.035206463
174.55554
-174.60175
0.044588506
-0.027115922
-14.996207
14.983595
0.010226237
9.664859e-06
-2.9493463e-05
-0.0033211894
-0.00019837377
-0.002798415
-0.47976172
0.46395957
0.014223576
0.12380158
133.71608
-133.85254
0.054152206
-0.04055712
-6.883445
6.8808494
0.0015599616
1.4600183e-06
-1.1011768e-05
-0.00916858
-0.00054745784
-0.0043088924
-0.7572402
0.6918037
0.0750476
0.08597634
212.78345
-212.88498
0.030985463
-0.009916862
-26.634281
26.619654
0.010661637
9.880643e-06
-2.3033099e-05
-0.0047116913
-0.00028451788
-0.0048258863
-0.8125944
0.77553695
0.03628683
0.09392672
58.57103
-58.672165
0.08522079
-0.078644656
-22.213444
22.208336
0.0019529407
1.7919131e-06
-9.738155e-07
-0.003221523
-0.0001949776
-0.002884076
-0.1080425
0.049292736
0.050883055
0.03065869
0.7188968
-0.75075823
0.056635115
-0.05599353
-1.1290057
1.1177639
0.010967271
9.961853e-06
-1.0878268e-05
-0.004998293
-0.00030510686
-0.0050498564
-0.4899522
0.47420287
0.014915109
0.09193631
177.97343
-178.07932
0.11335151
-0.09485055
-17.11023
17.106236
0.0016862346
1.5160635e-06
-9.90924e-06
-0.0069602504
-0.00042710543
-0.003972921
-0.4789458
0.46319914
0.016559303
0.14536734
165.2474
-165.40842
0.025994617
-0.00960594
-11.096597
11.085345
0.009700709
8.631818e-06
-5.0428825e-06
-0.0068711117
-0.00042373838
-0.0028700684
-0.6799309
0.62079376
0.055713534
0.14417197
242.97658
-243.14067
0.1255227
-0.10055634
-14.315202
14.3041725
0.009114885
8.025785e-06
-1.7148458e-06
-0.006137572
-0.00038036692
-0.0048417225
-0.63801503
0.5841527
0.055697262
0.026330773
234.26692
-234.30774
0.08958617
-0.06584187
-4.113913
4.1059213
0.0074044284
6.4506066e-06
-3.6637052e-06
-0.00056244526
-3.5248115e-05
-0.0025152012
-0.75705963
0.7463135
0.012855053
0.1056421
3.2083275
-3.3186426
0.036050867
-0.035365548
-25.30088
25.293278
0.0045258924
3.9004753e-06
-2.0535456e-06
-0.002717888
-0.00017009099
-0.004820453
-0.17574067
0.16937824
0.00488168
0.1623247
110.660286
-110.83596
0.111675
-0.099747956
-15.460052
15.455428
0.0027984346
2.385398e-06
-6.0341415e-07
-0.0033629276
-0.00021120989
-0.0043911636
-0.49640268
0.44547135
0.050883412
0.1496795
219.70963
-219.8784
0.10872006
-0.08619125
-17.30141
17.294903
0.004514552
3.8055455e-06
-7.128183e-07
-0.0050661303
-0.00031933887
-0.0026241918
-0.039131176
0.035753246
-0.0041667223
0.18517996
81.09526
-81.29306
0.074964106
-0.06628601
-4.6441855
4.636668
0.006936938
5.781583e-06
-5.662189e-07
-0.008042194
-0.0005085426
-0.003180712
-0.05552774
0.022706166
0.023014545
0.12738386
64.9544
-65.09092
0.06850175
-0.061468255
-0.9953278
0.9880438
0.007102304
5.8515457e-06
-1.7443146e-10
-0.004440557
-0.00028157257
-0.0032594765
-0.3991515
0.32822487
0.07273537
0.14985715
133.66527
-133.82939
0.02117108
-0.007910774
-21.428768
21.42006
0.0064518163
5.2536e-06
3.233501e-10
-0.86960536
-0.0978636
-0.0008897125
-0.0006445311
-0.013748169
1.0126413
-0.82927203
-28.48936
28.534006
-7.48568e-06
27.445946
-27.451616
-0.028396804
0.006473926
