0.73480344
3.3119845
0.77722037
-3.1285913
1.1042706e-07
0.43517247
0.07280674
15.673987
-247.52336
-0.1487503
4.780222e-13
4.79393
2.8585728e-10
1.2745072
0.5209872
1.6058975e-06
0.0338104
9.119758
-187.03065
-2.486384
-0.24344678
447.21252
1.0497589
-669.102
13.881229
229596.39
-48951.777
-132.02089
-12.63421
-0.1839071
0.009171913
8.234903e-05
1.949476e-05
-0.123265855
-36.771484
0.055975094
-1.0045478
-35.17888
29.586857
5.66378
21.473913
36074.023
-35973.914
11.515601
-7.902793
-0.50673217
0.18653572
4.2957286e-05
6.7290853e-06
-0.06911348
-34.3173
0.09135106
-0.34516516
-22.254162
14.73907
7.488966
2.8107464
26460.723
-26412.436
9.717045
-7.04782
-1.0264473
0.6238774
0.00011491973
1.1372233e-05
-0.010694936
-17.182623
0.06670088
-0.29586834
-36.03749
35.34952
0.51530343
3.5203187
17871.926
-17851.553
3.845312
-2.062157
-0.9102056
0.678777
0.00025378677
1.8129978e-05
-0.07512271
-3.322751
0.017814372
-0.20823069
-46.776875
41.66442
5.0672436
10.809439
6224.511
-6229.261
2.415145
-1.7847855
-0.21260157
0.1752325
0.00029756874
1.6642127e-05
-0.022318443
-5.8397264
0.03654813
-0.08532662
-14.393783
11.7139435
2.6594353
2.3718247
9660.703
-9655.275
3.7064528
-2.7299778
-0.5352178
0.46750394
0.00031460542
1.4479827e-05
-0.048308924
-6.394091
0.047825918
-0.11283714
-7.035472
3.111847
3.7456243
7.0059648
5558.248
-5561.6978
4.2144165
-3.6366036
-1.468632
1.3289741
0.00044037844
1.7243492e-05
-0.09055787
-3.6265268
0.032001555
-0.062716946
-27.519287
27.393167
0.13209198
0.41797605
7315.3926
-7311.653
2.9724777
-2.2321558
-0.8532926
0.7897876
0.0005423412
1.849734e-05
-0.07742508
0.054417644
0.00037644833
-0.17605558
-18.765509
18.130276
0.48923647
5.371718
1105.1162
-1110.0854
2.2740355
-2.148347
-2.1860068
2.0563755
0.0006860119
2.074113e-05
-0.06107915
-0.5767784
0.007070009
-0.11692459
-22.671015
21.887045
0.90405816
0.43456957
6990.908
-6988.359
2.0951178
-1.3931937
-1.585305
1.5085748
0.00030226726
8.21214e-06
-0.021802032
-0.11513596
0.0017457468
-0.11450076
-22.666622
21.792368
0.80426747
1.0435932
3203.69
-3203.546
0.6385681
-0.3191457
-1.0926987
1.0482537
0.00058023655
1.4319763e-05
-0.013291404
-0.089379005
0.0014251565
-0.071734376
-16.942099
16.021261
0.91694784
1.4093485
7146.0273
-7145.0654
2.9528756
-2.2295282
-0.16708332
0.16087696
0.0005240548
1.18524395e-05
-0.03479183
-0.16497684
0.0029120021
-0.09073367
-0.44822457
-1.5888703
1.9602693
1.3632542
7010.6543
-7009.935
2.3328626
-1.6272916
-1.9215388
1.8648359
0.0008402935
1.7544893e-05
-0.0024966856
-1.003344
0.01559372
-0.060127016
-6.582804
4.717094
1.8775736
0.019146733
2472.173
-2471.5173
0.40269583
-0.15692669
-3.9085853
3.8092995
0.0008586308
1.6653617e-05
-0.04312136
-1.2736893
0.02183814
-0.10590766
-11.92536
11.895333
0.011560822
3.305943
6792.482
-6794.199
1.2008286
-0.52455676
-0.3884065
0.37885574
0.0009723598
1.7612365e-05
-0.019153936
-0.8782629
0.015902128
-0.07096738
-12.656592
10.9222
1.7796745
1.0992583
445.11172
-446.13934
1.1028911
-1.0512687
-0.8847693
0.8667662
0.00078686804
1.3371439e-05
-0.015260566
-0.6907338
0.013259066
-0.07589164
-7.630857
7.2004256
0.33935523
1.6301385
2894.9277
-2896.006
0.35795835
-0.07078985
-1.5833671
1.5559198
7.779589e-05
1.2452741e-06
-0.033795036
-0.68558735
0.014292769
-0.09750547
-9.572964
8.507151
1.0645189
1.2886398
2200.795
-2201.7039
0.3186467
-0.100000136
-0.116357565
0.11373165
0.00080832565
1.2231142e-05
-0.031015264
-0.45486328
0.01021241
-0.045387045
-9.835195
8.371514
1.5159203
0.60516745
5077.0776
-5076.822
0.87645406
-0.37129807
-1.2220155
1.2039728
0.0009907914
1.4216874e-05
-0.008339429
-0.5752869
0.012815276
-0.043850277
-1.5384879
0.5624921
0.9640028
2.790419
3506.3328
-3508.643
0.9922497
-0.64043903
-4.845399
4.7840686
0.00017080008
2.3306427e-06
-0.0049167997
-0.48324746
0.011211087
-0.07647597
-6.3459826
5.906755
0.41680127
1.2711663
4804.6963
-4805.3
1.112888
-0.63278604
-5.7681327
5.7004976
0.0013518777
1.7587041e-05
-0.012834163
-0.06426734
0.0018817617
-0.035706587
-6.2180495
5.3861313
0.8498515
2.3013299
235.74174
-238.07352
0.5983033
-0.5707441
-3.2870138
3.2513041
0.0011725111
1.4575953e-05
-0.0018301464
-0.30371228
0.007643487
-0.023892323
-6.455182
6.376228
-0.00036104993
0.66151017
1706.2305
-1706.6963
0.80477244
-0.63142
-0.66630375
0.65892303
0.00094161637
1.1208954e-05
-0.018524192
-0.51364994
0.0138548175
-0.05420483
-9.409886
8.916114
0.47047436
0.012530519
1150.3105
-1150.1896
1.2659626
-1.1441298
-0.8293173
0.82077163
0.0011608923
1.3258106e-05
-0.027066126
-0.44896448
0.012857097
-0.021492168
-7.958308
7.6793737
0.28515056
0.9422002
380.83267
-381.7593
0.71389776
-0.6714333
-3.3515158
3.3238058
0.00019263075
2.114327e-06
-0.0057214326
-0.367769
0.010461043
-0.024130747
-4.603199
3.9724283
0.6158532
0.7973287
1112.9896
-1113.6986
1.1799318
-1.0623022
-3.7074916
3.6784117
0.0008385972
8.860431e-06
-0.027790088
-0.18955512
0.0062950114
-0.05903528
-5.809291
5.553634
0.27393436
0.14132445
3787.5483
-3787.3496
1.3002404
-0.91895247
-2.1825664
2.1670778
3.118362e-05
3.1763395e-07
-0.005089103
-0.05809544
0.0019095036
-0.015667718
-7.6986265
7.4824467
0.18348384
2.0172355
2047.8208
-2049.7202
0.39841512
-0.19416778
-7.0588193
7.0114965
0.00068906683
6.775745e-06
-0.018100068
-0.02671068
0.0014335732
-0.02026155
-2.5731814
1.8352044
0.6873361
1.3843998
174.97504
-176.38246
0.33101964
-0.3114023
-3.3854556
3.3633742
0.0011552229
1.0980207e-05
-0.004385941
-0.3264792
0.010467446
-0.053572055
-0.13476223
-0.039757676
0.10475647
1.3653581
220.71347
-222.09932
0.19339557
-0.1702319
-1.2941792
1.2859144
0.00076178834
7.007186e-06
-0.009878186
-0.072443455
0.0027139247
-0.034883883
-2.523237
2.030305
0.49679914
0.16099906
771.488
-771.60187
0.23531167
-0.15783948
-5.3000607
5.270841
0.00039729977
3.5405708e-06
-0.002821868
-0.23881033
0.008073774
-0.04568132
-3.2766955
2.4125557
0.8298676
0.06452267
494.81332
-494.84818
0.61302084
-0.5601663
-3.6320643
3.6129773
0.000491363
4.2467154e-06
-0.012866809
-0.21033305
0.0076703597
-0.020108482
-6.1026573
5.2908325
0.83574665
0.75224066
1920.2205
-1920.8849
0.6321028
-0.43892413
-6.457875
6.4241033
0.0025651471
2.1521895e-05
-0.01814503
-0.25960404
0.009792659
-0.027686179
-1.4695342
0.95992047
0.4894965
1.5089726
553.6675
-555.18896
0.77742356
-0.717517
-0.92315274
0.91694945
0.0019650888
1.6020052e-05
-0.00021464886
-0.094655745
0.0034418749
-0.031142045
-1.20571
1.0127333
0.19418383
0.4349971
2541.9485
-2542.275
0.5288812
-0.27532184
-10.137336
10.091459
0.002097719
1.6630896e-05
-0.005330045
-0.13081712
0.0050204634
-0.03703105
-6.685938
6.0301337
0.6465173
0.69092625
1129.9484
-1130.6082
0.2875772
-0.17445576
-0.53893244
0.53601533
0.0007024194
5.420043e-06
-0.013053316
-0.12614918
0.005258289
-0.018298345
-0.864036
0.35128367
0.50856715
1.126727
1778.9799
-1780.0675
0.9098829
-0.7286578
-6.319059
6.2935147
0.0009884953
7.4293444e-06
-0.0019993319
-0.17572358
0.0068544317
-0.016916573
-4.54148
4.2860985
0.22388178
0.027352612
2477.335
-2477.2737
0.29723558
-0.051651176
-1.5349935
1.5261914
0.0030913325
2.2646705e-05
-0.013449201
-0.196731
0.008273611
-0.016156578
-2.4363089
2.353094
0.04487684
0.2736441
1683.1923
-1683.4187
0.21423055
-0.047261186
-4.2075186
4.1906576
0.002039029
1.4570127e-05
-0.008571653
-0.16521895
0.0069758445
-0.047675107
-4.5569496
4.0270677
0.53770226
0.08326739
1000.5271
-1000.58325
0.6155184
-0.51295584
-4.871554
4.853985
0.0012258266
8.5493175e-06
-0.0026983551
-0.101630114
0.0042792456
-0.01464619
-3.188654
2.524662
0.69447577
0.81872624
1909.6902
-1910.4822
0.62400585
-0.43191826
-3.4654844
3.453373
0.0010112394
6.887898e-06
0.00026459503
-0.1360988
0.0056684655
-0.02603176
-3.7828038
3.4171987
0.3893769
0.660078
1913.0786
-1913.7133
0.48650545
-0.29503828
-5.568688
5.550004
0.0016392583
1.0911003e-05
-0.008242994
-0.0063258857
0.0006470825
-0.011772908
-1.0984362
0.86937195
0.21742304
0.76490426
2036.3701
-2037.1154
0.39619076
-0.19320649
-6.957396
6.935108
0.0019150651
1.2463147e-05
-0.001287004
-0.014813363
0.0007242793
-0.023173828
-4.9475155
4.461041
0.5158512
1.1476079
2018.3204
-2019.4648
0.72031724
-0.5168626
-8.359573
8.333765
0.0023654907
1.5059941e-05
-0.0018390216
-0.13898014
0.0061674756
-0.028525162
-1.946339
1.3716016
0.59409726
0.45501894
2068.532
-2068.9695
0.45669192
-0.25016466
-2.9677603
2.9566758
0.0030766435
1.9171557e-05
-0.0068627894
-0.03710014
0.0019743529
-0.018400757
-3.7696857
3.292868
0.49022037
1.2208514
802.9119
-804.1563
0.38971972
-0.30800477
-5.6837344
5.6657953
0.0032539233
1.985528e-05
-0.0030195098
-0.09602801
0.0044716024
-0.012042696
-3.4154222
3.267036
0.14002703
0.5449998
379.1675
-379.7233
0.58964056
-0.54830223
-4.05188
4.041329
0.00051659084
3.0881981e-06
-0.010167066
-0.10534381
0.0053201597
-0.018604456
-4.153578
3.5929685
0.5973084
0.18964253
1825.1089
-1825.2899
0.18556224
-0.004836929
-9.753104
9.727246
0.0026198577
1.5350357e-05
-0.0046211034
-0.11850322
0.005708462
-0.023947075
-2.2412236
1.9773195
0.26242352
0.6389337
1018.61884
-1019.26965
0.51633173
-0.41260856
-13.356349
13.323259
0.0024810592
1.4254254e-05
-0.0053202733
-0.019865142
0.0012264124
-0.016699947
-0.95281965
0.49512723
0.44980386
0.1872935
1383.3514
-1383.5387
0.17498247
-0.037762158
-3.238281
3.2280293
0.0030752143
1.733111e-05
-0.0043516043
-0.07134196
0.0036299508
-0.0074807163
-2.3468363
1.8400507
0.51527715
0.63488644
1007.9034
-1008.5539
0.12703495
-0.027022041
-1.8934461
1.8867772
0.002614838
1.4461344e-05
-0.007345991
-0.027418192
0.0017027074
-0.011395926
-1.1623293
0.66435575
0.48406434
0.20808332
1561.8303
-1562.0441
0.42404023
-0.26757863
-3.5250654
3.515861
0.0019580347
1.0630655e-05
-0.0089055365
-0.07210231
0.0039644614
-0.016466422
-1.7256627
1.3411219
0.38322726
0.82095647
1560.2418
-1561.0885
0.7017588
-0.54350793
-1.147166
1.1407095
0.0041385535
2.206585e-05
-0.0047968444
-0.0246383
0.0014770045
-0.02438597
-3.682101
3.5127633
0.17889763
0.03787177
649.534
-649.5753
0.5138272
-0.44647482
-9.007987
8.99059
0.0001906408
9.985521e-07
-0.0010394758
-0.08880882
0.0044892593
-0.029959643
-0.21341935
-0.039582446
0.23153396
0.57451385
174.12943
-174.7204
0.03579385
-0.01837437
-15.887239
15.854368
0.0035040635
1.8036595e-05
-0.009144567
-0.048693676
0.0029596214
-0.020136783
-3.2078598
3.0879169
0.12993486
0.9146683
80.93002
-81.87044
0.3556958
-0.34523588
-14.630981
14.601786
0.0030404842
1.5384816e-05
-0.005554053
-0.054993298
0.0031227565
-0.015223791
-3.5662673
3.1349554
0.4240688
0.8468311
748.5764
-749.45264
0.46405417
-0.38722092
-12.36812
12.344916
0.0018147989
9.029831e-06
-0.0007263335
-0.0041239066
0.00026664618
-0.028690208
-0.49154997
0.35635206
0.118202224
0.9243269
571.24915
-572.2046
0.44527942
-0.38600186
-9.574279
9.554201
0.004015139
1.9650912e-05
-0.0052697943
-0.034627676
0.0021182531
-0.030113032
-1.570698
1.3059019
0.2599241
0.1617851
80.62221
-80.78918
0.39258242
-0.38198218
-9.77348
9.754117
0.003483764
1.6775935e-05
7.028767e-05
-0.01736499
0.0009373017
-0.012748273
-3.9206023
3.7273974
0.22426026
0.60761225
510.6897
-511.32104
0.22546037
-0.17365827
-0.6219211
0.6187907
0.0021292216
1.0091033e-05
-0.005269894
-0.023450427
0.0015406619
-0.008335516
-1.362228
1.1377726
0.21386883
0.17188647
302.99484
-303.17563
0.45467815
-0.4217914
-12.85007
12.828418
0.0020517337
9.572578e-06
-0.008699857
-0.07474461
0.0044787494
-0.013444482
-1.3455229
0.9783157
0.3614169
0.34249535
926.34607
-926.7127
0.56636286
-0.47141087
-0.24200861
0.23756833
0.0040370026
1.854696e-05
-0.0017941017
-0.011832263
0.00076312805
-0.018395815
-1.5411541
1.4314637
0.0976752
0.3800762
32.69974
-33.090424
0.22705296
-0.2222642
-6.032919
6.0200806
0.00413047
1.8690804e-05
-0.00446702
-0.043838575
0.0026325712
-0.019157344
-1.5008419
1.4238813
0.059610516
0.86242914
43.914318
-44.80092
0.28818965
-0.2818359
-3.645594
3.640003
0.00050142256
2.235385e-06
-0.004859117
-8.5232314e-05
0.00029773483
-0.013283186
-2.1801991
1.8997586
0.2945251
0.8068827
172.4453
-173.27795
0.088776015
-0.07114056
-8.048139
8.033408
0.0037840127
1.6623528e-05
-0.0029326451
-0.07343403
0.0042457343
-0.016066778
-0.2593534
0.12266501
0.11869035
0.88079727
1263.415
-1264.3468
0.3567254
-0.22999357
-14.021933
13.998111
0.0052883257
2.2898641e-05
-0.0056338124
-0.0022363141
0.0004717779
-0.0026435128
-3.3801062
3.0188003
0.37706542
0.73300296
1371.3369
-1372.1208
0.15830469
-0.02231643
-12.770458
12.753614
0.00047613948
2.0325535e-06
-0.0011605847
-0.069295004
0.003964033
-0.009033022
-0.5413016
0.19897252
0.33628
0.16967833
721.83075
-722.0218
0.44989622
-0.37586135
-4.043027
4.0341506
0.0037941046
1.5970785e-05
-0.0072222333
-0.062497966
0.003939669
-0.010027649
-0.38803607
0.14300928
0.24861366
0.038859215
480.10767
-480.15933
0.049722455
-0.002172939
-10.755193
10.740051
0.0020604485
8.554171e-06
-0.0028301117
-0.036438495
0.0022351732
-0.005414632
-2.236341
2.0788298
0.17054445
0.7056321
1223.1584
-1223.9148
0.43459356
-0.3113323
-12.398593
12.378576
0.0052946145
2.1683867e-05
-0.0071827252
-0.020277072
0.0015990672
-0.014416266
-2.042896
2.0423164
-0.002853904
0.704851
825.3322
-826.0782
0.16521546
-0.082871884
-0.6349439
0.63401127
0.0001990339
8.0426724e-07
-0.004552359
-0.060206067
0.0037518966
-0.023722038
-0.08175688
-0.063445166
0.13186997
0.0048523243
1251.279
-1251.3184
0.18581565
-0.061519023
-5.9788523
5.9684806
0.0036193791
1.4433127e-05
-0.004025293
-0.011277698
0.0008990809
-0.022317953
-0.5147539
0.45599952
0.039179202
0.7678136
480.51077
-481.31326
0.20693228
-0.158208
-12.79874
12.780215
0.0044636875
1.7569242e-05
-0.0031367715
-0.011738301
0.0008749619
-0.01526539
-0.34333763
0.017678503
0.33510163
0.60826
705.7467
-706.3927
0.096717335
-0.02660461
-3.1282692
3.1207404
0.004144146
1.6102922e-05
-0.0019983219
-0.009293923
0.0006719084
-0.0034532463
-1.7869885
1.4795817
0.31884852
0.23735425
292.47684
-292.72958
0.2826883
-0.25199673
-9.11929
9.104033
0.0056955745
2.1852089e-05
-0.003188933
-0.0558041
0.0034675982
-0.01732222
-3.0925846
2.930803
0.16839974
0.69420934
400.82715
-401.5529
0.392413
-0.3502808
-1.8418834
1.8384997
0.0014945328
5.662653e-06
-0.004764183
-0.043215755
0.0028566546
-0.011252827
-0.22690842
0.18223076
0.03781843
0.35633367
989.56573
-989.9637
0.28143534
-0.18219255
-2.185739
2.1820652
0.0014876666
5.5673736e-06
-0.0007275276
-0.052045617
0.003131597
-0.010921291
-0.77964157
0.73230016
0.029831829
0.7296643
1148.0173
-1148.8043
0.1761863
-0.062034156
-16.852617
16.830856
0.005359614
1.9814252e-05
-0.005421302
-0.05875944
0.0038179301
-0.017010832
-0.095600285
-0.2027692
0.27493507
0.60814524
656.89594
-657.5425
0.07512187
-0.009957826
-18.62504
18.602354
0.004980031
1.8190447e-05
-0.0029199857
-0.053284455
0.0033513159
-0.010287149
-1.7477689
1.5148121
0.22311892
0.53124833
325.12
-325.67673
0.09827365
-0.06558659
-20.869652
20.845972
0.0043057757
1.554159e-05
-0.0030729051
-0.03871511
0.0025057406
-0.010020028
-0.73629516
0.53856176
0.1918438
0.092
1210.9824
-1211.1195
0.3450636
-0.22364523
-12.300182
12.282758
0.006227172
2.2214243e-05
-0.0013983549
-0.005981405
0.0004600442
-0.010932956
-0.26156202
-0.023221245
0.2773982
0.32161796
1137.6713
-1138.0425
0.41228136
-0.29759586
-22.120502
22.094385
0.00645951
2.2777142e-05
-0.0045266626
-0.03126909
0.0021630619
-0.017812492
-0.28273916
0.26052326
0.018119149
0.69384366
1128.1084
-1128.8632
0.30287075
-0.18982522
-4.293518
4.285183
0.0045704674
1.5932348e-05
-0.0040787403
-0.014702435
0.0011579498
-0.006200497
-0.4478982
0.21223415
0.22075501
0.39454287
1248.3986
-1248.8506
0.32700306
-0.2019962
-17.228434
17.211817
0.0019978783
6.8860004e-06
-0.0069053294
-0.037954733
0.0027356797
-0.013434472
-1.7774528
1.5291742
0.2600945
0.19325393
987.77814
-988.0148
0.23342359
-0.13469607
-22.752563
22.728973
0.004674379
1.5931564e-05
-0.0015137419
-0.016760143
0.0011236258
-0.015362174
-1.1689804
1.0899925
0.062399756
0.040748507
587.882
-587.9462
0.2723068
-0.21265753
-5.807574
5.797137
0.005665516
1.9097068e-05
-0.005677873
-0.0096524665
0.000965688
-0.008955815
-0.24746172
0.08581415
0.16200623
0.010384677
431.18384
-431.2116
0.36743206
-0.3225547
-20.819447
20.797314
0.0055224993
1.84124e-05
-0.0037950394
-0.028815087
0.0020139327
-0.013901587
-0.4651831
0.16132593
0.29616785
0.590449
75.292244
-75.90177
0.2079034
-0.19903964
-9.343058
9.331878
0.0038661591
1.27513285e-05
-0.0021420722
-0.025836533
0.0017090836
-0.012035419
-0.038174175
-0.24493955
0.26719254
0.1696885
1063.0679
-1063.2855
0.11396649
-0.008641379
-16.486423
16.471111
0.0027118751
8.849091e-06
-0.0022641954
-0.040459596
0.0026293602
-0.018653223
-1.3601918
1.2106498
0.1616393
0.57234424
894.7846
-895.41016
0.40286458
-0.31210238
-17.511393
17.492496
0.005750972
1.8568398e-05
-0.0038105296
-0.038675625
0.0026211834
-0.008948907
-1.3484038
1.1686403
0.18079525
0.4939355
334.0784
-334.59995
0.34375128
-0.30853438
-11.108631
11.098343
0.002126903
6.795711e-06
-0.001411398
-0.037376296
0.002376577
-0.014532368
-1.4671391
1.4699273
-0.0077063735
0.27450636
732.5661
-732.87933
0.32725814
-0.2529876
-12.048657
12.038764
0.0012316558
3.8947464e-06
-0.0006284961
-0.015434389
0.0010020435
-0.011956986
-1.109757
1.079598
0.02841743
0.25097167
342.96637
-343.23898
0.32629508
-0.29034656
-11.576572
11.564095
0.0042876303
1.3420143e-05
-0.0023653186
-0.03749451
0.0024498499
-0.018736588
-2.1518354
1.9341043
0.21252143
0.5627651
27.67843
-28.257603
0.10335449
-0.09988026
-26.375875
26.352211
0.0054030404
1.6740734e-05
-0.0006440866
-0.007530236
0.0005162244
-0.009812125
-2.2923274
2.261049
0.03491296
0.5900434
722.8925
-723.5312
0.17964615
-0.1072883
-21.64431
21.629356
0.00028810318
8.837431e-07
-0.005763514
-0.03328815
0.0024083625
-0.012539932
-1.9597174
1.9432769
0.0027902161
0.09419713
146.12143
-146.22435
0.15153874
-0.13614011
-17.86454
17.84773
0.0048883264
1.4846504e-05
-0.00075206155
-0.004562717
0.0003436621
-0.0065627987
-1.9428794
1.8506618
0.09581822
0.5038744
205.15892
-205.686
0.1645901
-0.1432565
-7.3927956
7.382768
0.0051558963
1.5505917e-05
-0.00051354297
-0.00046100206
6.4891574e-05
-0.008514077
-1.7341896
1.5383209
0.19962211
0.4024486
324.57883
-325.00723
0.3282736
-0.29410547
-3.750603
3.7431443
0.005009419
1.4919431e-05
-0.0008629266
-0.006557881
0.0004664153
-0.012910761
-1.3283626
1.1769968
0.1473367
0.010123511
448.9822
-449.01334
0.24120265
-0.19542591
-27.336351
27.313093
0.006017369
1.7749437e-05
-0.0011221296
-0.01057616
0.00073062524
-0.0090767015
-2.068069
1.9659698
0.11652868
0.41211218
711.10425
-711.56146
0.13774599
-0.0668469
-8.700667
8.691048
0.0042080693
1.2294596e-05
-0.0024917542
-0.0047347653
0.00045856374
-0.0051222644
-1.9007993
1.7200383
0.19213696
0.33303216
782.0208
-782.40045
0.2988396
-0.2198911
-2.03212
2.02948
0.0013947743
4.036719e-06
-0.003335307
-0.0053271595
0.0005452631
-0.012276991
-0.6269592
0.4459906
0.1656538
0.27013716
99.36795
-99.64997
0.1158755
-0.105297066
-16.725906
16.71067
0.005229076
1.4992753e-05
-0.0027925894
-0.020606464
0.0014401706
-0.013042855
-1.7093354
1.5071349
0.19988626
0.40945676
73.31821
-73.74224
0.18048638
-0.17202131
-24.806925
24.788593
0.003781599
1.0742409e-05
-0.0015946224
0.00062603236
7.987393e-05
-0.0071919244
-1.9662197
1.9649444
0.0015574705
0.44843102
619.00836
-619.4994
0.22688642
-0.16444111
-3.1195064
3.1141949
0.003484779
9.80863e-06
-0.00023798225
-0.03381155
0.0020811616
-0.015099249
-1.7063965
1.5548376
0.15670982
0.028355768
581.5346
-581.59235
0.3274059
-0.26801264
-3.4850333
3.4792757
0.003753142
1.046818e-05
-0.0030400462
-0.0044501033
0.0004638697
-0.0063922494
-0.37035787
0.35453132
0.008817065
0.36639422
232.0098
-232.39792
0.051514886
-0.028315086
-2.9702659
2.9667034
0.0018954498
5.239228e-06
-0.0032523738
-0.001112937
0.0002720825
-0.015978914
-1.0659883
0.93713576
0.13291925
0.015110794
296.17386
-296.20428
0.18101072
-0.15066601
-14.805933
14.790631
0.0071510677
1.9590228e-05
-0.0019388618
-0.027977165
0.0018184858
-0.0029850344
-0.0051903934
-0.1590776
0.1515242
0.47754803
121.1499
-121.646645
0.04409339
-0.03183455
-10.874397
10.863325
0.0051876805
1.4086062e-05
-0.00092804467
-0.023222022
0.0014643607
-0.0072605726
-1.6148773
1.5830208
0.020425683
0.43747073
926.6004
-927.0973
0.32254145
-0.2292048
-21.569078
21.55654
0.0011455166
3.0831789e-06
-0.0046394374
-0.002146882
0.0004177477
-0.011037715
-0.9010196
0.71664786
0.17661779
0.058581766
742.06006
-742.15845
0.18396492
-0.109746
-5.990598
5.982865
0.0045809243
1.22226165e-05
-0.002029013
-0.016844712
0.001141881
-0.00894182
-1.747452
1.6723651
0.080227904
0.10804418
368.76575
-368.89594
0.21403146
-0.17631666
-5.5417604
5.538437
0.00048878597
1.2929318e-06
-0.0023178135
-0.021902286
0.0014649112
-0.012483922
-0.9536146
0.8084701
0.1478864
0.50207096
393.1942
-393.73083
0.22143479
-0.1812281
-23.468618
23.454882
0.0019314892
5.065547e-06
-0.0029680924
-0.0036227452
0.00040486574
-0.01388603
-1.0793309
1.0723009
-0.005278955
0.09627295
573.2847
-573.4137
0.26610303
-0.20792647
-25.396385
25.38233
0.0014829689
3.85633e-06
-0.003061901
-0.0028192536
0.00035788064
-0.011714258
-1.7273744
1.6871027
0.039926708
0.093820855
581.1014
-581.22864
0.07006996
-0.012441725
-18.872965
18.862478
0.0012914948
3.3302197e-06
-0.003174522
-0.01387726
0.0010173102
-0.0040895673
-1.3616413
1.3047576
0.05046682
0.43074024
820.1676
-820.6541
0.09704303
-0.015688611
-17.17258
17.156424
0.007869103
2.0122092e-05
-0.0010741502
-0.029673697
0.0018139955
-0.014248144
-2.0492928
1.9768666
0.08410867
0.21934196
628.4301
-628.6895
0.06689003
-0.0046157567
-18.866915
18.855959
0.0020360453
5.163355e-06
-0.0020871994
-0.0076808217
0.0005833063
-0.008961049
-1.6104399
1.478033
0.12432445
0.30067983
750.0579
-750.4076
0.2234944
-0.14819871
-29.104198
29.08914
0.0015472148
3.8915286e-06
-0.0033271515
-0.025503894
0.0016948013
-0.013319243
-0.09876825
-0.1194511
0.20338184
0.22179642
450.33167
-450.58408
0.28653556
-0.2403011
-28.550879
28.529758
0.008002245
1.9963389e-05
-0.0012050827
-0.028881649
0.0017597184
-0.013869553
-1.8596616
1.6951321
0.1634905
0.13389878
400.88312
-401.04254
0.0808103
-0.040829208
-17.50577
17.497475
0.00041444812
1.0255881e-06
-0.0021723353
0.0006150168
9.45624e-05
-0.011071388
-0.18643607
0.13183026
0.044838432
0.3184428
703.83636
-704.20264
0.28525504
-0.21408848
-22.476366
22.45723
0.00909521
2.2326589e-05
-0.00012414587
-0.02193253
0.0012773935
-0.0050792117
-0.19369458
-0.032615915
0.22325735
0.34430087
510.47113
-510.85345
0.22297506
-0.17124067
-2.912809
2.9081028
0.00340388
8.289286e-06
0.00012584215
-0.021341048
0.0012250878
-0.004622955
-0.7838221
0.62914413
0.14388596
0.21765676
742.65924
-742.9244
0.14765726
-0.07360657
-1.9237332
1.9202261
0.002656183
6.417411e-06
-0.0026426434
-0.004699379
0.0004232265
-0.012518328
-1.8965852
1.7351563
0.16325311
0.28556156
465.83508
-466.15472
0.12496571
-0.07828499
-24.554003
24.541891
0.001700707
4.076765e-06
-3.995278e-05
-0.028744016
0.001628114
-0.002782305
-1.8535422
1.7617421
0.09215054
0.2034167
524.02234
-524.261
0.1379672
-0.08548499
-11.532127
11.526328
0.0009764896
2.322538e-06
-0.0035032216
-0.020804256
0.0013714447
-0.0047166804
-0.38686666
0.29411802
0.081866026
0.13452055
431.21915
-431.3819
0.05686111
-0.014057085
-6.2330136
6.2244534
0.005941397
1.4022227e-05
-0.0012404219
-0.023440497
0.0013811878
-0.0067191888
-1.8220371
1.7550192
0.068294115
0.3781199
682.5297
-682.9575
0.111425266
-0.043514874
-14.170908
14.158724
0.0063805575
1.4943222e-05
-0.00040021108
-0.01175522
0.0006849182
-0.007959115
-0.9675188
0.74834955
0.22148599
0.21357584
38.62388
-38.845478
0.052986834
-0.048811138
-30.41
30.394228
0.0035906064
8.345148e-06
-0.0017337286
-0.01430839
0.0008893956
-0.0077292793
-1.6856738
1.5564111
0.12529263
0.11901662
566.3325
-566.48737
0.10753856
-0.051107977
-11.365497
11.356935
0.004050901
9.343752e-06
-0.00021173134
-0.01923364
0.0010691645
-0.0018836088
-0.8562568
0.75221074
0.09714567
0.13735077
63.122913
-63.267513
0.22416285
-0.21643686
-23.047556
23.031075
0.0074654683
1.7090419e-05
-0.00020195654
-0.009501589
0.00052807847
-0.010270795
-0.66682595
0.49503988
0.16212353
0.14532258
261.13922
-261.30368
0.2517953
-0.22440885
-11.669848
11.660192
0.0051456233
1.1691814e-05
-0.00213945
-0.018064948
0.0010967337
-0.008302401
-1.306058
1.2767344
0.034220103
0.12597995
13.196373
-13.326581
0.14462465
-0.1423437
-0.7517402
0.746196
0.005213595
1.1758472e-05
-0.002441013
-0.005277458
0.00042439063
-0.010119547
-0.6212362
0.4429055
0.17669278
0.2832178
604.5401
-604.86694
0.21193266
-0.1510273
-7.7630053
7.7589517
0.0011541763
2.5839076e-06
-0.0011423513
-0.0091776345
0.00055390503
-0.0033006468
-0.9699145
0.7898427
0.18216386
0.35739446
773.35095
-773.7642
0.23022637
-0.15258873
-20.14455
20.128551
0.008528838
1.8954252e-05
-0.002220272
-0.018942697
0.0011248991
-0.007502264
-0.8551784
0.7802161
0.08086029
0.1838982
235.04622
-235.24928
0.072339274
-0.04871921
-32.265163
32.244576
0.008826052
1.9472232e-05
-0.0018890094
-0.022262508
0.0012698203
-0.0034481522
-0.33821225
0.31949973
0.011765725
0.37837
139.48419
-139.88141
0.043229606
-0.029183459
-8.141061
8.128357
0.009710698
2.1269256e-05
-0.0021989539
-0.019024357
0.001107761
-0.00988915
-1.3504361
1.1703038
0.18324219
0.24401116
727.4412
-727.73596
0.20386015
-0.13092594
-18.826036
18.818981
0.0004181239
9.092416e-07
-0.0029037502
-0.0014155337
0.00023489083
-0.010302613
-0.5662826
0.55543065
-0.00039655785
0.24252942
462.0095
-462.28665
0.13309456
-0.08673972
-31.548038
31.5327
0.004340201
9.370783e-06
-0.0005883025
-0.0035703576
0.00021487108
-0.0044985265
-1.6148314
1.4457008
0.18168728
0.26339212
672.239
-672.5507
0.14267136
-0.075574584
-3.431282
3.422556
0.0074833776
1.604259e-05
-5.1353327e-05
-0.0039519463
0.00020340896
-0.0061543486
-1.100973
0.8994584
0.20553654
0.32712543
609.10364
-609.477
0.12471124
-0.063937716
-4.983191
4.9778137
0.0036595284
7.789892e-06
-0.0012786309
-0.017736834
0.0009476398
-0.0014712205
-0.24683468
0.067926876
0.17016424
0.19912949
478.17255
-478.4065
0.052620776
-0.0052204463
-6.824432
6.811895
0.010169178
2.1495123e-05
-0.0016857169
-0.015568928
0.00085067615
-0.0026346843
-0.38878483
0.33552945
0.041913178
0.24154933
657.8658
-658.1546
0.2453439
-0.17897436
-20.359896
20.34303
0.010063678
2.1124019e-05
-0.0016085876
0.0010591357
3.1833108e-05
-0.004757261
-1.5460225
1.5089304
0.037489418
0.24248452
406.8194
-407.0937
0.12239589
-0.08154071
-33.962185
33.94618
0.0049191928
1.0254096e-05
-0.002334081
0.00022376224
0.000107777465
-0.009072399
-0.6320671
0.56014985
0.06381281
0.13551465
288.55417
-288.7112
0.08643258
-0.05746055
-34.969048
34.94941
0.008338527
1.7262097e-05
-0.00089221675
-0.00847231
0.00044791555
-0.0035178913
-1.4837276
1.3569703
0.1350178
0.04357928
420.42914
-420.5001
0.096138954
-0.054141436
-1.2842609
1.2756782
0.008104981
1.6663798e-05
-0.00030687678
-0.0057197134
0.00028712407
-0.009237669
-0.7555966
0.67735744
0.07213912
0.13237824
38.522137
-38.6604
0.16146418
-0.15657967
-28.931574
28.914171
0.008279605
1.6906984e-05
-0.00042836732
-0.001933917
0.00011726294
-0.010682288
-1.0997179
0.94456875
0.1601259
0.29510748
57.775692
-58.082584
0.1200455
-0.113528684
-15.774193
15.763521
0.005750867
1.1663822e-05
-0.0016792567
-0.011195559
0.0005973011
-0.010592698
-1.2522161
1.1908771
0.058501545
0.1630775
158.2473
-158.42476
0.05645694
-0.040498592
-5.351459
5.3482165
0.0015966072
3.2164187e-06
-0.0022521606
-0.0057250326
0.00036492615
-0.0056686406
-1.185493
1.1673695
0.0155273415
0.3492815
683.6612
-684.0635
0.25772372
-0.18872358
-4.424198
4.418111
0.004713309
9.431552e-06
-0.0022645323
-0.0003007087
0.00011926765
-0.006880853
-0.18136911
0.05468507
0.12203539
0.2698111
349.69254
-349.99194
0.111979075
-0.07680936
-29.361479
29.351507
0.0012344692
2.4537815e-06
-0.00045249218
-0.0044190884
0.00021647532
-0.009988541
-0.3955382
0.38146108
0.0028854476
0.1648481
230.67798
-230.86192
0.050602082
-0.027559357
-27.788872
27.777237
0.0034458095
6.8039394e-06
-3.0341285e-05
-0.002615496
0.000115183684
-0.0024700854
-0.17047682
0.098734766
0.057588514
0.15819936
597.92413
-598.1248
0.22931477
-0.16895662
-37.91874
37.904816
0.0029052931
5.698854e-06
-0.00033916347
-0.014174629
0.00062307
-0.0082377335
-0.402264
0.22311158
0.17076457
0.0019068886
645.81537
-645.85864
0.13306265
-0.06865542
-21.377884
21.368486
0.0032484273
6.3301477e-06
-0.0002708258
-0.011179439
0.00048640984
-0.0034658564
-1.3606436
1.2524818
0.118022375
0.033525933
458.52127
-458.5854
0.10181017
-0.056029364
-31.594526
31.576647
0.008862006
1.7156557e-05
-0.0008413598
-0.015360246
0.00067476253
-0.005618638
-1.2107241
1.1683995
0.040807243
0.32067868
52.554955
-52.887836
0.05043899
-0.044899818
-11.7595625
11.755772
0.00050160685
9.64791e-07
-0.00093954377
-0.0136118345
0.000595828
-0.0035196987
-0.4954205
0.38480628
0.102752306
0.019812712
470.9418
-470.99252
0.11528646
-0.06819522
-14.2993
14.2884
0.006892715
1.3171808e-05
-0.0018161556
-0.0074196653
0.00037615656
-0.00050327444
-0.80572164
0.6522797
0.14739464
0.14927076
321.72583
-321.90005
0.109634854
-0.07724364
-15.255558
15.245804
0.005542439
1.0523375e-05
-0.00028204097
-0.004732699
0.00020218627
-0.0068955533
-0.93833923
0.8621064
0.07589915
0.15981847
259.4244
-259.60562
0.07785417
-0.05180215
-32.156498
32.14333
0.004450763
8.39655e-06
-0.0021580486
-0.0054025403
0.0003003177
-0.0055875625
-0.89145935
0.77572227
0.12282639
0.0429134
489.0343
-489.11053
0.15474488
-0.10560752
-6.310701
6.308164
0.0008499516
1.5932571e-06
-0.00067165593
-0.007673953
0.0003212495
-0.0044805654
-0.30518547
0.16212396
0.13365754
0.16472398
569.7698
-569.9766
0.11970652
-0.062851414
-4.664411
4.661572
0.0015990642
2.9784883e-06
-0.00046922808
-0.00205359
9.889799e-05
-0.005927401
-0.4605294
0.34811136
0.11344593
0.06411103
107.43938
-107.512314
0.08183168
-0.070710324
-28.172256
28.16289
0.002018035
3.7351608e-06
-0.0018155045
-0.001622902
0.00012872167
-0.0070500807
-0.634275
0.58322316
0.048568208
0.016436616
215.59671
-215.62776
0.19132584
-0.16883853
-7.7435217
7.737596
0.0039008216
7.174633e-06
5.60194e-05
-0.008175852
0.00029471196
-0.003876755
-0.22254635
0.2103742
4.9381542e-05
0.0742236
216.03651
-216.12694
0.12219431
-0.100121126
-26.606709
26.59237
0.007514491
1.373467e-05
-4.9443584e-05
-0.003601928
0.00012898963
-0.0029080426
-1.1015172
1.0297855
0.07484693
0.04396516
554.84576
-554.9278
0.14493777
-0.08939367
-14.618662
14.609387
0.005561155
1.0101146e-05
-0.0013261494
-0.006589553
0.00027566392
-0.004662304
-0.0882959
-0.05810858
0.13930158
0.24386485
544.2559
-544.54285
0.17188852
-0.1171852
-9.010943
9.005821
0.0028603424
5.1632396e-06
-0.0005968704
-0.01623572
0.00057260226
-0.008775754
-0.5220712
0.3982236
0.12055662
0.17033124
610.64386
-610.85986
0.18456542
-0.12325542
-13.778844
13.766264
0.009126756
1.6373082e-05
-0.00011130581
-0.00036067909
1.7997503e-05
-0.0057691326
-1.2929415
1.1327268
0.16639553
0.12661582
369.95883
-370.1137
0.21282028
-0.17499661
-26.607481
26.60065
0.00038489504
6.862423e-07
-0.0014890386
-0.010327073
0.0003832597
-0.0033345306
-1.2541192
1.1361697
0.115192965
0.16500683
110.56462
-110.74147
0.120628245
-0.10892959
-14.401762
14.387589
0.010633966
1.884353e-05
-0.0014244533
-0.008376206
0.0003123512
-0.0024436056
-0.72408015
0.57370466
0.15665613
0.26672566
577.3797
-577.6929
0.062211033
-0.004982527
-31.720642
31.709711
0.0033984284
5.9853255e-06
-0.00073886616
-0.011019558
0.0003636924
-0.0029805168
-0.4249831
0.3803202
0.035619475
0.17715435
519.3978
-519.6149
0.07109042
-0.019513993
-35.806644
35.792885
0.0053412477
9.349867e-06
-0.0014998872
-0.006008206
0.00022941225
-0.0033986263
-0.93910384
0.7825309
0.15903787
0.20300063
457.6108
-457.8505
0.13955398
-0.093593076
-6.388558
6.376211
0.010778242
1.8753133e-05
-0.0007154106
-0.006370038
0.00020843158
-0.006642023
-0.43780726
0.41103795
0.027410997
0.18220949
101.239815
-101.43397
0.038181268
-0.027950268
-41.216198
41.194984
0.011685822
2.0209636e-05
-0.00085947214
-0.007006233
0.00022590933
-0.002413002
-0.39336944
0.27649796
0.11771274
0.07653749
178.72635
-178.81715
0.07696279
-0.05886201
-9.880503
9.873119
0.005106805
8.778729e-06
-0.00090156106
-0.0032075234
0.00011589576
-0.0020867607
-0.8644055
0.7773762
0.089902036
0.2064847
210.59462
-210.82124
0.18932119
-0.16732056
-2.9205453
2.9153414
0.0045133824
7.7121795e-06
-0.00026507126
-0.013160171
0.0003621607
-0.0067979544
-0.29567075
0.28279555
-0.0017887544
0.06733177
315.35153
-315.44214
0.06932465
-0.03783904
-37.62168
37.603317
0.009960422
1.691823e-05
-0.00041162313
-0.0021286705
6.741303e-05
-0.0041146562
-0.16112287
0.025349459
0.13393636
0.024545405
475.0066
-475.06442
0.11302691
-0.06555103
-41.335762
41.316402
0.010235926
1.7282857e-05
-0.0013354861
-0.012197113
0.0003431781
-0.0035957363
-0.5732818
0.4312229
0.13946326
0.25943512
415.3846
-415.67975
0.052242212
-0.0110134585
-1.789255
1.7837586
0.005067355
8.505305e-06
-0.00069311814
-0.008709912
0.0002294904
-0.006225428
-0.6205756
0.5909924
0.02623939
0.17039968
287.1164
-287.31134
0.12042128
-0.09136002
-29.611433
29.600838
0.0042348676
7.066062e-06
-0.00088120525
-0.012001336
0.00030490523
-0.0039226413
-1.3073114
1.2602597
0.05439602
0.31378722
70.17748
-70.50491
0.08773926
-0.08021812
-11.567001
11.559306
0.00520672
8.63653e-06
-0.0012400262
-0.005637735
0.00015722649
-0.0035566827
-0.030021451
-0.09887398
0.11962693
0.03905478
6.3522806
-6.3926396
0.1233714
-0.12191663
-16.055264
16.050264
0.00162567
2.6807313e-06
-0.000380594
-0.0048543727
0.00011606449
-0.0019101461
-1.2415509
1.2080883
0.029472493
0.22032271
151.85732
-152.0942
0.05239877
-0.037090644
-43.768867
43.750134
0.009608866
1.5752412e-05
-0.0012163504
-0.0034468535
0.00010016111
-0.0045789867
-0.38487428
0.28811315
0.10048665
0.13631578
425.05817
-425.22803
0.08786866
-0.045462508
-11.827393
11.817237
0.0076759607
1.25103525e-05
-0.00042537844
-0.013134111
0.00027429813
-0.0027053826
-0.27913153
0.26471406
0.008301836
0.057538114
549.1383
-549.2358
0.16540797
-0.11028754
-0.7411146
0.7359483
0.0049750814
8.061329e-06
-0.0005044752
-0.013361113
0.0002679542
-0.006221986
-0.67634815
0.618418
0.055283535
0.110340975
272.92908
-273.06146
0.09998207
-0.07245925
-38.59244
38.577065
0.0075943274
1.2234129e-05
-0.00036161387
-0.003243401
6.681658e-05
-0.0066770753
-0.8775352
0.8432331
0.030771244
0.056563053
537.6456
-537.7415
0.15469612
-0.10077792
-8.562016
8.548477
0.011752822
1.8823936e-05
-0.00010118249
-0.009009025
0.00016037037
-0.0036762105
-0.022108532
0.00064122677
0.011051773
0.054846074
215.26956
-215.34093
0.03746914
-0.016041277
-13.037483
13.034093
0.0008332484
1.3268889e-06
-0.00015210218
-0.007086203
0.000121379606
-0.004800262
-0.3114152
0.26599136
0.037832003
0.12174131
249.44434
-249.5869
0.050590295
-0.025706796
-18.721518
18.705288
0.012507097
1.9802283e-05
-8.6170396e-05
-0.01037755
0.00016497834
-0.003268364
-0.26272064
0.18030065
0.081085965
0.16159207
6.0644207
-6.2308974
0.04946739
-0.04852347
-28.882929
28.867857
0.009463028
1.4896846e-05
-9.820861e-06
-0.008383676
0.00012516434
-0.0020397971
-0.89013016
0.83563274
0.057962988
0.13522139
129.21751
-129.36568
0.016418986
-0.0035870462
-0.71430635
0.7059238
0.008179595
1.2802888e-05
-0.0011908709
-0.0077401763
0.00012550209
-0.0058280113
-1.1846466
1.1652613
0.025322614
0.11055523
230.32802
-230.45798
0.07316457
-0.05001121
-20.400623
20.394238
0.0025388342
3.9511992e-06
-0.0005192173
-0.006724543
9.511125e-05
-0.005226975
-0.4138631
0.40131173
0.012527858
0.29686
107.45354
-107.76631
0.027757404
-0.016973706
-14.6686
14.657272
0.008542924
1.3219828e-05
-9.308985e-05
-0.011159401
0.00013753561
-0.0050457926
-0.28253126
0.16802321
0.11836567
0.015749656
162.109
-162.13678
0.041213743
-0.024993123
-30.083656
30.074633
0.0034783557
5.3520953e-06
-0.0009993261
-0.004657315
6.463211e-05
-0.0056637903
-0.5708737
0.49399093
0.081406735
0.13483033
436.43454
-436.60437
0.109511726
-0.0658425
-23.576042
23.559471
0.012196284
1.866009e-05
-0.0010100568
-0.003847077
5.108097e-05
-0.0024297812
-0.56071174
0.4187433
0.14729829
0.064689845
220.84473
-220.92699
0.03775906
-0.015780106
-29.213903
29.197607
0.010963187
1.6678809e-05
-0.0010683539
-0.0081101805
8.759794e-05
-0.0028296874
-0.327791
0.28930634
0.035554703
0.07473046
10.156257
-10.233701
0.037389506
-0.036132853
-32.830368
32.818977
0.0055241156
8.356772e-06
-0.00035372603
-0.008485501
7.597096e-05
-0.006101677
-0.46851635
0.41818336
0.05372538
0.23808329
185.84154
-186.09964
0.12491619
-0.10577889
-20.124142
20.108398
0.012109627
1.8216258e-05
-0.00013281265
-0.01049491
8.154725e-05
-0.0033608382
-0.5659687
0.49421328
0.07311328
0.015133901
171.92978
-171.95766
0.039942153
-0.022764362
-6.16507
6.1569967
0.0069457525
1.0389762e-05
-0.0004808884
-0.009880358
7.006494e-05
-0.0036753619
-0.5734883
0.570289
0.0024581766
0.26955602
225.7559
-226.04924
0.08462832
-0.061832078
-7.114111
7.1030064
0.009803373
1.4582248e-05
-0.0008555641
-0.0039032013
2.805657e-05
-0.0056792726
-0.49283442
0.47383434
0.015638392
0.2779872
274.4546
-274.76004
0.087441415
-0.059836127
-20.212389
20.202606
0.006294129
9.310046e-06
-0.00039718283
-0.0030605076
1.7154736e-05
-0.0026708706
-0.7935279
0.74839866
0.04917672
0.01502765
468.0547
-468.10406
0.10579285
-0.059051234
-12.027977
12.018067
0.007824946
1.1509841e-05
-0.0004481314
-0.0114274025
4.7146157e-05
-0.0020260918
-0.71652883
0.7189089
-0.0112576205
0.23650752
527.2071
-527.4884
0.19766264
-0.1444664
-14.838113
14.835046
0.000595097
8.704661e-07
-0.0007052503
-0.008264627
2.734264e-05
-0.0016229874
-0.505578
0.38076594
0.12353842
0.25884566
95.26391
-95.53679
0.06859217
-0.05873803
-44.206005
44.193245
0.0054309233
7.899835e-06
-0.00085967587
-0.010476271
2.3869945e-05
-0.006453902
-0.91813755
0.86100763
0.06075919
0.12157639
195.32767
-195.46678
0.02220105
-0.0028302418
-2.2546313
2.253321
0.0009351432
1.3527158e-06
-0.00024140922
-0.010966201
1.2990392e-05
-0.0009821313
-0.75184345
0.65764904
0.09547216
0.2784628
380.66187
-380.9758
0.056208048
-0.018366715
-39.13604
39.122654
0.0070282393
1.0110273e-05
-0.0005997576
-0.005396183
1.343383e-06
-0.0073567755
-0.008197843
-0.09060486
0.09833954
0.16685423
233.48627
-233.67485
0.08373665
-0.06019674
-16.91873
16.907108
0.008853921
1.2666112e-05
-0.0006797448
-0.0044609113
-3.6982233e-06
-0.0020760975
-0.45100102
0.31631255
0.13699496
0.08728573
304.6925
-304.8044
0.040901653
-0.010653535
-11.608268
11.598174
0.008198235
1.166334e-05
-0.000418054
-0.0063149044
-1.1147913e-05
-0.004769244
-0.5597832
0.5083884
0.04616553
0.13451071
260.67593
-260.83313
0.08809824
-0.061858498
-27.960905
27.948217
0.008260553
1.1687175e-05
-0.00037954803
-0.0007411933
-3.0069552e-06
-0.0029411241
-0.94377196
0.8878713
0.058401972
0.08018206
37.729027
-37.814137
0.028397374
-0.024488736
-19.977488
19.964272
0.010055611
1.414848e-05
-0.00032205452
-0.008529899
-3.134639e-05
-0.0060180253
-0.60316473
0.48687303
0.11757391
0.20915371
137.76245
-137.98749
0.08476441
-0.07062765
-17.543106
17.536448
0.0039480557
5.5244423e-06
-0.00068337563
-0.009053059
-4.3726268e-05
-0.0031127904
-0.98371553
0.87454647
0.118326575
0.15117136
335.07413
-335.25418
0.0364439
-0.0032313794
-28.10867
28.09529
0.009061351
1.26096875e-05
-0.00034832882
-0.000611127
-5.2632395e-06
-0.0047751265
-0.31941473
0.3080195
0.009364397
0.14026451
382.25052
-382.42285
0.10207238
-0.06378229
-17.203495
17.196533
0.0043540364
6.025764e-06
-0.00057279714
-0.005310641
-3.754017e-05
-0.00500085
-0.27885354
0.16475447
0.117394626
0.20711543
383.40543
-383.6467
0.13474977
-0.09612076
-7.3914065
7.3846755
0.0055935164
7.698675e-06
-0.00022147564
-3.9802893e-05
-1.976456e-06
-0.0044372403
-0.17018223
0.16437027
0.0017952444
0.1708742
448.21356
-448.42227
0.17158616
-0.12634085
-6.6769676
6.667135
0.008784471
1.202429e-05
-0.0006557829
-0.0062228786
-5.6942856e-05
-0.0016895462
-1.1191127
1.053189
0.066319555
0.118621774
123.205124
-123.33603
0.09506349
-0.08229879
-12.2051525
12.190947
0.012340024
1.6798662e-05
-0.00015547131
-0.009416911
-8.8184315e-05
-0.004014628
-0.10383184
0.01943559
0.08294612
0.012915808
405.71164
-405.75494
0.10660548
-0.06599091
-17.851337
17.841166
0.0075538494
1.0226882e-05
-0.00053256867
-0.0070941597
-7.735294e-05
-0.005307046
-0.7093054
0.69887453
0.013543147
0.2310501
234.76036
-235.01535
0.1037359
-0.079930864
-18.343632
18.336018
0.004969716
6.6915136e-06
-0.00020251759
-0.010071242
-0.00011393245
-0.0039068176
-0.669646
0.5800792
0.086563915
0.20758808
109.17466
-109.39603
0.10325266
-0.0918041
-7.1655674
7.153253
0.01122015
1.5024855e-05
-0.00059010205
-0.008995967
-0.00011529414
-0.00094838464
-0.699384
0.5970149
0.101572886
0.112294614
166.16264
-166.29034
0.14610617
-0.1287761
-28.076977
28.06305
0.009958452
1.3262444e-05
-0.00041987706
-0.005416012
-7.5870375e-05
-0.0021923794
-0.8143487
0.7641748
0.052976448
0.16613926
135.62453
-135.80542
0.11675932
-0.1026234
-42.32652
42.31782
0.0028722393
3.8042858e-06
-0.0005430966
-0.0062070377
-9.41213e-05
-0.0046649342
-0.3777647
0.31701314
0.059541456
0.1663393
442.8296
-443.0336
0.11350807
-0.06918179
-31.129276
31.113567
0.011400613
1.5017655e-05
-0.0003146371
-0.0063187364
-9.877655e-05
-0.002013194
-0.3263407
0.22701646
0.099847846
0.18906748
127.345474
-127.54932
0.103191115
-0.08995793
-3.1987875
3.1928108
0.005503492
7.209979e-06
-0.00023756534
-0.0070613436
-0.00011536048
-0.0012127991
-0.44973403
0.3441642
0.10775874
0.075451784
483.18564
-483.29935
0.087382995
-0.03927199
-15.440029
15.429923
0.007993893
1.0415401e-05
-0.00049416296
-0.0063919444
-0.00011526918
-0.0024271915
-0.23324934
0.20946735
0.016770292
0.068982564
395.77835
-395.87875
0.17322582
-0.13313742
-31.372585
31.360897
0.007513857
9.736494e-06
-0.00041328982
-0.00058851903
-1.7870885e-05
-0.005938022
-0.9493822
0.92789847
0.027425101
0.021579986
175.36935
-175.40472
0.13682593
-0.118661895
-12.248806
12.236457
0.010670286
1.37511e-05
-0.0004859291
-0.005339467
-0.00010865142
-0.0028799446
-0.87161905
0.8279582
0.04355284
0.097284354
372.34116
-372.46912
0.15462857
-0.11696677
-0.93432015
0.9281786
0.0059735975
7.656295e-06
-0.00032124892
-0.0037608498
-8.004956e-05
-0.0061649564
-0.5600183
0.43662083
0.12457097
0.14746027
44.923588
-45.07848
0.012696908
-0.008179107
-22.769356
22.76289
0.0035380784
4.5099405e-06
-0.00031816144
-0.0032695206
-7.3365794e-05
-0.0038356348
-0.1401124
0.012821235
0.12700374
0.064109266
198.29727
-198.37807
0.151806
-0.13128282
-0.19914676
0.19556494
0.0035286932
4.473393e-06
-1.8948216e-05
-0.0046622646
-9.984783e-05
-0.0024918301
-0.07582479
0.027461318
0.03993456
0.23116845
56.296158
-56.537937
0.10163999
-0.095400445
-40.9257
40.90915
0.011364457
1.432816e-05
-0.00027167686
-0.009035352
-0.00020714609
-0.0049932348
-0.44529343
0.372162
0.0767797
0.1904772
101.89226
-102.09582
0.1083282
-0.097563945
-13.287628
13.28302
0.0029483493
3.6969016e-06
-0.00028084024
-0.007477216
-0.00017973866
-0.0028534995
-0.7479775
0.66503066
0.0874802
0.13699383
199.62587
-199.78183
0.04635738
-0.026401555
-16.581528
16.579227
0.0002787519
3.4761018e-07
-2.0962167e-05
-0.006241991
-0.0001507803
-0.0042490433
-0.94915867
0.8897053
0.05958085
0.09934056
9.1595745
-9.262247
0.07690478
-0.07547964
-35.336132
35.327118
0.004733156
5.8700184e-06
-0.0003264238
-0.0037854868
-0.00010324424
-0.0029958722
-0.8365032
0.81979644
0.020849248
0.05960872
3.2624812
-3.3240073
0.116369754
-0.115264624
-16.878687
16.871754
0.0048782905
6.016836e-06
-7.763358e-05
-0.00265758
-7.107859e-05
-0.0018959374
-0.3490019
0.33102566
0.0142891165
0.11235921
74.30188
-74.42294
0.02314859
-0.015675351
-36.244114
36.23168
0.008100409
9.936127e-06
-5.732359e-06
-0.0042185383
-0.00011294042
-0.0036789114
-0.84476566
0.7700808
0.077327155
0.030251
151.70628
-151.74887
0.063265815
-0.04792042
-30.701786
30.687143
0.010978171
1.3392058e-05
-7.658187e-05
-0.006862646
-0.00019165663
-0.0035236937
-0.7055971
0.6328556
0.07807895
0.047606077
266.11038
-266.17966
0.0574673
-0.030908132
-14.7627325
14.755364
0.005621103
6.819356e-06
-4.8747133e-06
-0.0026868633
-7.666657e-05
-0.0038003006
-0.9689672
0.9653942
0.005769227
0.20064537
446.1289
-446.36926
0.13322705
-0.08844236
-36.03055
36.021378
0.005021407
6.058269e-06
-3.5747435e-05
-0.003991708
-0.00011822285
-0.0044423873
-0.41603452
0.3665329
0.04703731
0.1615459
127.56063
-127.736336
0.06512628
-0.052129805
-44.605022
44.592396
0.0075492444
9.057843e-06
-0.00030046442
-0.006000534
-0.0001908473
-0.0032311566
-0.5391204
0.45619035
0.07888181
0.22654836
123.69664
-123.93889
0.05112457
-0.038595207
-25.644133
25.636744
0.004495122
5.363612e-06
-3.4237277e-05
-0.0042126565
-0.00013222787
-0.0029831878
-0.5372459
0.53607
0.0028120284
0.023511158
177.74702
-177.78482
0.041803032
-0.024041107
-24.010017
23.996475
0.010812087
1.2829694e-05
-0.00023169022
-0.0020940911
-7.49571e-05
-0.0043518287
-0.017654223
0.010586776
-0.0031164985
0.11790538
92.661026
-92.78921
0.093140595
-0.08339341
-31.570919
31.562458
0.004982352
5.8793316e-06
-4.1900358e-07
-0.0019131403
-6.317248e-05
-0.0003689051
-0.99339813
0.96297735
0.033112932
0.1370277
413.83725
-414.00986
0.06962284
-0.028445987
-15.102222
15.095645
0.0049160575
5.768901e-06
-9.711775e-05
-0.006556319
-0.00022402807
-0.0022833676
-0.87106436
0.85254735
0.020096725
0.026289618
65.181435
-65.2134
0.07532502
-0.06840866
-31.047134
31.040514
0.0032948938
3.8449925e-06
-0.00017390026
-0.007936735
-0.00028001264
-0.002034047
-0.7006383
0.67752606
0.020623695
0.097232
32.247078
-32.34941
0.030782662
-0.027395798
-23.56126
23.558014
0.0007612419
8.833847e-07
-0.00015920088
-0.0057337875
-0.00020862483
-0.0010281737
-0.4012705
0.29070356
0.11011844
0.14349541
9.555912
-9.704094
0.059663754
-0.058310565
-24.950922
24.944016
0.00428297
4.942426e-06
-0.00015308918
-0.00013567769
-1.0871388e-05
-0.0011355934
-0.6678518
0.6349238
0.03138326
0.22721079
421.30365
-421.5697
0.12095401
-0.07869093
-39.557533
39.54647
0.0069394438
7.963102e-06
-0.00018220025
-0.0069964705
-0.0002655921
-0.0036068999
-0.05657692
0.022953477
0.033685267
0.011121795
55.38997
-55.405678
0.047501713
-0.041735895
-41.32479
41.320366
0.00022764638
2.5976175e-07
-0.0002062154
-0.0013554024
-5.9397327e-05
-0.00473019
-0.16933769
0.06874744
0.10153028
0.15277289
92.814835
-92.979034
0.06538405
-0.055804
-22.229803
22.217575
0.009924571
1.1260999e-05
-0.00019789685
-0.0005668116
-3.013899e-05
-0.0023354944
-0.28775805
0.2557839
0.029808413
0.07285777
67.696846
-67.776924
0.0320918
-0.025212547
-1.2978377
1.2927486
0.004922114
5.55343e-06
-2.5382056e-05
-0.0047984137
-0.00019020175
-0.0035925163
-0.8878469
0.8859749
0.0059019686
0.22303028
186.30275
-186.54652
0.12888455
-0.10967926
-39.853497
39.836483
0.013002656
1.45874565e-05
-0.00015525332
-0.0041149086
-0.0001718763
-0.002142963
-0.90280896
0.84864396
0.056244344
0.06589529
120.74325
-120.820274
0.0976763
-0.08514275
-9.505755
9.493909
0.010842548
1.2095103e-05
-8.5930995e-05
-0.0013628013
-5.9530455e-05
-0.00066948985
-0.13621046
0.08454511
0.044239495
0.13061765
4.0242653
-4.1587005
0.09569537
-0.09464668
-29.19021
29.174025
0.013290027
1.47410265e-05
-1.1781623e-06
-0.0038892254
-0.00016207034
-0.0025461046
-0.14528878
0.036193833
0.10899017
0.12319053
47.20049
-47.330746
0.04355039
-0.038605116
-18.220562
18.217451
0.0013797452
1.5216566e-06
-0.00014574468
-0.0055280486
-0.00024082945
-0.0031423313
-0.77836
0.744548
0.031399563
0.02427967
244.13232
-244.17616
0.13511501
-0.11020146
-4.633452
4.628944
0.0040437654
4.434162e-06
-7.233236e-06
-0.006978348
-0.00030185273
-0.005338693
-0.5802886
0.4995053
0.08476826
0.20655577
418.66666
-418.91168
0.06436728
-0.022744805
-1.5600739
1.5585141
0.0014047342
1.5315084e-06
-0.0001026142
-0.0036982791
-0.00016731309
-0.0033743419
-0.13830855
0.06353772
0.07532574
0.21595539
170.50897
-170.74432
0.060617853
-0.04342312
-14.3496065
14.346978
0.0013121143
1.4222888e-06
-5.7312925e-05
-0.0065865996
-0.00029683782
-0.0040533105
-0.40985546
0.40058348
0.0023840528
0.21262085
161.67581
-161.90689
0.05854483
-0.04223299
-37.251484
37.23956
0.008493228
9.1531565e-06
-0.0001083635
-0.0012956726
-6.3832624e-05
-0.0034669514
-0.007325088
0.00570889
0.0005933102
0.14533913
112.76795
-112.926216
0.027444098
-0.01615652
-11.80028
11.792345
0.0068321954
7.3203323e-06
-1.1457226e-05
-0.0057918616
-0.0002673652
-0.0033539336
-0.34454674
0.2876882
0.05511246
0.1988116
125.73416
-125.94836
0.120589174
-0.10739847
-5.17909
5.167612
0.010938794
1.1652059e-05
-3.8861792e-05
-0.0014532761
-6.98221e-05
-0.004445567
-0.0658234
-0.022029212
0.08456201
0.19223782
343.0307
-343.25516
0.05674425
-0.022612562
-22.78583
22.783094
0.0007594626
8.0425184e-07
-3.3765818e-06
-0.005826171
-0.00027663555
-0.0030394737
-0.27420482
0.23681748
0.035542253
0.22085007
19.664232
-19.892809
0.023497358
-0.021384228
-2.456075
2.4558294
3.5193465e-05
3.705012e-08
-1.9152832e-05
-0.004697452
-0.00022694518
-0.002257882
-0.011531257
-0.07430477
0.083276615
0.098584384
83.07323
-83.18105
0.11687572
-0.10791527
-6.013805
6.0036073
0.00961564
1.00632105e-05
-0.00010021234
-0.0031304413
-0.00015774128
-0.0029226486
-0.6508979
0.5867058
0.06410755
0.17184928
78.340515
-78.523285
0.052990135
-0.04491476
-39.358936
39.35384
0.0017942471
1.8666382e-06
-5.4057113e-05
-0.0025906928
-0.00013077339
-0.0019284784
-0.86689997
0.7848099
0.084065765
0.12908863
363.07413
-363.2353
0.059043027
-0.022931667
-44.442173
44.429955
0.008487967
8.77787e-06
-8.336868e-06
-0.00715206
-0.00035830663
-0.0006919543
-0.8488852
0.7744407
0.0764409
0.080758676
14.249243
-14.333302
0.07037904
-0.068499215
-40.475674
40.464542
0.0077903494
8.00825e-06
-3.5470814e-05
-0.0068391263
-0.00034835614
-0.0018853995
-0.0048046713
-0.042724937
0.045966
0.04963728
305.1059
-305.18094
0.12820268
-0.097337626
-44.388474
44.383816
0.0010888305
1.11256e-06
-7.8013516e-05
-0.0018280048
-9.788648e-05
-0.003650728
-0.8798644
0.85090214
0.029490178
0.05625474
30.32487
-30.384985
0.10208234
-0.09841229
-28.866817
28.85505
0.009411332
9.558364e-06
-3.698121e-05
-0.0011847856
-6.352297e-05
-0.0013099284
-0.2597325
0.24715388
0.0126703605
0.10070075
22.199425
-22.3047
0.04031598
-0.03785331
-31.410355
31.402887
0.0049847118
5.0318536e-06
-2.7825465e-05
-0.00079930504
-4.3533808e-05
-0.0012570536
-0.23461683
0.20820579
0.02424143
0.040532913
224.45029
-224.50966
0.10690631
-0.08411613
-18.407276
18.404835
0.0010168034
1.0201552e-06
-7.922403e-07
-0.0017746243
-9.421247e-05
-0.0021001822
-0.79346293
0.7290008
0.06431275
0.09146846
141.62921
-141.73431
0.03507549
-0.020904608
-5.765052
5.7579584
0.006606024
6.5871254e-06
-4.2085314e-05
-0.00077996147
-4.422971e-05
-0.0028211467
-0.23581414
0.16817093
0.068402655
0.027566543
383.61716
-383.67584
0.11527809
-0.07678162
-7.824644
7.818195
0.0058200667
5.7675984e-06
-6.4688907e-06
-0.0009393437
-5.1263487e-05
-0.00093649
-0.0035771667
-0.07691108
0.073620416
0.1266868
357.9589
-358.11734
0.14107685
-0.10492115
-38.618893
38.614487
0.0015436964
1.5202831e-06
-4.0138202e-05
-0.0009126628
-5.2283798e-05
-0.0022110224
-0.79479814
0.71873826
0.07964719
0.17874157
139.03473
-139.22954
0.07940834
-0.06518754
-4.191338
4.190009
0.0010169359
9.95257e-07
-8.986948e-06
-0.005072444
-0.00028065083
-0.003570173
-0.1727178
0.088664025
0.08169286
0.06717478
91.70533
-91.7816
0.10642839
-0.09669247
-41.281544
41.27747
0.0011031162
1.0728158e-06
-2.03061e-05
-0.0027771299
-0.00015605266
-0.0025666277
-0.13372825
0.11976495
0.009438152
0.20350412
5.779411
-5.9890385
0.06831846
-0.06727297
-10.986429
10.974577
0.010994371
1.0624756e-05
-3.8956464e-06
-0.005331501
-0.00029998727
-0.0018691283
-0.26805386
0.20439816
0.064135805
0.12092101
90.68805
-90.819565
0.094249755
-0.08468989
-20.944124
20.941677
0.0009804951
9.4150033e-07
-1.6766131e-05
-0.0016331709
-9.3642586e-05
-0.0029419954
-0.26003838
0.23520906
0.025717653
0.0008930748
306.0294
-306.05472
0.03998708
-0.0096266195
-8.30707
8.305339
0.0011530969
1.1001418e-06
-9.100648e-07
-0.0015522527
-8.890978e-05
-0.0036156778
-0.41689417
0.3579166
0.062750265
0.015980849
267.8352
-267.87305
0.037473492
-0.010884161
-39.898304
39.89151
0.0040786867
3.866264e-06
-3.086314e-05
-0.0038704937
-0.00022494256
-0.0034156144
-0.5059972
0.4903177
0.013585834
0.07083416
291.06042
-291.1564
0.13061431
-0.10111321
-37.682877
37.667442
0.01284951
1.2101132e-05
-1.3498811e-05
-0.0060234107
-0.00035052252
-0.0040258006
-0.038197223
0.0072627636
0.023187479
0.10758348
170.77525
-170.89935
0.060553323
-0.043344866
-25.365637
25.35227
0.011618047
1.086976e-05
-1.9589017e-05
-0.00394788
-0.00023213064
-0.002339054
-0.7969063
0.76625544
0.034586195
0.16577446
255.75154
-255.94246
0.031739034
-0.0063613034
-11.192017
11.178985
0.012220917
1.1358384e-05
-8.7055305e-06
-0.0051605534
-0.0003044405
-0.0031430363
-0.37044534
0.31789485
0.04728274
0.17828068
22.770916
-22.95589
0.10076102
-0.09783052
-26.2272
26.2224
0.0031143748
2.8753282e-06
-8.218494e-07
-0.004067508
-0.00024121298
-0.002102276
-0.065101504
-0.027618995
0.090267695
0.024923656
47.550076
-47.579388
0.09184241
-0.08655042
-37.078
37.07069
0.004970156
4.5579254e-06
-1.9131714e-05
-0.005337215
-0.00031964283
-0.00083464733
-0.5681045
0.51877534
0.04904257
0.19093847
303.123
-303.34357
0.037342608
-0.0072669275
-8.493746
8.486046
0.0071257376
6.490586e-06
-1.8284705e-05
-0.0042308187
-0.000255076
-0.0014312812
-0.63845956
0.6017631
0.039390817
0.05320491
199.72365
-199.79442
0.054330617
-0.034322884
-0.97148544
0.9673018
0.00409431
3.7039667e-06
-1.0553116e-05
-0.0015160339
-9.220638e-05
-0.002232956
-0.5795387
0.5069566
0.07090468
0.059737522
181.53645
-181.61234
0.057758126
-0.039515298
-7.046876
7.0421667
0.004261278
3.8285393e-06
3.7872576e-07
-0.003984642
-0.00024188812
-0.0023652273
-0.78207916
0.6911241
0.096459515
0.12547208
204.61818
-204.76364
0.103939
-0.083111286
-3.6059797
3.5976477
0.008061212
7.1924014e-06
-4.1811225e-07
-0.0023417273
-0.00014291445
-0.001302088
-0.7133403
0.65053624
0.06605728
0.1851402
218.76193
-218.96986
0.051040143
-0.029169159
-35.07577
35.06195
0.011735458
1.0397453e-05
-9.783498e-06
-0.005129869
-0.0003151913
-0.0021330193
-0.8145824
0.7794098
0.036490567
0.06295934
184.99829
-185.07787
0.07692079
-0.05820932
-19.16739
19.160763
0.005518574
4.8548823e-06
-4.482709e-06
-0.005902046
-0.00036389823
-0.0028716815
-0.21164072
0.121723406
0.09428056
0.12539424
315.102
-315.25638
0.10796187
-0.07624346
-6.236721
6.2245
0.0117899
1.0298118e-05
-1.6750383e-06
-0.005446057
-0.0003370709
-0.0024575545
-0.6087877
0.54212046
0.06841356
0.09475637
145.22504
-145.33414
0.11426844
-0.099215224
-26.901892
26.890612
0.009758063
8.462076e-06
6.601432e-08
-0.0056537846
-0.0003512458
-0.0019205287
-0.083531976
0.050737675
0.030428441
0.1538246
304.53702
-304.71973
0.09040922
-0.05984426
-16.20238
16.1973
0.0041909073
3.607911e-06
-2.6379346e-06
-0.005506258
-0.00034354642
-0.0007576605
-0.4553424
0.4151534
0.040487953
0.14044757
95.86121
-96.01332
0.021535657
-0.011951496
-17.838392
17.826092
0.011293507
9.6511385e-06
-1.6156897e-06
-0.0049648
-0.00031079949
-0.00093101256
-0.42028227
0.3998096
0.01657583
0.019089662
242.83609
-242.87526
0.09973875
-0.07519229
-44.912533
44.90292
0.0072710314
6.1675732e-06
-1.6230935e-06
-0.0055561024
-0.0003489326
-0.0022571199
-0.50073713
0.49616203
0.0033843983
0.11527688
108.29611
-108.42334
0.087574534
-0.07632899
-44.47768
44.473377
0.0020868531
1.756888e-06
-1.5927216e-06
-0.0023480582
-0.00014795482
-0.0034305695
-0.1688924
0.07263637
0.099226266
0.14242886
67.22362
-67.37555
0.0330148
-0.026169725
-10.180615
10.169118
0.01092233
9.125685e-06
-9.740289e-08
-0.0056863944
-0.0003590422
-0.0021118294
-0.09354832
0.062982164
0.030945824
0.011703799
280.7304
-280.7652
0.060350962
-0.03234248
-26.07638
26.067474
0.007607768
6.3076586e-06
-2.7260506e-07
-0.0035320565
-0.00022357563
-0.0020565423
-0.6984302
0.6760927
0.023566533
0.0116615705
172.50575
-172.53168
0.045771983
-0.028502634
-6.3900733
6.381444
0.008271373
6.804729e-06
-1.4911296e-07
-0.0022005513
-0.00013959265
-0.0029564276
-0.14675187
0.1355401
0.009379352
0.1678849
340.17325
-340.3735
0.034392405
-0.0006967584
-41.50465
41.49138
0.011300294
9.223704e-06
-1.2052508e-08
-0.0023666623
-0.00015040157
-0.00081258715
-0.2733493
0.19349508
0.07724986
0.07857435
3.2065182
-3.2874386
0.07445563
-0.07363494
-28.849888
28.846905
0.0016930047
1.3709285e-06
2.0984921e-10
-0.26337487
-0.029514607
-0.0002523658
-0.0005948944
-0.030615082
0.8796536
-0.81978965
-356.575
358.3844
1.7034807e-05
28.379175
-28.375364
-0.029061629
0.0063826265
