0.73480344
0.41559893
0.77722037
0.9261644
0.45075795
0.59233737
0.46474734
0.12537466
0.46487114
0.06240578
0.9525701
0.41391867
0.23693396
0.032051746
0.70642984
0.005953026
0.60858667
0.5713913
0.26552466
0.47625563
0.67280525
0.65948874
0.72871166
0.8212734
0.7441809
0.82951546
0.55583304
0.2515014
0.670113
0.9946333
0.11332363
0.56147355
0.85342735
0.3914594
0.43187174
0.26687193
0.8483924
0.7571599
0.7500153
0.6684637
0.2150859
0.38518456
0.010620758
0.75447315
0.8294763
0.83843726
0.4484515
0.2423233
0.16875915
0.28168637
0.9599457
0.67296016
0.3621577
0.74213105
0.6290026
0.000256427
0.22996855
0.78402835
0.3122671
0.14616346
0.855018
0.97059524
0.85269624
0.4433794
0.0030743747
0.055696707
0.867054
0.98589426
0.7359875
0.06317238
0.76145875
0.052865088
0.5245173
0.11482125
0.49088022
0.2430208
0.7438491
0.35124898
0.6526449
0.7345922
0.70977414
0.530732
0.2697999
0.8179468
0.31137475
0.9476231
0.071328215
0.20396817
0.87838316
0.9319573
0.9752752
0.93150795
0.3174282
0.36288908
0.13044682
0.6892726
0.8058967
0.22261506
0.66955954
0.58424747
0.2572501
0.21647052
0.3043206
0.6156061
0.3295357
0.5631691
0.3675531
0.24485569
0.58165747
0.6456377
0.28370035
0.6080491
0.78717774
0.4847846
0.99998313
0.8889894
0.1828437
0.86376464
0.47862747
0.1552542
0.1897919
0.9445986
0.83957803
0.84351015
0.3866759
0.9810721
0.681345
0.730827
0.9186344
0.99148524
0.7526392
0.5727798
0.1968956
0.3577613
0.4580173
0.9084195
0.86092204
0.0710961
0.41473597
0.057170518
0.57619864
0.67660606
0.35087076
0.7890497
0.82751435
0.9499988
0.007661644
0.4423067
0.87749666
0.53418505
0.43049374
0.3700718
0.66551137
0.2250983
0.9166351
0.8307129
0.09778204
0.72291857
0.80565876
0.88888603
0.69396275
0.8307806
0.20172755
0.45538038
0.4447738
0.8804614
0.7865997
0.44601494
0.89828724
0.30423227
0.0499809
0.07467984
0.68041456
0.5153575
0.5287667
0.3531428
0.58017045
0.34428498
0.0529961
0.5457958
0.80862373
0.18224333
0.8846721
0.4852701
0.99291354
0.37038803
0.9028815
0.19657522
0.34163335
0.12872502
0.33259618
0.6173448
0.24442619
0.22071014
0.04665585
0.64746624
0.39012748
0.50852627
0.81028193
0.18945192
0.8127962
0.4115062
0.5487741
0.29023165
0.8282565
0.97383505
0.046744537
0.5119381
0.53516585
0.61686575
0.106323905
0.08996732
0.5108666
0.7559705
0.71691066
0.09583738
0.021704031
0.89592516
0.6009957
0.30407953
0.8776267
0.76523185
0.49719313
0.7588708
0.69461465
0.0856117
0.6103654
0.44388324
0.43645617
0.37566927
0.11668259
0.8668272
0.3704734
0.9089124
0.4420896
0.0042324485
0.3323567
0.079046644
0.9404306
0.72106075
0.22544657
0.8517902
0.91301304
0.17200895
0.7697703
0.8381909
0.35134387
0.19602205
0.7220266
0.048700403
0.5107269
0.851715
0.97667795
0.28178808
0.08731512
0.7631353
0.4472682
0.42353722
0.7054917
0.9454687
0.3935064
0.9623802
0.5530892
0.25763178
0.8188195
0.9873819
0.5158679
0.3017862
0.06827205
0.59993213
0.18661745
0.5796736
0.46272245
0.36362362
0.62425834
0.1556204
0.6137918
0.7129359
0.30374083
0.33991066
0.5254446
0.272627
0.97140217
0.47535104
0.4700368
0.042768467
0.31451634
0.054002352
0.11578889
0.79744905
0.7099346
0.95269036
0.950632
0.7085123
0.06535523
0.9130091
0.6994274
0.68953025
0.6491929
0.39799926
0.37777212
0.06376524
0.021839557
0.53050977
0.8973256
0.8183556
0.5345664
0.66443795
0.52774775
0.21126473
0.22310968
0.88035065
0.75961703
0.98785526
0.39543682
0.19722492
0.91818464
0.24919511
0.21737763
0.6166765
0.5180373
0.24697417
0.7057231
0.27889484
0.6316522
0.00014041441
0.63647944
0.44780377
0.12377673
0.6630258
0.28646746
0.9586141
0.667114
0.45128068
0.81909025
0.10109133
0.20242713
0.14623716
0.6473756
0.42489126
0.83409494
0.7391345
0.79074174
0.29831356
0.5420301
0.33103076
0.49081063
0.45822665
0.9582283
0.4670861
0.92889696
0.7627487
0.49031842
0.39665836
0.113739364
0.08134638
0.15709303
0.9335585
0.43719742
0.036488853
0.5579717
0.65110815
0.37661794
0.86953604
0.04968283
0.44041124
0.50540024
0.6320451
0.38045314
0.076769404
0.4828743
0.16970366
0.31228998
0.19350533
0.68353796
0.9993785
0.6050801
0.077764206
0.93878305
0.26061752
0.37199673
0.50838614
0.0980158
0.4859318
0.57348335
0.6145532
0.9126753
0.9006964
0.6837385
0.5861724
0.4472917
0.7268509
0.9231127
0.4459565
0.862967
0.004448858
0.26136807
0.9595274
0.116936505
0.5746087
0.28922948
0.9031603
0.8822061
0.8946948
0.063540585
0.7388357
0.1344518
0.8352704
0.81420296
0.27612317
0.47986582
0.4042909
0.09029187
0.58559674
0.45376116
0.09160684
0.90712947
0.24691753
0.7469658
0.20844185
0.053074833
0.9106881
0.23237063
0.6610804
0.48958975
0.58010346
0.59507823
0.35567054
0.27373728
0.9620921
0.48274437
0.38376313
0.021311143
0.9871574
0.4668723
0.2677192
0.7531502
0.9156714
0.76856583
0.2888
0.64182025
0.25713092
0.14445458
0.06543777
0.96602833
0.8630581
0.27371502
0.01375239
0.42439327
0.21167998
0.14669295
0.5910971
0.05709165
0.59178483
0.83949655
0.7816868
0.8828963
0.23755237
0.8120986
0.96974635
0.5418292
0.18886428
0.85379845
0.2932537
0.73017716
0.7333515
0.11397289
0.8611225
0.40357646
0.054538514
0.9715007
0.92983544
0.3038836
0.72845477
0.818605
0.68909776
0.048261583
0.31333196
0.39544818
0.47503567
0.16102539
0.18284872
0.86438656
0.6369307
0.81574005
0.80115247
0.79587656
0.1405602
0.0146993585
0.16445163
0.7285917
0.7031504
0.062830746
0.17699154
0.14616252
0.3030291
0.5471329
0.4359952
0.2316267
0.65592647
0.48182794
0.6912463
0.007953496
0.6780916
0.3210173
0.53589505
0.30746773
0.08549735
0.22543944
0.16939661
0.57940024
0.15305094
0.096209854
0.12506606
0.71263736
0.8573913
0.63227373
0.9785797
0.9859765
0.7080152
0.4287989
0.9497278
0.8410413
0.034779932
0.14917025
0.61995506
0.3847372
0.18350002
0.23604861
0.57677597
0.6991396
0.8085697
0.28208208
0.45588976
0.6055652
0.7994501
0.82744586
0.94995683
0.43349177
0.4261624
0.5968618
0.5004822
0.6635024
0.9295719
0.527694
0.84998596
0.9212844
0.21787347
0.6881525
0.00035627373
0.82377815
0.7872885
0.20350856
0.58650875
0.42221403
0.88117903
0.17765938
0.8421942
0.092081614
0.69164985
0.6633592
0.047624025
0.33359784
0.89873946
0.48046404
0.71216494
0.05119026
0.1558221
0.17353767
0.23817128
0.15625072
0.26147068
0.8371047
0.33238965
0.9825414
0.71772605
0.18516994
0.26652184
0.50168335
0.38302347
0.7876409
0.4234787
0.5404596
0.8636025
0.99070466
0.85081017
0.961481
0.4265968
0.382767
0.2164633
0.050798334
0.2338128
0.23801918
0.6591906
0.5410598
0.3668753
0.40399003
0.20688923
0.67922455
0.8534281
0.1296794
0.64008194
0.19864175
0.7161749
0.6191526
0.92853415
0.5796911
0.3203619
0.7132522
0.14217585
0.72577953
0.5230056
0.1868818
0.63771397
0.25062075
0.8413668
0.7108264
0.36186388
0.9681967
0.017062273
0.8846372
0.06755062
0.13715231
0.97616494
0.56381154
0.73607296
0.9010025
0.5714254
0.43558413
0.060521558
0.6557178
0.94373167
0.39008486
0.115423046
0.69601315
0.18281229
0.61676556
0.0633933
0.36642212
0.6277875
0.5535474
0.4926065
0.7808502
0.5722316
0.9839834
0.9331971
0.71384776
0.745308
0.7504778
0.7510346
0.4626268
0.056853622
0.37587163
0.7052407
0.41378435
0.36822715
0.7192392
0.18985736
0.49219835
0.01447221
0.36842608
0.16349405
0.62308526
0.45251805
0.5384241
0.9511785
0.090092964
0.57676643
0.73539853
0.60830224
0.28727573
0.29655835
0.9626271
0.039417505
0.66945165
0.24080369
0.6515936
0.34177238
0.5023585
0.826991
0.65471894
0.5491608
0.086313486
0.47634625
0.7543933
0.42541295
0.45079684
0.4696043
0.48350823
0.50744724
0.07839681
0.21645233
0.07541433
0.66377014
0.77990574
0.9883552
0.19258682
0.3269904
0.20763342
0.5650635
0.8219346
0.28505844
0.55032605
0.53622115
0.75875014
0.119764954
0.09005114
0.1432111
0.40551215
0.7717411
0.77920383
0.6296004
0.8978103
0.76694816
0.17770489
0.8676339
0.8335448
0.7799073
0.6464634
0.64772934
0.6678762
0.15036684
0.7865887
0.31899378
0.92138904
0.056871135
0.8039795
0.22738786
0.36044118
0.89329076
0.08716888
0.35182574
0.8731691
0.3858649
0.22449441
0.8243036
0.43178087
0.4551334
0.2581508
0.0137233455
0.5626924
0.13850059
0.7194798
0.40583557
0.71554875
0.77869225
0.37957415
0.9648623
0.34683788
0.48540384
0.42077327
0.8534365
0.3662708
0.2148151
0.59905034
0.50350827
0.16201007
0.5700525
0.8796497
0.6916409
0.66171455
0.25638124
0.46429595
0.43985954
0.16729936
0.8824818
0.2937108
0.13270022
0.88281316
0.71916
0.7300971
0.7048115
0.49507922
0.36742863
0.6509122
0.56489164
0.8232758
0.9550057
0.057196278
0.15640637
0.82112116
0.007947069
0.69256085
0.6594205
0.15168728
0.31994942
0.80226964
0.5144587
0.74141437
0.28202614
0.7711759
0.6172791
0.45245522
0.45173177
0.30998173
0.5378562
0.4679809
0.6917457
0.92949957
0.61217034
0.91074896
0.41818973
0.17633952
0.762525
0.39560887
0.49469876
0.3294052
0.9663765
0.1955593
0.7824526
0.44947895
0.16059339
0.64806217
0.06457468
0.2209578
0.7441225
0.66475374
0.34436992
0.53437823
0.99302655
0.13165948
0.33531082
0.092348255
0.51036865
0.4949369
0.9091904
0.4635011
0.5561776
0.48177087
0.047114443
0.12672463
0.6207602
0.4389793
0.5544622
0.25638506
0.9422486
0.2515167
0.41698122
0.53000414
0.4783011
0.24876072
0.88965553
0.6722273
0.18544167
0.76065373
0.47550735
0.23150559
0.45622513
0.09331659
0.6616817
0.61080134
0.87860626
0.43649366
0.4684147
0.88927
0.19857296
0.37687722
0.70412016
0.3754018
0.74763036
0.77466846
0.9840726
0.07395602
0.9467831
0.4771675
0.38819632
0.23272525
0.15862702
0.5845667
0.8720077
0.9852701
0.10085333
0.8216919
0.34253496
0.27132556
0.03493284
0.32836792
0.82335055
0.5702806
0.04283695
0.22857255
0.09286193
0.7231033
0.78253454
0.9596094
0.58785754
0.55957896
0.9033974
0.046533678
0.46269727
0.4933794
0.54279536
0.08994384
0.03450034
0.98804754
0.77361953
0.7707431
0.7620706
0.48726457
0.40332982
0.4688706
0.8188221
0.8068731
0.6068408
0.7422825
0.2536139
0.15107973
0.8804421
0.042905256
0.6597988
0.89417183
0.65977776
0.784257
0.4898329
0.52534676
0.5364799
0.5519996
0.20844322
0.48996398
0.30037513
0.841462
0.88131136
0.9734663
0.82904464
0.39971194
0.7530183
0.74304265
0.3871905
0.4168546
0.08295922
0.045738753
0.73785603
0.79588395
0.98153317
0.4209647
0.1184107
0.11704599
0.26614133
0.47272938
0.9213177
0.31048626
0.76358634
0.56561166
0.84251004
0.9685398
0.4950386
0.37180066
0.95993936
0.9825716
0.75669724
0.9357781
0.865845
0.38147163
0.53450656
0.3183285
0.16385223
0.04458671
0.76843876
0.56793535
0.7191741
0.84436965
0.04150681
0.16806148
0.04119352
0.44851878
0.2704033
0.11119225
0.14764316
0.9752682
0.45034552
0.052800223
0.6267805
0.28693563
0.3551717
0.03555929
0.432559
0.30068946
0.4754466
0.28206158
0.07234027
0.07293214
0.67641515
0.5103823
0.80613405
0.34277108
0.47355428
0.49984998
0.17987312
0.17294377
0.87680066
0.72313243
0.410307
0.18439862
0.7824002
0.8370929
0.10872261
0.36351413
0.57231766
0.028093353
0.9945873
0.34495687
0.79160565
0.5938928
0.36464053
0.5372306
0.9957491
0.013407891
0.7949334
0.7425443
0.20408769
0.14554572
0.36259758
0.52739
0.74845743
0.0054144687
0.4625966
0.40224507
0.2550417
0.620731
0.41123277
0.019489996
0.47693336
0.32914943
0.80107254
0.035635997
0.41409034
0.5125275
0.250273
0.8288047
0.19775817
0.22670938
0.72198105
0.39742798
0.18203631
0.67549926
0.948591
0.026802937
0.61420935
0.19592299
0.095805414
0.5263615
0.48648795
0.059115842
0.3227369
0.27442738
0.81943876
0.9211091
0.8601936
0.5853538
0.63590425
0.016287716
0.9019076
0.10527384
0.15742236
0.4261633
0.7124635
0.87710243
0.33030906
0.860518
0.651857
0.40087217
0.86715204
0.55199915
0.7504197
0.06905863
0.29707468
0.45476186
0.9993532
0.7798729
0.5166476
0.73174614
0.98142886
0.7177673
0.5904338
0.09750984
0.40039292
0.0154159125
0.25798583
0.99452937
0.9839573
0.9372019
0.86015105
0.27647743
0.84438646
0.8590771
0.05087872
0.6569566
0.087118246
0.6683818
0.15298633
0.8360118
0.35980234
0.061971385
0.8762936
0.77618206
0.97245693
0.15018143
0.7856403
0.336241
0.19816458
0.45875096
0.86951697
0.20507707
0.6845726
0.027803948
0.7334205
0.84738636
0.39924824
0.07914359
0.96692246
0.08295662
0.104875
0.11070254
0.58264506
0.17047912
0.04597664
0.30953255
0.0050997124
0.5380325
0.36669517
0.15795225
0.30095232
0.49026045
0.3003932
0.26223475
0.05112207
0.8591077
0.48100471
0.6479342
0.39778218
0.025102457
0.84955883
0.8003437
0.7411077
0.6118425
0.9296222
0.62857866
0.79017097
0.35761502
0.4039439
0.65671647
0.25198328
0.24286336
0.40721285
0.6014731
0.028282464
0.42536426
0.8604482
0.5478523
0.20004946
0.030915352
0.034484252
0.98811996
0.54259044
0.8555575
0.17618327
0.88884956
0.8748354
0.06771683
0.08216723
0.024054695
0.35688892
0.51245445
0.0055900607
0.8414769
0.1505667
0.2872898
0.61892766
0.28440043
0.45448732
0.20894548
0.7603425
0.94646645
0.6212653
0.67631036
0.5326084
0.15413773
0.13987009
0.5476907
0.9637327
0.32813427
0.3925144
0.6070475
0.75352883
0.2188915
0.3601405
0.20730983
0.43142042
0.59908694
0.5568362
0.14172482
0.27892733
0.10489022
0.8275786
0.06795967
0.77426136
0.48813382
0.066897936
0.14648733
0.6907601
0.33866793
0.24454784
0.16225447
0.5261225
0.09875212
0.21205571
0.70714664
0.7527766
0.55469084
0.8052985
0.15321283
0.30612323
0.20499822
0.642099
0.42167968
0.93756133
0.32376152
0.38447052
0.85368985
0.086244024
0.5646414
0.9427691
0.7914861
0.17703214
0.97469527
0.46207392
0.4597417
0.9073152
0.28493166
0.90427315
0.08411865
0.24300721
0.9221503
0.6085801
0.71667063
0.9480123
0.42425326
0.5069921
0.3474241
0.8432615
0.07101946
0.10904236
0.15207228
0.47193888
0.7116354
0.4764495
0.098609366
0.23897403
0.53014743
0.11623195
0.8006692
0.66612023
0.41912118
0.49506375
0.20577592
0.57889885
0.25166842
0.1324287
0.67198145
0.9786901
0.8364739
0.16430423
0.75120074
0.8507222
0.12313071
0.66290414
0.99470025
0.9507661
0.8390775
0.39650407
0.74461967
0.41344503
0.02947589
0.7947991
0.9091225
0.825912
0.48487264
0.026708182
0.8204115
0.7812168
0.07778582
0.36379823
0.88969445
0.75839764
0.22524393
0.8698504
0.9912967
0.16901568
0.5789137
0.65411884
0.7585751
0.7306817
0.24317521
0.17811035
0.9085965
0.66765237
0.18813524
0.39530328
0.6778291
0.1204575
0.24595699
0.8068948
0.058102574
0.1518732
0.24749605
0.5603844
0.550077
0.12778331
0.91554844
0.61483943
0.529374
0.954601
0.55730206
0.2092829
0.1267759
0.26082218
0.32268012
0.7816603
0.4308958
0.024716813
0.088159
0.79815763
0.5361233
0.45340097
0.8708617
0.82811844
0.94126725
0.9791147
0.13151494
0.59366894
0.6073675
0.3893564
0.78725135
0.73881096
0.31462362
0.28102708
0.09654958
0.060431674
0.12853308
0.99097264
0.8743083
0.5345888
0.18066287
0.6851205
0.6878253
0.5757257
0.33125326
0.15856957
0.07498916
0.69816405
0.73618615
0.32380557
0.15457061
0.6728565
0.70649815
0.5697982
0.9788227
0.57563615
0.71698135
0.29622084
0.4657401
0.9509465
0.7972549
0.5575365
0.4562412
0.9014386
0.87633663
0.38605374
0.6259811
0.7416508
0.106590785
0.28263205
0.7835495
0.3883636
0.93662596
0.68561
0.5536958
0.23711862
0.3335697
0.48584795
0.7688922
0.5245544
0.16510941
0.77531755
0.41688645
0.24740146
0.8444083
0.05962566
0.4717269
0.62027544
0.2365214
0.8221751
0.9351811
0.83847934
0.2920122
0.8771611
0.37307248
0.48369926
0.21259463
0.9511945
0.088128075
0.47608313
0.107466996
0.015463135
0.34997374
0.9516338
0.83897537
0.79304135
0.9657202
0.58822006
0.6204948
0.035011515
0.6629104
0.5949562
0.35425588
0.6327606
0.1688581
0.9158219
0.6296291
0.89389074
0.062306337
0.5938993
0.37259474
0.5494617
0.04798421
0.30923173
0.5363583
0.6194988
0.3901338
0.93166864
0.3502941
0.07333144
0.013228541
0.8580214
0.846605
0.25928277
0.88269347
0.02607403
0.65073454
0.3814926
0.81612015
0.3749845
0.84059006
0.54310477
0.9517121
0.7310583
0.08923337
0.4317157
0.50846744
0.4850336
0.03365896
0.8867436
0.7516361
0.952183
0.68420833
0.80089617
0.8196171
0.6092602
0.8535856
0.8001384
0.5255192
0.21881208
0.67133105
0.49867925
0.50860447
0.5755534
0.36609006
0.77352846
0.28397754
0.9516402
0.42971253
0.29326475
0.14098293
0.22001131
0.7883697
0.5890792
0.7515989
0.59985274
0.08363907
0.7043255
0.56055254
0.015474681
0.47341537
0.43441743
0.62879825
0.7887927
0.46149224
0.16816525
0.7874844
0.13998011
0.33856064
0.86488116
0.8379426
0.04484829
0.13145314
0.5083553
0.4286092
0.114550866
0.32715398
0.4016002
0.29767704
0.9150077
0.43910787
0.57976955
0.24384919
0.3808536
0.8432547
0.8517436
0.915545
0.9551151
0.74416786
0.5140429
0.8394564
0.73317415
0.86105865
0.9101575
0.02476876
0.3181141
0.990877
0.72364044
0.6428147
0.13750455
0.18099397
0.3325048
0.69313395
0.06111556
0.5021484
0.09257572
0.9049916
0.14478455
0.4229475
0.96487623
0.64091104
0.34530485
0.80543983
0.038223773
0.2260028
0.9368172
0.86020756
0.92288804
0.5055434
0.9130833
0.28947717
0.9343081
0.78120106
0.0856088
0.9317001
0.15495925
0.13088329
0.44272736
0.6585852
0.6425396
0.76296544
0.1651112
0.12500314
0.7499282
0.22633958
0.5710703
0.81451744
0.83873665
0.7817476
0.3313993
0.2825493
0.8414705
0.1860144
0.47067213
0.2700304
0.6715069
0.18787074
0.09551546
0.023998454
0.9000725
0.3276946
0.68333393
0.7860906
0.6549044
0.704985
0.6805543
0.3884498
0.6789218
0.29693848
0.97614837
0.13575037
0.6465344
0.49872634
0.1730068
0.17609523
0.5832219
0.9559969
0.08219269
0.078990564
0.18379498
0.54692566
0.5425919
0.71647507
0.01667443
0.41439977
0.65517783
0.98054504
0.7696964
0.62534124
0.22671607
0.28104982
0.49946758
0.25470996
0.9619216
0.10016529
0.43125564
0.8599222
0.39320832
0.08354679
0.7097509
0.66330874
0.22634934
0.3093264
0.5335239
0.58145195
0.465291
0.17970617
0.40035236
0.24891514
0.3285066
0.56580305
0.7791409
0.79714054
0.65654725
0.1600304
0.5792481
0.7366012
0.75194126
0.07161447
0.1753
0.47648454
0.61529285
0.21768121
0.90775603
0.7390423
0.5073945
0.7625058
0.06866286
0.26458278
0.6354741
0.9139082
0.47388968
0.09474107
0.36360446
0.58435494
0.6515652
0.41337258
0.52387947
0.5859024
0.67053044
0.6357459
0.8794997
0.26895332
0.4753667
0.7317374
0.74742645
0.7871254
0.72587425
0.07079361
0.5997784
0.85929674
0.46720827
0.90879345
0.34118918
0.03306439
0.8089603
0.43492633
0.31942686
0.123641156
0.51323766
0.85040677
0.046584778
0.50018376
0.80303186
0.60047436
0.5788612
0.10714856
0.4269321
0.6353127
0.079431415
0.8791016
0.004595466
0.88304293
0.7619778
0.10236166
0.27103803
0.74528044
0.5839318
0.46597824
0.05091356
0.56912607
0.9524352
0.11870908
0.45600826
0.1802404
0.5818716
0.19966455
0.052276313
0.109744295
0.8919146
0.94871277
0.8038114
0.16076511
0.044777155
0.16735336
0.66901886
0.22957216
0.10157239
0.100344665
0.2284173
0.0594278
0.6248605
0.1193033
0.77560157
0.93009555
0.87438565
0.045346685
0.6982226
0.473988
0.49305356
0.2611021
0.027645053
0.29535007
0.54552245
0.49613696
0.8548125
0.46811035
0.40249062
0.81287473
0.8438245
0.13342443
0.25378597
0.9883465
0.29801652
0.00016094916
0.5909342
0.58688384
0.8882325
0.12242419
0.11633176
0.361478
0.61517686
0.46692985
0.20903467
0.66715986
0.2795238
0.15942368
0.97779405
0.6156345
0.82678896
0.730795
0.14372592
0.84818006
0.8210187
0.9416225
0.84525776
0.71131575
0.13477138
0.033383965
0.93162006
0.19394615
0.84912527
0.6559778
0.6366746
0.18050008
0.7283184
0.41156414
0.7103218
0.8028985
0.11039298
0.76067
0.40839845
0.19601887
0.53476274
0.4492161
0.4380809
0.5404578
0.9710704
0.7203494
0.13580397
0.33548528
0.32389316
0.80667496
0.32392946
0.3477793
0.20640434
0.38151896
0.66203886
0.17993449
0.056621328
0.8774229
0.5281984
0.70681894
0.8873376
0.73924696
0.77195853
0.4448665
0.2605322
0.44356123
0.57344306
0.29445884
0.9689339
0.41085574
0.68655556
0.7561965
0.22204849
0.41553086
0.64681983
0.19914752
0.3269533
0.7752138
0.98294723
0.78093714
0.8889729
0.50546867
0.036141276
0.67824376
0.18695436
0.60367244
0.79466844
0.8121574
0.1692085
0.1945633
0.66451454
0.17948954
0.09776405
0.9059896
0.3238996
0.07818094
0.35745135
0.8195057
0.19973378
0.5920583
0.18387681
0.617291
0.047967758
0.5990596
0.14627062
0.26611274
0.70334107
0.5202421
0.214686
0.20716505
0.34877074
0.8869243
0.9520097
0.64951193
0.23999694
0.5768416
0.8534275
0.87918365
0.061011694
0.54108655
0.8847146
0.24975091
0.25057042
0.9459637
0.40467095
0.84539175
0.9834925
0.0539354
0.6005667
0.989229
0.33810422
0.1771248
0.4384856
0.67935944
0.018105023
0.5901632
0.22725715
0.47753897
0.4937937
0.310199
0.4180254
0.66541284
0.35671207
0.8556222
0.2032488
0.7828945
0.56094354
0.9536019
0.60572314
0.8178479
0.5862683
0.90386987
0.17146324
0.52248013
0.78578407
0.9193095
0.054767307
0.8838585
0.7744082
0.9933079
0.3833524
0.04626267
0.867548
0.87058157
0.4505245
0.49525818
0.95867723
0.88041323
0.8805623
0.8254711
0.32428476
0.9736339
0.21801892
0.8633355
0.9511106
0.12624791
0.6475668
0.9207913
0.71643174
0.86486405
0.27402827
0.44452465
0.16425613
0.53604686
0.04528803
0.021981526
0.5112686
0.05333907
0.67328
0.72858715
0.69823444
0.23717494
0.029152138
0.09265839
0.2257895
0.5743753
0.6584515
0.787086
0.8684558
0.6835009
0.9870235
0.7570637
0.07159345
0.7355986
0.26369292
0.15577462
0.69975823
0.33027416
0.36451998
0.096615694
0.93693393
0.4993521
0.71799874
0.5757184
0.7003829
0.08797372
0.36688223
0.99658465
0.02474226
0.71981204
0.9345775
0.25915748
0.40232667
0.3377917
0.9910886
0.39674857
0.65706164
0.9089767
0.45719045
0.8441473
0.30352202
0.05770986
0.28436998
0.07857966
0.6551574
0.2537549
0.55113685
0.8447279
0.8174292
0.18488282
0.44783917
0.97092295
0.7295364
0.77207893
0.6051321
0.53399175
0.32543808
0.73169017
0.18086886
0.2120884
0.021747937
0.9964019
0.2085156
0.22430633
0.11153941
0.7726103
0.23896801
0.9557762
0.4309334
0.63060963
0.4345275
0.6054168
0.35823485
0.3413886
0.10316805
0.04523325
0.89322054
0.8567394
0.13809358
0.0235538
0.93332684
0.9999053
0.0148193715
0.19952764
0.39328405
0.6538225
0.28949833
0.5021612
0.05937908
0.18331893
0.623654
0.2004338
0.33156815
0.8808322
0.44871157
0.206113
0.9861027
0.4953115
0.27405936
0.9551761
0.33357078
0.5843932
0.8213458
0.80134916
0.1852716
0.4141053
0.6654651
0.8879954
0.15422486
0.44595462
0.7668315
0.61922824
0.41167742
0.72051203
0.20414793
0.51036406
0.9713232
0.46742284
0.46752575
0.045939703
0.20945755
0.8830134
0.37211695
0.29806447
0.47900912
0.59140193
0.118703514
0.32263693
0.98674864
0.21528439
0.32478327
0.8981779
0.6123025
0.97520596
0.2620129
0.67519766
0.22102697
0.3279522
0.41719717
0.56065816
0.08842022
0.7260879
0.4673292
0.034861643
0.33361506
0.3433381
0.5515252
0.45904553
0.4769814
0.7440458
0.30507764
0.075995535
0.9432813
0.6609237
0.76411295
0.13009498
0.06283481
0.36632022
0.508576
0.9816863
0.21766683
0.76865685
0.34221372
0.35944062
0.7723468
0.88966024
0.32522723
0.31629595
0.98554766
0.332605
0.5234578
0.49574262
0.62642086
0.77728766
0.6189609
0.59070987
0.60703766
0.1308758
0.70764774
0.7119603
0.16440746
0.19078434
0.2846085
0.016254814
0.6299098
0.021296129
0.5271765
0.7259031
0.7347141
0.3073223
0.6524364
0.61191905
0.9799991
0.98361117
0.5509191
0.3393352
0.80762786
0.41409576
0.6447732
0.7433842
0.6733998
0.21860707
0.1160106
0.50467205
0.35825735
0.40995845
0.45077386
0.057644937
0.61508024
0.024720246
0.45789477
0.5370284
0.8481556
0.5415906
0.8198467
0.95813674
0.6854771
0.56392956
0.85222316
0.9365017
0.7043604
0.85106796
0.37579152
0.6225206
0.41171432
0.16680074
0.34712887
0.47686988
0.3663367
0.08498896
0.42521426
0.29348657
0.22049534
0.8979774
0.8767966
0.9199231
0.61517894
0.98219484
0.76516694
0.033200864
0.7097153
0.60662436
0.08950422
0.18905129
0.08736257
0.41997844
0.8812611
0.1758073
0.13305797
0.22527227
0.9591407
0.92209923
0.7187013
0.87621033
0.28357396
0.87790304
0.4657081
0.8106908
0.987373
0.76294696
0.8639624
0.4542644
0.5724227
0.9213913
0.6013278
0.5179781
0.041064505
0.95281273
0.9489751
0.1899854
0.8294957
0.9497344
0.43473876
0.8129425
0.6028017
0.32126024
0.05228716
0.65475184
0.57300174
0.5895921
0.4012933
0.8631394
0.4238686
0.3575848
0.20434728
0.17780562
0.4641252
0.381622
0.2657654
0.13896321
0.1867581
0.9282594
0.84965116
0.21979825
0.62728417
0.8639974
0.3521723
0.09335789
0.726789
0.2939764
0.03260162
0.17224088
0.2119388
0.32653344
0.77059567
0.28996474
0.9277095
0.63639486
0.98569983
0.46277085
0.78460974
0.78862244
0.30008864
0.13483973
0.3534716
0.22416998
0.42706117
0.8212979
0.035325713
0.05058884
0.24236806
0.58136547
0.14409645
0.14282994
0.85782063
0.8200207
0.480636
0.62346345
0.024676917
0.18366313
0.976929
0.07561933
0.56002843
0.7547006
0.4211956
0.014503043
0.59198445
0.39652723
0.9083563
0.22692466
0.2577354
0.74713266
0.58743685
0.8638175
0.852007
0.54501086
0.9616354
0.29551998
0.55560327
0.028875757
0.80022913
0.54335964
0.03843957
0.022064036
0.23521425
0.91472644
0.2300145
0.64689475
0.5940216
0.53808004
0.39090773
0.9043329
0.46757644
0.32238337
0.81347096
0.100260496
0.29288396
0.6309809
0.9050987
0.6570687
0.5538835
0.37503338
0.36010784
0.69533634
0.3340601
0.3842848
0.2773932
0.92629224
0.788463
0.2320397
0.32207668
0.42689684
0.583977
0.024399268
0.79886633
0.2963877
0.05125923
0.88994664
0.67159605
0.32401988
0.10810478
0.5636008
0.263185
0.03384366
0.76243913
0.5075857
0.13613611
0.28041974
0.29984206
0.70658845
0.8298066
0.12282545
0.9973787
0.4555554
0.40575254
0.71172357
0.3309166
0.05217554
0.7663927
0.7585495
0.7749107
0.9616162
0.20651783
0.11737899
0.30440655
0.8244527
0.9661973
0.4079554
0.7642926
0.6678353
0.80323815
0.33720452
0.7438826
0.078926206
0.5594817
0.4115045
0.53553987
0.7521338
0.6536927
0.6130946
0.19979207
0.90662706
0.8018257
0.70865905
0.76850593
0.7653337
0.33627865
0.6175648
0.41355938
0.21674684
0.20093909
0.13891295
0.14794493
0.14789303
0.8433775
0.38416037
0.2600567
0.2429602
0.9222987
0.5072015
0.749073
0.72979677
0.12007774
0.530393
0.8925144
0.94223773
0.94270325
0.11428136
0.4346087
0.21181156
0.86590296
0.12876171
0.9532971
0.42001286
0.88419074
0.13324058
0.42142498
0.11205877
0.6492198
0.55793977
0.69402844
0.48532978
0.38624942
0.7547729
0.11327917
0.23717545
0.18667924
0.23991056
0.57049286
0.97401476
0.5810832
0.085996695
0.5150583
0.24672997
0.08137678
0.81033444
0.4265219
0.3222749
0.13951094
0.7109407
0.3146914
0.064189516
0.015373273
0.13104424
0.40688294
0.041559655
0.5431359
0.4243873
0.98148495
0.105695106
0.36440125
0.9186165
0.41196275
0.8405085
0.860956
0.9655331
0.26407886
0.39416686
0.15636522
0.7280976
0.15774909
0.9629845
0.1982224
0.27601728
0.35942695
0.2540898
0.9421336
0.98191094
0.004194224
0.9135766
0.35215038
0.5418201
0.2938955
0.6791826
0.14675266
0.5839174
0.5497414
0.20612735
0.48323107
0.17266461
0.9806881
0.8667063
0.6068536
0.09579634
0.08855616
0.6529294
0.28926653
0.7970866
0.7980936
0.35659853
0.3655341
0.83248615
0.84857786
0.33753076
0.7877701
0.52444535
0.53728545
0.77593184
0.2557504
0.57180995
0.85293174
0.07579176
0.23331243
0.2953345
0.044968974
0.16907388
0.4024045
0.7558048
0.40556645
0.3513136
0.22565913
0.3786174
0.47345164
0.31905836
0.59733105
0.8346771
0.052379914
0.679332
0.35664812
0.35751367
0.6151669
0.57255423
0.80477536
0.49078646
0.16733778
0.011762685
0.108756736
0.4703824
0.005052114
0.5231916
0.8438469
0.9808825
0.40164557
0.46727556
0.40655908
0.37974012
0.49247244
0.76399857
0.16415083
0.27144766
0.16016118
0.91907287
0.019534567
0.6159409
0.6747489
0.6125134
0.43103796
0.43240878
0.43333048
0.37925586
0.27438855
0.7969535
0.39374855
0.8635715
0.99931586
0.41505575
0.58536446
0.25691897
0.9812552
0.51335096
0.4988052
0.5859613
0.6497081
0.07245881
0.11714086
0.7190746
0.562928
0.15573026
0.07486986
0.5275507
0.33051744
0.4572998
0.34499583
0.42215437
0.37406245
0.5706085
0.23907903
0.20112234
0.78205144
0.93183446
0.45198223
0.84324807
0.33712876
0.114616804
0.14025937
0.8551433
0.26136637
0.14504063
0.581028
0.7302461
0.17304452
0.45310605
0.9654268
0.30558664
0.6208622
0.22678302
0.17714584
0.16005562
0.38165358
0.68937236
0.17626749
0.07777604
0.84917974
0.19466892
0.11910186
0.70330083
0.5424347
0.13176967
0.46559143
0.42518654
0.30086052
0.50103396
0.045335103
0.3230092
0.916953
0.1887019
0.33931386
0.6391811
0.008469288
0.45974562
0.4903299
0.45227298
0.17949383
0.6271189
0.5633509
0.1487406
0.06292307
0.75674325
0.20727111
0.32576165
0.54710877
0.6457418
0.6509856
0.0568609
0.026971534
0.207662
0.59348905
0.2607055
0.29303643
0.81974566
0.7681341
0.74656546
0.42565408
0.25310653
0.12370453
0.84157324
0.49148566
0.3533701
0.4798296
0.23644187
0.6646044
0.45836768
0.6200298
0.48581448
0.3486019
0.14415595
0.00766321
0.06015352
0.8255115
0.81725895
0.6909126
0.8308748
0.64821154
0.21695553
0.24581832
0.921577
0.34915233
0.9839799
0.0027513672
0.9006863
0.7016341
0.5296574
0.4150381
0.35797498
0.7111846
0.619711
0.48551646
0.9377288
0.68592095
0.33045763
0.7812868
0.62100637
0.090714455
0.03195789
0.34504274
0.63681597
0.387705
0.49649417
0.032188963
0.89412266
0.9554323
0.4726159
0.3631131
0.5715933
0.979729
0.6356721
0.032821458
0.101959705
0.7788222
0.7046865
0.5472855
0.024143012
0.8916422
0.928535
0.9830525
0.87096965
0.7048343
0.8048868
0.47594064
0.17205323
0.6135003
0.3427638
0.90334934
0.6118441
0.78705037
0.5946954
0.7339908
0.34510103
0.030554317
0.6635034
0.66910625
0.50553155
0.8808284
0.09369815
0.77500767
0.90288955
0.028229026
0.75213355
0.28761187
0.4741007
0.42418742
0.71762085
0.5870695
0.33481503
0.20882289
0.25419864
0.7978521
0.29839656
0.26648167
0.8060585
0.51722485
0.8169379
0.11121272
0.8458894
0.4503631
0.96910024
0.87679935
0.46951553
0.051363815
0.46928465
0.078684375
0.9859092
0.3468619
0.66375583
0.93385375
0.44581705
0.59663707
0.7240787
0.5365363
0.15037411
0.90548724
0.3492666
0.4195409
0.44279748
0.28866097
0.6969395
0.58843344
0.21082354
0.15836732
0.31177947
0.17088582
0.18568519
0.5388978
0.16135606
0.16116606
0.96667755
0.97820747
0.66082877
0.52643204
0.4986625
0.19743401
0.084670454
0.53926724
0.72932833
0.71749485
0.2803503
0.69053394
0.22749633
0.22757992
0.28611198
0.34138167
0.2309188
0.4259721
0.63254374
0.5588328
0.26600003
0.9344696
0.24836798
0.13826795
0.81084526
0.07500894
0.6222021
0.5393037
0.28142017
0.6178628
0.33927476
0.97601724
0.06801954
0.37516016
0.95774764
0.20940809
0.8655826
0.50859195
0.68126506
0.7076335
0.8628044
0.9417308
0.21235614
0.070545055
0.9755926
0.20191628
0.5105671
0.22199179
0.87321264
0.825083
0.45282674
0.27351183
0.16793473
0.03141612
0.5182225
0.23742355
0.55727094
0.7494631
0.11602394
0.8089624
0.3781787
0.07401824
0.77333444
0.38676825
0.95618665
0.84503514
0.7582191
0.86449623
0.8920299
0.8186099
0.46474862
0.19334102
0.37013775
0.44583347
0.4198137
0.87318647
0.7098086
0.789636
0.6805206
0.0653515
0.04125215
0.4169452
0.10201132
0.441244
0.6232492
0.6117661
0.7341903
0.4815523
0.7920492
0.6166669
0.45630032
0.19004066
0.43361133
0.5216527
0.47303018
0.54517335
0.6804774
0.34730396
0.7730114
0.6070782
0.86638814
0.39539132
0.30342984
0.6109119
0.46477503
0.42249596
0.96947736
0.33236894
0.13421193
0.96666455
0.11673345
0.4813753
0.2649582
0.42562634
0.24343085
0.8242257
0.46808866
0.37925795
0.5549401
0.03769898
0.7656876
0.29663312
0.020853981
0.78017163
0.8407546
0.12030732
0.010643449
0.735688
0.36660504
0.13246861
0.870893
0.30135357
0.36261448
0.41393644
0.19808373
0.21155217
0.7039911
0.55973387
0.93045706
0.24463202
0.82733035
0.6858401
0.25464055
0.22506142
0.99630725
0.78053254
0.8944247
0.87674993
0.3289538
0.47262073
0.3203555
0.80515647
0.45740667
0.95114714
0.28910914
0.6051497
0.020439405
0.42713663
0.71587336
0.27738488
0.268402
0.6216009
0.84935206
0.34173396
0.9489079
0.23563899
0.041736368
0.7556205
0.2482209
0.36684448
0.21129805
0.096820965
0.56282294
0.18083528
0.92973554
0.6766052
0.016767677
0.4016621
0.4961346
0.3846837
0.97822493
0.7720004
0.60287523
0.80920297
0.66403574
0.13875617
0.51516306
0.38327184
0.57372564
0.34914637
0.46476582
0.44696084
0.8705675
0.6112987
0.22336377
0.2738722
0.25797886
0.47566944
0.9055962
0.40452805
0.85243744
0.7554229
0.67148596
0.23714593
0.59398985
0.17971916
0.92025375
0.6250212
0.19257985
0.9432597
0.5838002
0.10649609
0.65661865
0.53439945
0.10232374
0.9630567
0.4383944
0.35662475
0.016206816
0.13017309
0.7511731
0.1750779
0.37051705
0.10002518
0.2924049
0.06668223
0.70607454
0.15312155
0.52838457
0.50980645
0.6214698
0.36813217
0.42907286
0.58307993
0.24046831
0.29382476
0.72708863
0.3915432
0.431756
0.16115619
0.41870666
0.99806756
0.052042197
0.069220036
0.7658905
0.77520394
0.13891056
0.78064746
0.49767444
0.5314755
0.20380527
0.5309446
0.3351651
0.52307403
0.010836515
0.30582082
0.6441832
0.75304806
0.30657288
0.024373922
0.62172806
0.9536099
0.14619148
0.3821818
0.73470664
0.7359622
0.696277
0.37538594
0.16632606
0.44017968
0.22618726
0.022727726
0.015888162
0.6491346
0.06622926
0.9609481
0.6696678
0.7811095
0.97448367
0.086016744
0.2862565
0.26850006
0.93328303
0.17148155
0.1526732
0.36181018
0.40507805
0.31855035
0.45255876
0.20094116
0.06845228
0.43017644
0.5474582
0.97429293
0.6109155
0.5703578
0.05401044
0.040537026
0.32802272
0.09993364
0.25234056
0.9768637
0.1904214
0.10868435
0.32455182
0.6743631
0.400967
0.09987896
0.85844076
0.6217087
0.5664829
0.6046258
0.6362363
0.6755511
0.22361732
0.7506564
0.005613794
0.05210952
0.28799704
0.16087133
0.6639128
0.273864
0.5300756
0.88597775
0.43983495
0.6516564
0.7500901
0.4843644
0.5551298
0.029278537
0.4563977
0.52481896
0.07421291
0.44844514
0.7795725
0.4260106
0.5189884
0.95781845
0.42616406
0.90878826
0.38154343
0.913553
0.25402203
0.3363521
0.88764375
0.54672664
0.44958583
0.9498231
0.07779417
0.21625778
0.3965222
0.10262857
0.6415105
0.85883176
0.50829995
0.9853269
0.72424394
0.5959611
0.3030393
0.38513684
0.19084923
0.28632176
0.26482248
0.26699686
0.45880777
0.2508236
0.018462481
0.2362074
0.7191817
0.4316886
0.35430178
0.34346527
0.7016805
0.96626943
0.64498353
0.8597239
0.4420465
0.80688643
0.3799448
0.34794763
0.0035145523
0.8045067
0.337466
0.69504285
0.43979466
0.944052
0.5577965
0.15472455
0.8515508
0.9025295
0.37408763
0.44740748
0.5803282
0.53229743
0.46148717
0.49741742
0.26328567
0.05118229
0.31341642
0.15034126
0.1344192
0.54020995
0.69267267
0.498722
0.83970845
0.24525303
0.22977087
0.8192955
0.019993333
0.6300196
0.47098565
0.044691633
0.344512
0.92003214
0.41410252
0.4104265
0.15475895
0.76070744
0.81251156
0.8835484
0.39330682
0.27156535
0.6318013
0.7830708
0.6955504
0.322307
0.40589252
0.14145003
0.46571457
0.95359594
0.50588506
0.39918372
0.43871796
0.48730087
0.79393864
0.44180253
0.28872445
0.2540637
0.3218026
0.3304818
0.9664984
0.30445656
0.6570452
0.32979628
0.06053287
0.051784165
0.8662097
0.39592704
0.26050377
0.6044816
0.66583335
0.49662396
0.9888336
0.7659894
0.01843362
0.65695655
0.7724363
0.1379904
0.5966693
0.006458405
0.97685534
0.8191195
0.98099095
0.973462
0.32068196
0.045872267
0.9603118
0.7940333
0.7568817
0.38701442
0.09947485
0.3789889
0.42055666
0.45536593
0.42301205
0.87631774
0.6285817
0.90140426
0.17855968
0.3977652
0.9533938
0.4177509
0.8147593
0.9703361
0.9634616
0.99154055
0.83928883
0.7355763
0.37324768
0.22905286
0.7731884
0.43357825
0.3158755
0.4254952
0.36714336
0.019260852
0.04852692
0.07178334
0.16141647
0.27513215
0.9567864
0.039415665
0.046660412
0.25736895
0.46871942
0.11654491
0.6359851
0.6845979
0.49786174
0.9796516
0.719117
0.12560806
0.8406613
0.5384116
0.54044634
0.70721084
0.5198532
0.037819397
0.95856375
0.871106
0.5280215
0.7788002
0.005742676
0.6819306
0.19398881
0.5900242
0.44324413
0.4136972
0.3627183
0.67693394
0.7624415
0.8285357
0.45147496
0.8255457
0.26152587
0.2666764
0.7561639
0.21277593
0.38442153
0.95776665
0.30895972
0.31001392
0.5809929
0.07357269
0.24839774
0.6255965
0.027709287
0.49779585
0.5912394
0.15827516
0.83295125
0.21787377
0.6069331
0.0050729075
0.4802061
0.38200474
0.7982159
0.47983277
0.49959785
0.42926478
0.59721464
0.6291681
0.66328686
0.4976644
0.10288719
0.44538695
0.33001682
0.46275732
0.19423011
0.34653306
0.814665
0.43794662
0.44142175
0.28746703
0.072779655
0.17075963
0.42593163
0.76448697
0.30403334
0.41825247
0.79183805
0.03861708
0.734545
0.8580033
0.22007142
0.14853807
0.523264
0.8571274
0.5464307
0.7540428
0.26686
0.4948533
0.3733755
0.29961905
0.48451996
0.9006594
0.8803413
0.7360568
0.26873285
0.64435804
0.26747707
0.68100834
0.8570713
0.823525
0.032535322
0.54796916
0.65147233
0.022749012
0.59722877
0.68647367
0.07945491
0.4615777
0.0884958
0.6141175
0.5327504
0.7906932
0.85858333
0.16421917
0.27862614
0.08702267
0.26148793
0.51070195
0.74667853
0.45116746
0.3649209
0.3292973
0.13132581
0.7786932
0.5413157
0.24967857
0.7227228
0.5556287
0.5316692
0.38206524
0.2445309
0.8316141
0.11352144
0.7579777
0.75262654
0.68313766
0.15653506
0.42234427
0.0631222
0.30961978
0.025068086
0.12125621
0.8108602
0.21253145
0.059821095
0.08785579
0.15044862
0.049723938
0.4458533
0.62804914
0.88386077
0.90214926
0.1411844
0.66222125
0.3054743
0.9473156
0.6446102
0.13416985
0.06417409
0.5051746
0.3426482
0.08533544
0.9941943
0.53245544
0.7640657
0.43769214
0.24424493
0.5904216
0.25768808
0.9288162
0.791675
0.26921278
0.90381455
0.3504048
0.28542337
0.98111266
0.37914136
0.27780503
0.09224229
0.62099683
0.38217792
0.047628637
0.8072886
0.47563902
0.37634495
0.5677127
0.0060699782
0.7977944
0.72543263
0.5000588
0.85975194
0.48579267
0.16191773
0.39588237
0.63594615
0.10830461
0.14001676
0.8618054
0.4697656
0.57879275
0.38617623
0.37295702
0.6354414
0.34574467
0.9862246
0.96197367
0.677165
0.2927768
0.2500246
0.42409208
0.6029361
0.6916294
0.8527682
0.7773212
0.21968338
0.66784644
0.15064558
0.8408394
0.13335037
0.9403473
0.9278423
0.6828927
0.15192649
0.09477625
0.34158453
0.92841214
0.63204694
0.7865409
0.6594048
0.42229593
0.33547795
0.9411232
0.58949804
0.74527025
0.45518908
0.7071112
0.57115704
0.13527608
0.055543434
0.72467226
0.8048208
0.60966223
0.7393159
0.4033773
0.24039526
0.6283344
0.27523667
0.753434
0.88754714
0.21466959
0.52780265
0.9364541
0.6664307
0.43944624
0.64126444
0.669762
0.55723685
0.8364552
0.34394413
0.46477464
0.3833987
0.63189334
0.90200484
0.5102336
0.65195173
0.8509938
0.862606
0.5875364
0.6607992
0.105542794
0.37590003
0.12762807
0.094680294
0.32020766
0.29924408
0.76332945
0.40986288
0.72158027
0.2608702
0.66647863
0.06691446
0.41030344
0.7533732
0.46097362
0.7322129
0.463635
0.27277204
0.002740373
0.7988081
0.40151775
0.41318223
0.8102215
0.23602489
0.289228
0.9929507
0.2922741
0.32262027
0.5952704
0.43121096
0.9236888
0.69659936
0.18202586
0.1501379
0.6735109
0.4629439
0.8948335
0.21493039
0.1833648
0.717805
0.26521185
0.8170149
0.9953124
0.6548224
0.55889255
0.017882051
0.77658135
0.103202894
0.46050537
0.87618047
0.8138277
0.56075567
0.11979351
0.88285106
0.20702443
0.047958236
0.083497904
0.36362734
0.8910737
0.25539786
0.79281396
0.8737732
0.9862769
0.60087776
0.5305426
0.06571269
0.9981864
0.049569182
0.6754469
0.81458294
0.37826258
0.653004
0.37775078
0.7756116
0.8822655
0.01946213
0.4433856
0.8781046
0.6870782
0.4251972
0.34528676
0.9501004
0.8105818
0.55768573
0.3699028
0.52502006
0.97466886
0.53013515
0.57556975
0.09428738
0.061968133
0.47384617
0.26235175
0.1779518
0.66301054
0.37517023
0.2394979
0.4811832
0.6957858
0.35656512
0.047108322
0.13185567
0.9921303
0.4707866
0.25115314
0.41677302
0.9990514
0.0041406904
0.26140976
0.41623273
0.062420785
0.49264714
0.56439745
0.39579904
0.3216572
0.78082764
0.95556283
0.07001707
0.3656812
0.77687514
0.91047823
0.11930511
0.72918767
0.85021627
0.8411404
0.7305858
0.6328239
0.98796964
0.13924666
0.9296741
0.43453312
0.038038503
0.8081097
0.42320797
0.59112793
0.119202405
0.75401044
0.21638735
0.7489949
0.2758261
0.21803749
0.5487304
0.6628269
0.8302479
0.34991646
0.5660687
0.19975229
0.54715186
0.7360906
0.7135052
0.679577
0.17361437
0.54462844
0.4252814
0.2035688
0.34394416
0.02059791
0.73776215
0.08828012
0.6756575
0.23874582
0.49130052
0.88182026
0.18938315
0.17829818
0.91104126
0.5182999
0.7598754
0.39613548
0.019802729
0.584515
0.73245186
0.34948614
0.9932974
0.8384554
0.44951573
0.24754198
0.40404502
0.5357894
0.8041075
0.27433312
0.8052295
0.16601773
0.0733385
0.23907727
0.0071375743
0.89647424
0.349636
0.35994923
0.7852394
0.23499759
0.30115533
0.79377913
0.38882622
0.12896532
0.36550117
0.46029815
0.3370606
0.1542901
0.53057456
0.45228496
0.1604972
0.122441016
0.75033283
0.59730446
0.3270447
0.032210924
0.46620125
0.7767048
0.7181304
0.3198178
0.5622471
0.97557396
0.8200058
0.62948024
0.3749791
0.122102134
0.3286624
0.37591544
0.63524324
0.80901176
0.37679037
0.22377212
0.771736
0.5795403
0.6126618
0.43732822
0.76458716
0.80761343
0.68750936
0.60830766
0.019980168
0.19348261
0.5789692
0.24349737
0.30529818
0.4140028
0.10941588
0.019257706
0.30153525
0.6361978
0.8206655
0.22680926
0.25728226
0.8926633
0.94937986
0.07200593
0.3237307
0.818793
0.97504103
0.6997225
0.74478465
0.369645
0.08035884
0.10615147
0.45461214
0.47253925
0.5875246
0.871133
0.15645386
0.3857083
0.40968156
0.422223
0.6431966
0.6617457
0.2802098
0.4141789
0.92165285
0.55547136
0.41101384
0.9088822
0.7183007
0.62757796
0.27159488
0.8893019
0.94982785
0.96463704
0.531544
0.68900895
0.81838775
0.932074
0.2730291
0.30793828
0.5296837
0.33061257
0.4354438
0.12798531
0.48757473
0.15554905
0.27657372
0.78722215
0.3817787
0.836531
0.5328527
0.031602282
0.11247412
0.09712008
0.3932971
0.19262193
0.49577853
0.7949288
0.8311667
0.77949977
0.27105102
0.18494043
0.611657
0.8307241
0.7725191
0.59876335
0.016424585
0.049107697
0.8854051
0.48883885
0.20612976
0.6709594
0.65173423
0.36619726
0.828223
0.045538384
0.22423008
0.5319805
0.060176313
0.0583355
0.89807826
0.40719083
0.99344414
0.29049656
0.31892502
0.5711467
0.9235565
0.22982186
0.31169793
0.36122745
0.40496567
0.35358492
0.78107345
0.71041733
0.5774743
0.04676057
0.049644347
0.75975555
0.8755567
0.19502632
0.40993848
0.10973714
0.1460803
0.55498296
0.6406871
0.24205256
0.59787846
0.64945966
0.9597468
0.49033612
0.29763308
0.38637254
0.9374525
0.20792781
0.70632744
0.2187055
0.6349489
0.40833783
0.07276388
0.22317386
0.48615637
0.055913515
0.88794035
0.6350543
0.7034926
0.010214704
0.1892782
0.13781196
0.6953665
0.522476
0.40562743
0.932781
0.5294275
0.6055046
0.021917533
0.47696906
0.51480067
0.31454763
0.51945496
0.6155805
0.03611762
0.6039906
0.20012918
0.16937543
0.6435015
0.8114569
0.67868036
0.30001205
0.54790896
0.9630043
0.9560618
0.64631426
0.8161661
0.5096063
0.51512134
0.75576633
0.8687283
0.33043784
0.75137275
0.3701522
0.5945289
0.23060703
0.05700761
0.2788261
0.05696015
0.047307592
0.12616631
0.34418964
0.85266596
0.016717114
0.44433996
0.8823149
0.19157214
0.9422427
0.9192723
0.60164195
0.053614017
0.1249646
0.17404206
0.860043
0.3664176
0.6528825
0.21258846
0.4620779
0.45871714
0.7288268
0.8779123
0.9056813
0.09590417
0.7868893
0.4086747
0.37329495
0.17811823
0.744641
0.29606888
0.28197423
0.44882077
0.3124028
0.15559468
0.20961446
0.026785081
0.36149153
0.9670398
0.16638507
0.597255
0.8894243
0.46796104
0.8295166
0.025612185
0.95657575
0.9187888
0.06286679
0.17080793
0.9612909
0.42998296
0.9155386
0.8226678
0.955068
0.8599832
0.7796377
0.5330475
0.9026311
0.32621378
0.42910227
0.075781584
0.5943406
0.938016
0.51055753
0.5443312
0.2847442
0.27960703
0.7135762
0.19626945
0.79654664
0.407038
0.44606233
0.18243644
0.07972599
0.012535209
0.27102932
0.28966972
0.4951633
0.14151041
0.4457359
0.93935484
0.5668376
0.009662801
0.79640085
0.6028841
0.97657496
0.082873605
0.010492613
0.4910819
0.31839886
0.42523414
0.46744764
0.2661653
0.22662
0.15194412
0.9457347
0.44498664
0.5371573
0.11041271
0.3261355
0.3764536
0.10141462
0.08246357
0.7922412
0.72188276
0.8813704
0.64666927
0.4033358
0.8367707
0.5824596
0.8173337
0.32448706
0.73877066
0.10572453
0.5718766
0.9346747
0.09577015
0.29732525
0.984731
0.09331908
0.8954845
0.60821426
0.9756931
0.8856985
0.43865383
0.63088244
0.6122649
0.7295886
0.20684813
0.90839404
0.9850042
0.19367272
0.032260373
0.1033253
0.88996756
0.65667665
0.49150023
0.6303836
0.94697165
0.07879892
0.14129056
0.9640016
0.14578581
0.65261024
0.20510292
0.95353675
0.40306187
0.3712049
0.29688346
0.096554674
0.8893247
0.4045242
0.8638254
0.46022654
0.8163855
0.5849507
0.30169687
0.13027444
0.436095
0.10301142
0.9917363
0.94185525
0.38370192
0.36244673
0.7711419
0.6252969
0.075577065
0.7137737
0.18410471
0.05555793
0.45816958
0.86537087
0.58456105
0.28424886
0.007331591
0.010512635
0.06546655
0.6469063
0.2686704
0.1391981
0.24442808
0.5032784
0.5335863
0.10729805
0.76461357
0.64836967
0.81259745
0.30381957
0.6754984
0.14164709
0.3687445
0.51392627
0.5202767
0.88802683
0.3008205
0.9289025
0.10735041
0.80625945
0.10799353
0.2877159
0.19807513
0.31140596
0.8938218
0.6858849
0.52595973
0.62933195
0.07013165
0.77548295
0.60806763
0.861948
0.8230292
0.19633687
0.47263956
0.05601343
0.70890653
0.06350923
0.77876127
0.7165378
0.87912345
0.08829053
0.81930405
0.36378515
0.2950803
0.33672047
0.3703732
0.9944065
0.04788188
0.18638851
0.050985355
0.0025974752
0.36594954
0.17414671
0.63425523
0.8824338
0.4780295
0.32777312
0.7386771
0.95502704
0.010999859
0.754151
0.41795865
0.44539762
0.20098786
0.94422525
0.12494404
0.71022236
0.3216218
0.8727575
0.43781736
0.47261244
0.4311263
0.7046435
0.8954347
0.6497986
0.7078978
0.60220766
0.55527306
0.7795737
0.19046178
0.39449593
0.81845695
0.1326321
0.16111758
0.49718922
0.3606188
0.66518015
0.1392164
0.67921156
0.10227678
0.122576185
0.94835055
0.79033846
0.7022614
0.5876097
0.8844128
0.20218243
0.9250351
0.6279774
0.09199749
0.084783845
0.98197484
0.66378653
0.01916858
0.28939578
0.16931
0.90355533
0.931289
0.71572894
0.5729938
0.36891168
0.035031967
0.60623586
0.8433188
0.57689226
0.06774149
0.3645445
0.94918126
0.15821499
0.21716538
0.55752313
0.8419633
0.92210454
0.0038469704
0.41899467
0.18984066
0.22776155
0.7487224
0.86472625
0.9258208
0.08070854
0.12711053
0.85109466
0.26529118
0.87706316
0.5912417
0.8471126
0.18914509
0.6626591
0.9732025
0.31375465
0.6477478
0.25873002
0.07482749
0.8775724
0.602753
0.69832206
0.31876194
0.4434018
0.17127018
0.064607374
0.113177404
0.44753957
0.18887918
0.6559749
0.28800637
0.1267232
0.1765397
0.46578628
0.0551355
0.33881846
0.65663177
0.3702664
0.40845522
0.36423984
0.116832696
0.6278616
0.39983207
0.023382215
0.6093581
0.6791435
0.26019472
0.24501559
0.3587351
0.18793893
0.55705297
0.7557287
0.385276
0.075614534
0.17950536
0.019985128
0.25168708
0.11333763
0.42499757
0.38732517
0.1540594
0.13754715
0.887682
0.6395578
0.8007222
0.42572373
0.3529856
0.18851508
0.120821506
0.49184352
0.462161
0.6184482
0.117689066
0.6986919
0.7895609
0.22503687
0.84652704
0.92261714
0.2631596
0.6248685
0.162052
0.12885743
0.9590933
0.69498086
0.16420619
0.43386835
0.177853
0.10752696
0.13587546
0.39813325
0.2945133
0.03331057
0.33643544
0.1500814
0.003486731
0.74164265
0.9715833
0.594206
0.89852536
0.9532001
0.81158507
0.115228534
0.59481394
0.68681043
0.13810292
0.74079573
0.429894
0.45351487
0.18729343
0.21410272
0.8991096
0.75428194
0.44429916
0.8423195
0.35062176
0.59440875
0.08821087
0.076012485
0.38257718
0.17875507
0.7388552
0.5210152
0.5926223
0.88310987
0.9394487
0.49387398
0.1951581
0.78709364
0.58377665
0.3173674
0.23198493
0.88492596
0.87013423
0.082571685
0.85512346
0.43297067
0.40964696
0.7039709
0.37022504
0.7188841
0.70269984
0.54936314
0.15161772
0.1323105
0.55843556
0.9661006
0.015193301
0.617935
0.23193917
0.8241841
0.18592018
0.0906138
0.78539866
0.47461364
0.16751084
0.66768754
0.887456
0.463998
0.30560365
0.60638726
0.26894817
0.5762268
0.23123811
0.78075683
0.44288716
0.07361543
0.45732102
0.40269196
0.24460267
0.55043405
0.94869226
0.1320269
0.3717273
0.99091834
0.29745987
0.24112187
0.07327337
0.0042077634
0.78209287
0.0890706
0.17596196
0.08671313
0.94502556
0.0730468
0.23175864
0.38645685
0.97694325
0.43139547
0.8306413
0.3059415
0.47936288
0.575681
0.0024944749
0.0767433
0.687008
0.10107091
0.8466272
0.30722812
0.7414512
0.87485754
0.5852853
0.106809326
0.70506036
0.71199995
0.6462802
0.372444
0.5845825
0.17510563
0.598436
0.34087536
0.749423
0.9423324
0.8010798
0.9695609
0.10592473
0.4081419
0.9106512
0.01311457
0.8184686
0.8693502
0.17990427
0.8367702
0.04422352
0.29661772
0.98520494
0.5195392
0.4414721
0.40540895
0.5402546
0.87820536
0.78360707
0.68860304
0.60233
0.5359385
0.56203103
0.39827085
0.41168168
0.55203706
0.9276191
0.337137
0.19705972
0.8046387
0.66353184
0.05971115
0.23884143
0.92548203
0.14751558
0.32755214
0.7891772
0.5800591
0.43597296
0.96729946
0.5693386
0.8880545
0.4324704
0.52303296
0.9930778
0.8677613
0.05972617
0.92157775
0.56082785
0.23629981
0.41528603
0.056184623
0.62482536
0.56305784
0.41323915
0.49356878
0.054143693
0.047788188
0.076677375
0.90084
0.69232374
0.12125227
0.12423241
0.818219
0.79450804
0.37784877
0.6586774
0.9201476
0.827599
0.9142573
0.19057867
0.16412295
0.7162243
0.59943545
0.66762745
0.5023637
0.5111339
0.93654895
0.7948605
0.06894274
0.18239537
0.54282624
0.049131874
0.96086526
0.6602875
0.952796
0.44661203
0.13103692
0.3808477
0.7716185
0.75343794
0.38834295
0.21371557
0.2618354
0.5253806
0.3267784
0.020907983
0.31255215
0.42850944
0.65517706
0.2386861
0.058603738
0.16952029
0.89412004
0.8462625
0.34081885
0.6865675
0.73856217
0.8287015
0.29449868
0.47925347
0.37753847
0.15200661
0.32600215
0.7112148
0.012780514
0.6263355
0.5187141
0.5778208
0.44171703
0.8281129
0.08566791
0.92980313
0.9319256
0.21873425
0.62212545
0.54224634
0.79685104
0.07796652
0.6180846
0.02217438
0.034826756
0.37024617
0.08811563
0.07265012
0.5612922
0.75526285
0.9806685
0.8506156
0.6514021
0.28113392
0.92125016
0.58189774
0.2806447
0.7602225
0.9018688
0.5523606
0.95739657
0.81720036
0.9096537
0.061889533
0.9970064
0.86558837
0.7436343
0.9753121
0.39110756
0.5142369
0.31400543
0.49354866
0.5619996
0.4164614
0.42510352
0.9729994
0.56175673
0.944417
0.27410677
0.40588805
0.9412225
0.021277014
0.9644576
0.2546554
0.9035956
0.013895158
0.6284977
0.84362084
0.7386717
0.13585521
0.9103988
0.45801672
0.25622228
0.875891
0.78531885
0.49811316
0.6234979
0.7939248
0.7313764
0.733609
0.69164383
0.41228688
0.47622722
0.3902598
0.9645556
0.5875454
0.75538486
0.78165233
0.033065535
0.91406316
0.21176678
0.427224
0.4464038
0.98605114
0.3206623
0.10005264
0.3227188
0.35150057
0.7760657
0.8210779
0.5838031
0.35481888
0.32525623
0.39709613
0.5952579
0.8955562
0.08951646
0.29260358
0.024827449
0.10441995
0.67157316
0.5526784
0.4256429
0.40655228
0.7109507
0.2596018
0.11699195
0.39172736
0.87879854
0.10452539
0.46629226
0.81177646
0.4917706
0.11671741
0.33455476
0.016212739
0.45384315
0.5123785
0.23172528
0.84606785
0.0962486
0.6589414
0.73857015
0.98907065
0.5673223
0.15474358
0.6418056
0.91335624
0.35507497
0.37750188
0.70159113
0.043648787
0.6354608
0.61275
0.079293035
0.55327106
0.5873586
0.29516748
0.7522941
0.98234785
0.16327882
0.072956234
0.90368253
0.3882232
0.6122256
0.8152052
0.7828107
0.6939306
0.702098
0.20671013
0.9771292
0.08901928
0.72872674
0.18404551
0.25880456
0.2255239
0.8570151
0.12942941
0.09494508
0.94456995
0.76600134
0.1754441
0.8853294
0.3195772
0.65837705
0.11522883
0.31553718
0.14433667
0.059961088
0.76955277
0.32093397
0.5794204
0.59868306
0.50383735
0.47088185
0.5898614
0.17280774
0.4757494
0.5000918
0.6958725
0.41339296
0.86249787
0.26604033
0.4078796
0.059707545
0.4744945
0.28378677
0.14243379
0.6528535
0.46908733
0.58780414
0.3694239
0.021267474
0.8661202
0.51157784
0.16562474
0.4437734
0.18197985
0.12370535
0.37134722
0.86750597
0.93924814
0.00696064
0.92810637
0.89466083
0.12616953
0.21717997
0.3993603
0.7024102
0.24085417
0.14063588
0.20777032
0.109004244
0.3399157
0.8328036
0.8064621
0.40680623
0.009102058
0.73808396
0.647251
0.13445902
0.19382353
0.33976927
0.29197273
0.036446206
0.033958018
0.52799106
0.34982613
0.49689147
0.63472724
0.33657485
0.5343482
0.1509789
0.99242955
0.4902405
0.6294944
0.50602764
