0.73480344
3.3119843
0.77722037
-3.1285913
1.1042706e-07
0.43517247
0.07280674
15.673985
-247.52336
-0.14875025
4.780222e-13
4.79393
2.8585728e-10
1.2745072
0.5209873
1.6058976e-06
0.0338104
9.119757
-187.03065
-2.486384
-0.24344678
447.2125
1.049761
-669.102
13.881229
229596.39
-48951.773
-132.02089
-12.634212
-0.18390712
0.009171913
8.234903e-05
1.9494755e-05
-0.12326582
-36.77148
0.05597509
-1.0045477
-35.17888
29.586853
5.66378
21.473911
36074.027
-35973.914
11.515601
-7.9027925
-0.50673217
0.18653575
4.2957294e-05
6.7290857e-06
-0.069113486
-34.31731
0.09135106
-0.3451652
-22.254164
14.73907
7.4889755
2.8107464
26460.723
-26412.436
9.717045
-7.04782
-1.0264473
0.6238774
0.00011491973
1.1372232e-05
-0.010694936
-17.182625
0.06670089
-0.29586834
-36.037495
35.34952
0.51530457
3.5203187
17871.924
-17851.553
3.845312
-2.062157
-0.9102056
0.678777
0.00025378674
1.812998e-05
-0.07512274
-3.322751
0.017814374
-0.2082307
-46.77688
41.664425
5.067238
10.809439
6224.511
-6229.2607
2.4151452
-1.7847855
-0.21260156
0.17523248
0.0002975687
1.6642129e-05
-0.02231841
-5.8397293
0.03654813
-0.08532662
-14.393783
11.713944
2.6594276
2.371825
9660.703
-9655.275
3.7064533
-2.7299776
-0.5352178
0.46750394
0.00031460542
1.4479827e-05
-0.04830893
-6.3940983
0.047825918
-0.11283715
-7.0354724
3.1118472
3.7456284
7.0059643
5558.2485
-5561.6978
4.2144165
-3.6366036
-1.468632
1.328974
0.00044037844
1.724349e-05
-0.09055791
-3.6265278
0.032001555
-0.06271694
-27.519285
27.393167
0.13208961
0.41797602
7315.392
-7311.653
2.9724777
-2.2321556
-0.8532925
0.7897876
0.0005423412
1.8497341e-05
-0.07742512
0.054417647
0.00037644897
-0.17605557
-18.765509
18.130274
0.4892311
5.3717175
1105.1161
-1110.0854
2.2740355
-2.148347
-2.1860068
2.0563753
0.000686012
2.0741132e-05
-0.061079126
-0.57677823
0.007070008
-0.116924584
-22.671013
21.887043
0.904058
0.4345696
6990.908
-6988.359
2.0951176
-1.3931936
-1.5853049
1.5085747
0.00030226726
8.2121405e-06
-0.021802029
-0.11513597
0.0017457483
-0.11450077
-22.666622
21.792368
0.8042717
1.0435932
3203.69
-3203.5461
0.638568
-0.31914565
-1.0926987
1.0482535
0.0005802365
1.4319761e-05
-0.0132914055
-0.089378946
0.0014251573
-0.07173439
-16.942099
16.021261
0.9169426
1.4093482
7146.0273
-7145.0654
2.9528759
-2.229528
-0.16708332
0.16087694
0.00052405486
1.1852439e-05
-0.03479183
-0.16497684
0.0029120021
-0.09073367
-0.44822457
-1.5888702
1.960268
1.3632542
7010.6543
-7009.9355
2.3328626
-1.6272916
-1.921539
1.8648359
0.0008402935
1.7544895e-05
-0.0024966768
-1.0033442
0.015593719
-0.060127012
-6.582804
4.7170935
1.8775711
0.019146733
2472.173
-2471.5176
0.40269578
-0.15692669
-3.9085846
3.809299
0.00085863087
1.6653621e-05
-0.04312136
-1.27369
0.021838138
-0.10590766
-11.92536
11.895332
0.011562347
3.3059428
6792.482
-6794.199
1.2008286
-0.5245568
-0.38840643
0.3788557
0.00097235973
1.7612367e-05
-0.019153938
-0.87826335
0.015902134
-0.07096739
-12.656592
10.922201
1.7796755
1.0992582
445.11172
-446.13934
1.1028912
-1.0512687
-0.88476926
0.8667662
0.0007868681
1.337144e-05
-0.0152605735
-0.6907332
0.013259064
-0.07589164
-7.6308565
7.200426
0.33934975
1.6301385
2894.9277
-2896.006
0.35795838
-0.07078985
-1.583367
1.5559195
7.779589e-05
1.2452742e-06
-0.033795036
-0.6855874
0.014292769
-0.09750549
-9.572964
8.507151
1.0645199
1.2886398
2200.7947
-2201.7039
0.3186467
-0.10000013
-0.116357565
0.113731645
0.00080832565
1.223114e-05
-0.031015277
-0.4548633
0.010212408
-0.045387045
-9.835196
8.371514
1.5159197
0.6051674
5077.0776
-5076.822
0.87645406
-0.37129807
-1.2220153
1.2039728
0.0009907914
1.4216874e-05
-0.008339431
-0.5752871
0.012815276
-0.04385028
-1.538488
0.5624922
0.96400166
2.7904193
3506.3328
-3508.643
0.99224967
-0.64043903
-4.845399
4.7840686
0.0001708001
2.3306427e-06
-0.0049167993
-0.48324746
0.011211089
-0.07647597
-6.3459826
5.906755
0.41680145
1.2711664
4804.6963
-4805.2993
1.112888
-0.63278604
-5.7681317
5.7004976
0.0013518778
1.758704e-05
-0.012834171
-0.06426732
0.0018817622
-0.035706587
-6.218049
5.3861313
0.8498497
2.3013303
235.74174
-238.07352
0.59830326
-0.5707441
-3.2870135
3.2513044
0.0011725111
1.4575953e-05
-0.0018301441
-0.303712
0.0076434854
-0.023892323
-6.455182
6.3762274
-0.0003566742
0.6615102
1706.2306
-1706.6963
0.8047725
-0.63142
-0.6663037
0.65892303
0.00094161637
1.1208952e-05
-0.018524189
-0.51365054
0.013854818
-0.05420483
-9.409887
8.916114
0.47047615
0.012530521
1150.3105
-1150.1896
1.2659626
-1.1441298
-0.8293173
0.8207717
0.0011608923
1.3258105e-05
-0.027066125
-0.44896448
0.012857103
-0.021492168
-7.958308
7.6793737
0.28515244
0.94220024
380.8327
-381.75934
0.7138978
-0.6714333
-3.3515155
3.3238058
0.00019263075
2.114327e-06
-0.00572143
-0.36776894
0.010461042
-0.024130747
-4.6031985
3.9724286
0.61585426
0.7973287
1112.9897
-1113.6986
1.1799318
-1.0623022
-3.7074919
3.678412
0.0008385972
8.860429e-06
-0.027790088
-0.1895552
0.0062950114
-0.05903528
-5.8092914
5.553634
0.27393436
0.14132443
3787.5486
-3787.3496
1.3002404
-0.9189525
-2.1825662
2.1670778
3.1183623e-05
3.1763395e-07
-0.005089099
-0.05809535
0.0019095041
-0.015667718
-7.6986265
7.482446
0.18348312
2.0172353
2047.8208
-2049.72
0.39841512
-0.1941678
-7.058819
7.011496
0.0006890669
6.775746e-06
-0.018100059
-0.026710749
0.001433573
-0.020261552
-2.5731814
1.8352044
0.687335
1.3843998
174.97504
-176.38248
0.33101964
-0.31140226
-3.3854558
3.3633742
0.0011552229
1.0980207e-05
-0.0043859417
-0.32647806
0.010467447
-0.053572055
-0.13476224
-0.039757673
0.104756355
1.365358
220.71349
-222.09932
0.19339557
-0.1702319
-1.2941792
1.2859143
0.0007617884
7.0071865e-06
-0.00987819
-0.072443336
0.0027139254
-0.034883883
-2.523237
2.0303047
0.49679852
0.16099907
771.4879
-771.6019
0.23531169
-0.15783946
-5.3000603
5.2708406
0.00039729977
3.5405708e-06
-0.0028218678
-0.23881006
0.008073774
-0.04568132
-3.2766955
2.4125555
0.82986736
0.06452267
494.81335
-494.84818
0.6130208
-0.5601663
-3.6320643
3.612977
0.000491363
4.246717e-06
-0.012866811
-0.21033323
0.007670359
-0.020108478
-6.1026573
5.2908325
0.83574677
0.7522407
1920.2206
-1920.8849
0.6321027
-0.43892413
-6.4578743
6.4241033
0.0025651471
2.1521895e-05
-0.01814503
-0.2596038
0.009792658
-0.027686179
-1.4695342
0.9599205
0.4894967
1.5089726
553.6675
-555.1889
0.77742356
-0.717517
-0.92315274
0.9169494
0.0019650885
1.6020058e-05
-0.00021464599
-0.09465581
0.0034418744
-0.031142041
-1.2057102
1.0127333
0.19418406
0.43499714
2541.9482
-2542.275
0.52888113
-0.27532184
-10.137336
10.091458
0.002097719
1.6630896e-05
-0.0053300434
-0.13081715
0.005020462
-0.037031054
-6.6859374
6.030134
0.6465168
0.69092625
1129.9484
-1130.6082
0.2875772
-0.17445578
-0.53893244
0.5360153
0.00070241943
5.420042e-06
-0.013053319
-0.12614948
0.0052582896
-0.018298345
-0.864036
0.35128367
0.50856733
1.1267269
1778.9799
-1780.0675
0.90988296
-0.7286578
-6.319059
6.2935147
0.0009884952
7.4293434e-06
-0.0019993323
-0.17572379
0.0068544312
-0.016916573
-4.54148
4.2860985
0.22388077
0.02735261
2477.3352
-2477.274
0.29723555
-0.05165118
-1.5349934
1.5261912
0.0030913323
2.2646705e-05
-0.013449205
-0.1967305
0.008273611
-0.016156578
-2.436309
2.3530939
0.044877052
0.27364406
1683.1923
-1683.4187
0.21423055
-0.047261186
-4.2075186
4.190657
0.002039029
1.4570128e-05
-0.008571655
-0.16521847
0.0069758436
-0.04767511
-4.5569496
4.0270677
0.53770256
0.08326738
1000.5271
-1000.5833
0.6155184
-0.5129559
-4.8715534
4.8539844
0.0012258266
8.549321e-06
-0.0026983528
-0.10163009
0.0042792456
-0.014646189
-3.1886542
2.524662
0.6944759
0.81872624
1909.6902
-1910.4822
0.62400585
-0.4319183
-3.4654841
3.453373
0.0010112395
6.8878985e-06
0.00026459328
-0.13609907
0.005668465
-0.026031759
-3.782804
3.4171987
0.38937694
0.660078
1913.0787
-1913.7133
0.48650545
-0.2950383
-5.568688
5.550003
0.0016392583
1.0911004e-05
-0.008242989
-0.0063258857
0.0006470824
-0.011772907
-1.0984362
0.86937195
0.21742296
0.76490426
2036.3702
-2037.1155
0.39619073
-0.19320649
-6.9573965
6.935108
0.0019150652
1.2463147e-05
-0.0012870044
-0.014813304
0.00072427944
-0.023173828
-4.9475155
4.4610415
0.51585126
1.147608
2018.3206
-2019.465
0.7203173
-0.5168626
-8.359573
8.333765
0.002365491
1.505994e-05
-0.0018390224
-0.1389795
0.0061674756
-0.028525162
-1.946339
1.3716017
0.5940972
0.45501897
2068.5325
-2068.9697
0.45669192
-0.25016466
-2.96776
2.9566755
0.0030766435
1.9171559e-05
-0.0068627894
-0.03710009
0.0019743533
-0.01840076
-3.7696857
3.2928677
0.49022007
1.2208515
802.9119
-804.15625
0.38971975
-0.30800477
-5.683734
5.665795
0.003253923
1.985528e-05
-0.0030195108
-0.096028
0.0044716033
-0.012042696
-3.4154224
3.267036
0.14002705
0.5449998
379.16748
-379.7233
0.5896405
-0.54830223
-4.051879
4.041329
0.0005165908
3.0881981e-06
-0.010167069
-0.10534373
0.0053201606
-0.018604457
-4.153578
3.5929685
0.59730834
0.18964253
1825.109
-1825.2899
0.18556224
-0.004836929
-9.753104
9.727246
0.0026198577
1.5350357e-05
-0.004621103
-0.11850336
0.0057084626
-0.023947075
-2.2412236
1.9773192
0.26242328
0.63893384
1018.6189
-1019.2696
0.51633173
-0.41260853
-13.356348
13.323259
0.0024810592
1.4254254e-05
-0.0053202743
-0.019865185
0.0012264125
-0.016699947
-0.95281965
0.4951272
0.44980335
0.18729351
1383.3513
-1383.5386
0.17498246
-0.03776216
-3.2382808
3.2280295
0.0030752146
1.733111e-05
-0.0043516094
-0.07134208
0.0036299508
-0.007480716
-2.3468366
1.8400507
0.5152774
0.63488644
1007.90344
-1008.5539
0.12703496
-0.027022041
-1.8934461
1.8867772
0.002614838
1.4461344e-05
-0.0073459903
-0.027418196
0.0017027074
-0.011395925
-1.1623294
0.66435575
0.48406506
0.20808329
1561.8303
-1562.0442
0.42404023
-0.2675786
-3.5250654
3.515861
0.0019580347
1.0630656e-05
-0.0089055365
-0.0721021
0.003964461
-0.016466422
-1.7256627
1.341122
0.3832271
0.82095647
1560.2418
-1561.0885
0.7017588
-0.543508
-1.147166
1.1407095
0.004138553
2.2065848e-05
-0.0047968454
-0.02463831
0.0014770045
-0.024385968
-3.682101
3.5127633
0.17889786
0.037871767
649.534
-649.5753
0.5138272
-0.44647482
-9.007988
8.99059
0.0001906408
9.985522e-07
-0.001039475
-0.08880898
0.00448926
-0.029959643
-0.21341935
-0.03958245
0.231534
0.5745139
174.12943
-174.72041
0.03579385
-0.018374372
-15.88724
15.854367
0.0035040635
1.8036593e-05
-0.009144563
-0.048693746
0.0029596216
-0.020136783
-3.2078598
3.0879166
0.12993479
0.9146684
80.930016
-81.87043
0.3556958
-0.3452359
-14.6309805
14.601787
0.0030404842
1.538482e-05
-0.005554054
-0.05499336
0.0031227565
-0.01522379
-3.5662673
3.1349556
0.42406845
0.84683114
748.5764
-749.4527
0.46405423
-0.38722095
-12.368118
12.344916
0.0018147989
9.029829e-06
-0.0007263346
-0.004123902
0.0002666458
-0.028690208
-0.49155
0.35635206
0.11820173
0.92432696
571.2491
-572.2045
0.44527942
-0.38600188
-9.574279
9.5542
0.004015139
1.9650912e-05
-0.005269791
-0.03462775
0.0021182527
-0.030113026
-1.5706979
1.3059016
0.25992417
0.1617851
80.6222
-80.78918
0.39258242
-0.3819822
-9.77348
9.754116
0.003483764
1.6775935e-05
7.0290684e-05
-0.017364979
0.0009373017
-0.012748274
-3.920602
3.7273974
0.22426024
0.60761225
510.68976
-511.32108
0.22546037
-0.17365825
-0.6219211
0.61879075
0.0021292216
1.0091033e-05
-0.005269894
-0.023450315
0.0015406618
-0.008335517
-1.362228
1.1377727
0.21386838
0.1718865
302.99484
-303.17563
0.45467815
-0.4217914
-12.850071
12.828418
0.0020517337
9.572578e-06
-0.008699858
-0.07474467
0.00447875
-0.013444482
-1.3455229
0.9783156
0.36141682
0.34249535
926.3461
-926.7127
0.5663628
-0.47141087
-0.24200863
0.23756833
0.0040370026
1.854696e-05
-0.0017941013
-0.01183223
0.0007631279
-0.018395815
-1.5411543
1.4314636
0.09767532
0.38007623
32.69974
-33.090424
0.22705296
-0.2222642
-6.0329185
6.0200806
0.00413047
1.86908e-05
-0.004467019
-0.043838486
0.0026325714
-0.019157343
-1.5008417
1.4238814
0.059610367
0.8624292
43.914318
-44.800915
0.28818965
-0.28183594
-3.6455936
3.640003
0.0005014225
2.2353852e-06
-0.0048591164
-8.523464e-05
0.00029773486
-0.013283186
-2.1801991
1.8997587
0.29452506
0.80688274
172.4453
-173.27794
0.08877602
-0.07114056
-8.048139
8.033407
0.0037840125
1.6623526e-05
-0.0029326484
-0.073434204
0.004245734
-0.016066777
-0.25935343
0.122664995
0.11869049
0.88079727
1263.415
-1264.3468
0.35672545
-0.22999358
-14.021934
13.998111
0.0052883257
2.2898637e-05
-0.0056338124
-0.0022362769
0.00047177804
-0.0026435128
-3.3801064
3.0188003
0.37706518
0.7330029
1371.3368
-1372.1208
0.15830472
-0.022316428
-12.770458
12.753613
0.00047613945
2.0325533e-06
-0.0011605831
-0.06929505
0.003964033
-0.009033023
-0.5413016
0.19897255
0.3362801
0.16967835
721.83075
-722.0218
0.44989622
-0.37586138
-4.0430274
4.0341496
0.0037941048
1.5970789e-05
-0.007222233
-0.062497795
0.003939669
-0.010027648
-0.38803607
0.1430093
0.24861336
0.038859222
480.10767
-480.1593
0.049722455
-0.0021729392
-10.755193
10.740051
0.0020604485
8.554171e-06
-0.0028301112
-0.03643842
0.002235173
-0.005414632
-2.236341
2.0788298
0.17054448
0.7056321
1223.1583
-1223.9147
0.4345936
-0.3113323
-12.398592
12.378576
0.0052946145
2.1683865e-05
-0.007182726
-0.020277083
0.0015990674
-0.014416268
-2.042896
2.0423162
-0.0028538704
0.704851
825.3322
-826.0782
0.16521545
-0.082871884
-0.6349439
0.6340112
0.0001990339
8.042673e-07
-0.0045523583
-0.060205936
0.0037518968
-0.023722041
-0.081756875
-0.063445166
0.13187003
0.0048523247
1251.2792
-1251.3185
0.18581562
-0.061519027
-5.9788523
5.96848
0.003619379
1.4433129e-05
-0.004025295
-0.011277653
0.0008990807
-0.022317953
-0.5147538
0.45599952
0.039179564
0.7678137
480.5108
-481.31326
0.20693229
-0.15820798
-12.798741
12.780215
0.004463688
1.7569244e-05
-0.0031367717
-0.01173833
0.00087496184
-0.015265388
-0.34333763
0.01767851
0.33510157
0.6082599
705.74664
-706.3927
0.096717335
-0.02660461
-3.1282697
3.1207404
0.0041441456
1.6102922e-05
-0.0019983216
-0.009293944
0.0006719084
-0.0034532463
-1.7869885
1.4795818
0.31884843
0.23735425
292.4768
-292.72958
0.28268826
-0.25199673
-9.11929
9.1040325
0.005695575
2.1852089e-05
-0.0031889337
-0.055803984
0.0034675982
-0.017322222
-3.0925846
2.9308033
0.16839981
0.69420934
400.82715
-401.5529
0.392413
-0.3502808
-1.8418833
1.8384997
0.0014945328
5.662653e-06
-0.004764184
-0.043215632
0.002856655
-0.011252826
-0.22690842
0.18223076
0.03781849
0.35633364
989.5658
-989.9637
0.28143534
-0.18219255
-2.185739
2.182065
0.0014876665
5.5673736e-06
-0.0007275282
-0.052045643
0.003131597
-0.010921292
-0.77964157
0.73230016
0.029831886
0.7296644
1148.0172
-1148.8044
0.1761863
-0.06203416
-16.852617
16.830856
0.0053596133
1.9814246e-05
-0.0054213013
-0.05875957
0.0038179304
-0.017010832
-0.09560028
-0.2027692
0.27493525
0.6081453
656.89594
-657.54254
0.075121865
-0.009957825
-18.62504
18.602352
0.0049800314
1.8190443e-05
-0.0029199857
-0.053284317
0.003351316
-0.010287149
-1.7477689
1.5148122
0.2231183
0.53124833
325.12
-325.6767
0.09827366
-0.0655866
-20.86965
20.84597
0.0043057757
1.5541591e-05
-0.003072906
-0.038715243
0.0025057406
-0.010020029
-0.73629516
0.5385618
0.19184375
0.092
1210.9823
-1211.1194
0.34506363
-0.22364524
-12.300183
12.282758
0.0062271715
2.2214244e-05
-0.0013983572
-0.005981371
0.0004600442
-0.010932956
-0.26156202
-0.02322123
0.2773981
0.32161793
1137.671
-1138.0424
0.41228133
-0.2975959
-22.120499
22.094383
0.0064595095
2.2777143e-05
-0.004526663
-0.031269282
0.0021630616
-0.017812494
-0.28273916
0.26052326
0.018119156
0.69384354
1128.1084
-1128.8632
0.30287072
-0.18982522
-4.2935176
4.2851825
0.0045704674
1.593235e-05
-0.004078739
-0.01470232
0.0011579499
-0.006200497
-0.44789824
0.21223417
0.22075558
0.39454287
1248.3986
-1248.8506
0.32700306
-0.2019962
-17.228434
17.211815
0.0019978785
6.886001e-06
-0.0069053285
-0.037954867
0.0027356793
-0.0134344725
-1.7774528
1.529174
0.2600944
0.19325395
987.7782
-988.0148
0.23342359
-0.13469605
-22.752562
22.728971
0.004674379
1.5931564e-05
-0.0015137409
-0.016760081
0.0011236258
-0.015362176
-1.1689804
1.0899925
0.062399864
0.040748507
587.88196
-587.9462
0.27230674
-0.21265754
-5.8075733
5.7971363
0.005665516
1.9097066e-05
-0.0056778733
-0.009652466
0.0009656882
-0.008955814
-0.24746172
0.08581415
0.16200626
0.010384679
431.18387
-431.2116
0.36743203
-0.3225547
-20.819445
20.797314
0.0055225
1.8412396e-05
-0.0037950396
-0.02881512
0.002013933
-0.013901586
-0.4651831
0.16132592
0.2961676
0.590449
75.29224
-75.90178
0.2079034
-0.19903964
-9.343057
9.331878
0.0038661594
1.2751328e-05
-0.002142072
-0.025836647
0.0017090833
-0.012035419
-0.038174175
-0.24493957
0.26719284
0.16968851
1063.068
-1063.2854
0.11396649
-0.00864138
-16.486422
16.47111
0.0027118751
8.8490915e-06
-0.002264196
-0.040459424
0.0026293602
-0.018653221
-1.360192
1.2106498
0.16163932
0.57234424
894.78467
-895.4101
0.4028646
-0.31210238
-17.511395
17.492496
0.0057509723
1.8568398e-05
-0.003810528
-0.038675517
0.0026211832
-0.008948907
-1.3484038
1.1686401
0.18079531
0.4939355
334.0784
-334.59995
0.34375128
-0.3085344
-11.10863
11.098343
0.0021269033
6.795712e-06
-0.0014113978
-0.037376165
0.0023765767
-0.014532368
-1.4671392
1.4699272
-0.0077061653
0.2745063
732.5661
-732.87933
0.3272581
-0.2529876
-12.048657
12.038763
0.001231656
3.8947464e-06
-0.0006284938
-0.015434273
0.0010020435
-0.011956987
-1.109757
1.0795977
0.028417349
0.2509716
342.96634
-343.23898
0.32629508
-0.29034656
-11.576573
11.564094
0.004287631
1.3420142e-05
-0.0023653186
-0.037494153
0.0024498494
-0.018736588
-2.1518357
1.9341043
0.2125206
0.5627651
27.678432
-28.257603
0.10335449
-0.099880256
-26.375875
26.352211
0.0054030404
1.6740734e-05
-0.00064408756
-0.0075301677
0.0005162244
-0.009812126
-2.2923274
2.2610493
0.034912825
0.5900435
722.8925
-723.5312
0.17964615
-0.1072883
-21.644306
21.629354
0.00028810315
8.8374316e-07
-0.0057635135
-0.033287913
0.0024083622
-0.0125399325
-1.9597174
1.9432769
0.002790451
0.09419714
146.12141
-146.22435
0.15153876
-0.13614012
-17.864538
17.847729
0.0048883264
1.4846504e-05
-0.00075206143
-0.004562702
0.00034366216
-0.006562799
-1.9428793
1.8506619
0.09581804
0.5038744
205.15892
-205.686
0.1645901
-0.1432565
-7.392796
7.3827677
0.0051558963
1.5505917e-05
-0.0005135424
-0.00046100095
6.489188e-05
-0.0085140765
-1.7341896
1.5383208
0.19962215
0.4024486
324.57886
-325.00723
0.3282736
-0.29410544
-3.750603
3.743144
0.0050094193
1.4919431e-05
-0.0008629258
-0.0065578744
0.00046641537
-0.012910761
-1.3283626
1.1769968
0.14733696
0.010123512
448.9822
-449.01334
0.24120265
-0.19542591
-27.336351
27.313093
0.006017369
1.7749437e-05
-0.0011221298
-0.010576174
0.00073062524
-0.009076701
-2.0680692
1.9659699
0.11652866
0.4121122
711.10425
-711.56146
0.13774599
-0.06684691
-8.700667
8.691047
0.0042080693
1.2294597e-05
-0.0024917533
-0.0047347657
0.0004585638
-0.005122264
-1.9007993
1.7200383
0.19213688
0.3330322
782.02094
-782.40045
0.29883963
-0.21989112
-2.03212
2.02948
0.0013947742
4.0367195e-06
-0.0033353064
-0.0053271204
0.0005452631
-0.01227699
-0.6269592
0.44599065
0.1656537
0.27013713
99.36796
-99.64996
0.1158755
-0.105297066
-16.725906
16.71067
0.0052290754
1.4992751e-05
-0.0027925894
-0.020606533
0.0014401707
-0.013042858
-1.7093354
1.5071349
0.19988632
0.40945676
73.31821
-73.74225
0.1804864
-0.17202131
-24.806923
24.788595
0.003781599
1.0742408e-05
-0.0015946219
0.0006260304
7.987372e-05
-0.0071919244
-1.9662195
1.9649441
0.0015573502
0.44843104
619.0083
-619.4993
0.22688644
-0.1644411
-3.1195064
3.1141946
0.003484779
9.808628e-06
-0.00023798323
-0.033811465
0.0020811614
-0.015099249
-1.7063965
1.5548376
0.15671039
0.028355768
581.5346
-581.59235
0.32740587
-0.26801264
-3.4850333
3.4792757
0.003753142
1.0468183e-05
-0.0030400462
-0.0044501275
0.0004638696
-0.00639225
-0.37035784
0.35453135
0.008817077
0.36639422
232.0098
-232.39792
0.05151489
-0.028315088
-2.9702656
2.966703
0.0018954498
5.239229e-06
-0.0032523735
-0.0011129305
0.00027208246
-0.015978914
-1.0659883
0.9371357
0.13291907
0.015110794
296.17386
-296.20425
0.18101072
-0.15066601
-14.805933
14.790631
0.0071510677
1.9590228e-05
-0.0019388623
-0.027977183
0.0018184858
-0.0029850346
-0.005190393
-0.1590776
0.15152383
0.4775481
121.149895
-121.646645
0.04409339
-0.03183455
-10.874397
10.863325
0.005187681
1.408606e-05
-0.00092804484
-0.023221955
0.0014643606
-0.0072605726
-1.6148773
1.5830208
0.020425558
0.4374707
926.6004
-927.09735
0.32254148
-0.2292048
-21.569077
21.556538
0.0011455166
3.0831789e-06
-0.0046394374
-0.0021468736
0.00041774777
-0.011037715
-0.9010196
0.71664786
0.17661786
0.05858177
742.0602
-742.15845
0.18396492
-0.10974601
-5.990598
5.9828644
0.004580924
1.22226165e-05
-0.0020290136
-0.01684463
0.0011418809
-0.00894182
-1.747452
1.6723652
0.08022785
0.10804418
368.76575
-368.8959
0.21403146
-0.17631666
-5.5417595
5.538437
0.00048878597
1.2929318e-06
-0.0023178125
-0.021902323
0.0014649113
-0.012483921
-0.95361465
0.8084701
0.14788651
0.5020711
393.1942
-393.7308
0.2214348
-0.1812281
-23.468615
23.454882
0.0019314891
5.065547e-06
-0.0029680931
-0.0036227293
0.00040486583
-0.013886029
-1.0793309
1.072301
-0.005279064
0.09627295
573.28467
-573.41376
0.266103
-0.20792645
-25.396385
25.38233
0.0014829688
3.8563294e-06
-0.003061901
-0.0028192773
0.00035788055
-0.011714258
-1.7273743
1.6871028
0.039927006
0.09382085
581.10144
-581.22864
0.07006997
-0.0124417255
-18.872967
18.862476
0.0012914948
3.3302194e-06
-0.0031745224
-0.013877317
0.0010173103
-0.004089567
-1.3616414
1.3047576
0.050466776
0.4307402
820.16754
-820.65405
0.09704303
-0.01568861
-17.17258
17.156422
0.007869103
2.0122092e-05
-0.0010741496
-0.02967365
0.0018139953
-0.014248143
-2.0492928
1.9768666
0.08410865
0.21934196
628.43005
-628.6895
0.06689003
-0.0046157567
-18.866913
18.855959
0.002036045
5.1633556e-06
-0.0020872005
-0.007680781
0.0005833063
-0.008961048
-1.6104399
1.478033
0.12432408
0.30067983
750.0579
-750.4076
0.2234944
-0.1481987
-29.104198
29.089138
0.0015472147
3.8915277e-06
-0.0033271513
-0.02550383
0.001694801
-0.013319244
-0.09876824
-0.119451076
0.20338202
0.22179642
450.33167
-450.58408
0.28653556
-0.24030112
-28.550877
28.529757
0.008002244
1.9963385e-05
-0.0012050834
-0.028881624
0.0017597188
-0.013869554
-1.8596617
1.6951321
0.1634903
0.13389878
400.88312
-401.04254
0.08081031
-0.040829204
-17.50577
17.497475
0.0004144481
1.025588e-06
-0.0021723353
0.0006150147
9.456236e-05
-0.011071387
-0.18643609
0.13183026
0.04483795
0.31844276
703.8364
-704.20264
0.28525504
-0.21408847
-22.476364
22.457228
0.00909521
2.2326587e-05
-0.00012414469
-0.021932542
0.0012773938
-0.0050792117
-0.19369456
-0.032615915
0.22325766
0.3443009
510.47122
-510.85345
0.22297506
-0.17124067
-2.912809
2.9081025
0.0034038797
8.289286e-06
0.00012584384
-0.02134101
0.0012250877
-0.004622955
-0.7838222
0.629144
0.14388633
0.21765675
742.6593
-742.92444
0.14765726
-0.07360657
-1.9237332
1.920226
0.002656183
6.4174105e-06
-0.0026426434
-0.0046993718
0.0004232265
-0.012518327
-1.8965853
1.7351563
0.16325307
0.2855616
465.83508
-466.15472
0.12496571
-0.07828499
-24.554005
24.541891
0.001700707
4.076764e-06
-3.9952996e-05
-0.028743863
0.0016281141
-0.0027823052
-1.8535422
1.7617422
0.09215021
0.20341669
524.0224
-524.261
0.1379672
-0.08548499
-11.532127
11.526328
0.0009764896
2.322538e-06
-0.0035032216
-0.020804346
0.0013714447
-0.0047166804
-0.38686666
0.29411805
0.081866026
0.13452053
431.21915
-431.3819
0.05686111
-0.014057084
-6.2330136
6.2244534
0.005941397
1.4022228e-05
-0.001240422
-0.023440406
0.0013811877
-0.006719189
-1.8220372
1.7550192
0.06829381
0.3781199
682.5297
-682.9576
0.111425266
-0.043514874
-14.170907
14.158724
0.006380558
1.4943223e-05
-0.00040021067
-0.011755206
0.00068491825
-0.007959116
-0.96751875
0.74834967
0.22148609
0.21357583
38.62388
-38.845478
0.05298683
-0.048811138
-30.41
30.394228
0.0035906066
8.345146e-06
-0.001733729
-0.014308363
0.00088939583
-0.0077292793
-1.6856738
1.5564113
0.1252923
0.11901662
566.33246
-566.48737
0.107538566
-0.051107977
-11.365497
11.356934
0.004050901
9.34375e-06
-0.00021173216
-0.019233555
0.0010691646
-0.0018836088
-0.8562568
0.75221074
0.09714532
0.13735078
63.122913
-63.267513
0.22416285
-0.21643688
-23.047554
23.031073
0.0074654683
1.709042e-05
-0.0002019565
-0.009501591
0.0005280784
-0.010270795
-0.66682607
0.49503985
0.16212344
0.14532258
261.13925
-261.3037
0.2517953
-0.22440885
-11.669848
11.660191
0.005145624
1.1691815e-05
-0.0021394505
-0.018064946
0.0010967336
-0.008302402
-1.306058
1.2767342
0.0342201
0.12597995
13.196372
-13.32658
0.14462464
-0.1423437
-0.7517402
0.746196
0.005213595
1.1758471e-05
-0.0024410137
-0.0052774698
0.0004243906
-0.010119548
-0.62123626
0.44290543
0.17669272
0.2832178
604.5401
-604.86694
0.21193264
-0.1510273
-7.763005
7.7589507
0.0011541763
2.5839076e-06
-0.0011423512
-0.009177603
0.00055390503
-0.0033006468
-0.96991456
0.7898427
0.18216383
0.35739443
773.3509
-773.7642
0.23022635
-0.15258874
-20.144548
20.128551
0.008528838
1.8954253e-05
-0.0022202723
-0.018942654
0.001124899
-0.0075022634
-0.8551785
0.7802161
0.08086026
0.1838982
235.04623
-235.2493
0.07233927
-0.048719212
-32.26516
32.244576
0.008826052
1.947223e-05
-0.0018890101
-0.022262394
0.0012698203
-0.003448152
-0.33821222
0.31949973
0.011765718
0.37837002
139.48419
-139.88141
0.043229606
-0.02918346
-8.141061
8.128358
0.009710698
2.1269258e-05
-0.0021989532
-0.019024298
0.0011077612
-0.009889151
-1.3504362
1.1703037
0.1832422
0.2440112
727.4413
-727.73596
0.20386013
-0.13092592
-18.826036
18.818981
0.00041812388
9.092415e-07
-0.00290375
-0.001415506
0.0002348909
-0.010302612
-0.5662825
0.55543065
-0.00039672852
0.24252942
462.0095
-462.28665
0.13309453
-0.08673973
-31.548038
31.532696
0.0043402016
9.370784e-06
-0.0005883018
-0.0035703517
0.0002148711
-0.004498526
-1.6148314
1.4457008
0.18168718
0.2633921
672.23895
-672.5508
0.14267135
-0.07557459
-3.431282
3.422556
0.007483377
1.6042592e-05
-5.135333e-05
-0.003951948
0.00020340897
-0.006154348
-1.100973
0.89945835
0.2055366
0.3271254
609.1036
-609.4769
0.12471125
-0.06393772
-4.9831905
4.9778137
0.0036595284
7.789893e-06
-0.0012786308
-0.017736852
0.00094763987
-0.0014712206
-0.24683468
0.06792687
0.17016411
0.19912949
478.17255
-478.4065
0.052620772
-0.0052204463
-6.8244314
6.8118944
0.010169178
2.1495121e-05
-0.0016857169
-0.015568912
0.0008506761
-0.0026346843
-0.38878486
0.33552948
0.041913033
0.24154933
657.8658
-658.15466
0.2453439
-0.17897436
-20.359894
20.343029
0.010063678
2.112402e-05
-0.0016085875
0.0010591391
3.1833188e-05
-0.0047572604
-1.5460227
1.5089303
0.037489176
0.24248451
406.8194
-407.0937
0.12239589
-0.081540704
-33.96218
33.94618
0.0049191928
1.0254096e-05
-0.0023340813
0.00022377446
0.00010777748
-0.009072398
-0.6320671
0.5601498
0.06381297
0.13551465
288.5542
-288.7112
0.08643259
-0.05746055
-34.969044
34.94941
0.008338528
1.7262098e-05
-0.00089221704
-0.008472286
0.00044791563
-0.0035178913
-1.4837276
1.3569703
0.13501775
0.043579277
420.42914
-420.50006
0.09613895
-0.05414144
-1.2842609
1.275678
0.008104981
1.6663798e-05
-0.00030687707
-0.0057196766
0.00028712396
-0.009237669
-0.75559664
0.6773575
0.07213879
0.13237825
38.522133
-38.6604
0.16146418
-0.15657966
-28.931576
28.91417
0.008279604
1.6906983e-05
-0.0004283664
-0.0019339193
0.00011726291
-0.010682288
-1.099718
0.9445688
0.16012585
0.29510745
57.775692
-58.08258
0.12004549
-0.113528684
-15.774193
15.76352
0.005750867
1.1663822e-05
-0.0016792561
-0.0111956075
0.00059730123
-0.010592698
-1.252216
1.1908772
0.058501244
0.1630775
158.2473
-158.42476
0.056456942
-0.040498592
-5.3514585
5.348216
0.0015966072
3.2164187e-06
-0.0022521606
-0.005725108
0.0003649261
-0.005668641
-1.185493
1.1673695
0.015527248
0.34928152
683.6612
-684.06354
0.25772372
-0.18872358
-4.424197
4.418111
0.004713309
9.431551e-06
-0.0022645325
-0.00030069984
0.00011926779
-0.0068808533
-0.18136911
0.05468508
0.122035384
0.26981106
349.69254
-349.99197
0.111979075
-0.07680937
-29.36148
29.351505
0.0012344692
2.4537817e-06
-0.00045249183
-0.0044190846
0.00021647525
-0.009988541
-0.3955382
0.38146108
0.00288558
0.16484809
230.67798
-230.86192
0.050602082
-0.027559357
-27.78887
27.777237
0.0034458095
6.80394e-06
-3.034136e-05
-0.002615489
0.000115183706
-0.0024700854
-0.17047681
0.098734766
0.05758834
0.15819937
597.92413
-598.1248
0.22931479
-0.16895664
-37.91874
37.90481
0.0029052931
5.698854e-06
-0.00033916402
-0.01417467
0.0006230701
-0.008237734
-0.40226403
0.22311158
0.17076468
0.0019068886
645.81537
-645.85864
0.13306266
-0.06865542
-21.377884
21.368483
0.0032484275
6.330148e-06
-0.00027082578
-0.011179499
0.00048640993
-0.0034658564
-1.3606436
1.2524818
0.11802238
0.033525933
458.52127
-458.5854
0.101810165
-0.05602937
-31.594526
31.576645
0.0088620065
1.7156555e-05
-0.0008413598
-0.015360147
0.00067476253
-0.005618638
-1.2107241
1.1683993
0.040807247
0.32067868
52.554955
-52.88784
0.05043899
-0.044899818
-11.759562
11.755771
0.0005016069
9.647911e-07
-0.00093954365
-0.013611808
0.00059582794
-0.0035196985
-0.49542046
0.38480625
0.10275245
0.019812709
470.9418
-470.99252
0.11528646
-0.06819522
-14.299299
14.288399
0.006892715
1.3171809e-05
-0.0018161561
-0.007419668
0.00037615647
-0.00050327444
-0.80572164
0.6522796
0.14739466
0.14927074
321.7259
-321.90005
0.109634854
-0.07724364
-15.255558
15.245804
0.005542439
1.0523375e-05
-0.0002820407
-0.004732687
0.00020218627
-0.0068955533
-0.9383392
0.8621063
0.075899124
0.15981847
259.42444
-259.60562
0.07785417
-0.05180215
-32.156494
32.143333
0.0044507626
8.39655e-06
-0.0021580479
-0.005402535
0.00030031774
-0.005587562
-0.89145935
0.77572227
0.1228264
0.0429134
489.03433
-489.11053
0.15474486
-0.10560751
-6.310701
6.308164
0.0008499516
1.5932574e-06
-0.00067165546
-0.0076739118
0.00032124942
-0.0044805654
-0.30518544
0.16212395
0.13365793
0.16472399
569.76984
-569.97656
0.11970653
-0.06285141
-4.664411
4.661572
0.0015990642
2.9784883e-06
-0.00046922767
-0.0020535812
9.8898076e-05
-0.005927402
-0.46052942
0.34811136
0.11344594
0.06411104
107.43937
-107.512314
0.08183168
-0.07071032
-28.172255
28.16289
0.002018035
3.7351606e-06
-0.0018155044
-0.0016229078
0.00012872163
-0.0070500798
-0.63427496
0.5832231
0.04856813
0.016436616
215.5967
-215.62775
0.19132586
-0.16883853
-7.7435207
7.737596
0.0039008213
7.174634e-06
5.6019715e-05
-0.008175835
0.00029471196
-0.003876755
-0.22254635
0.21037422
4.9114227e-05
0.0742236
216.03651
-216.12694
0.122194305
-0.10012112
-26.606709
26.59237
0.0075144907
1.373467e-05
-4.9443577e-05
-0.0036019199
0.00012898966
-0.0029080426
-1.1015173
1.0297856
0.074846864
0.04396516
554.84576
-554.9278
0.14493777
-0.08939367
-14.618661
14.609387
0.005561155
1.0101145e-05
-0.0013261493
-0.006589532
0.00027566397
-0.004662304
-0.0882959
-0.058108583
0.13930178
0.2438648
544.256
-544.54285
0.17188852
-0.1171852
-9.010942
9.005821
0.0028603424
5.1632396e-06
-0.00059687055
-0.016235724
0.00057260226
-0.008775755
-0.5220711
0.3982236
0.12055671
0.17033125
610.6439
-610.8598
0.18456542
-0.12325542
-13.778843
13.766262
0.009126755
1.6373084e-05
-0.000111305366
-0.00036067655
1.7997547e-05
-0.0057691326
-1.2929416
1.1327268
0.16639555
0.12661582
369.95883
-370.1137
0.21282028
-0.17499663
-26.607481
26.60065
0.00038489507
6.8624223e-07
-0.0014890386
-0.010327034
0.00038325967
-0.0033345309
-1.2541192
1.1361697
0.11519289
0.16500685
110.56462
-110.74148
0.12062824
-0.10892958
-14.401762
14.387589
0.010633966
1.8843532e-05
-0.0014244529
-0.008376181
0.00031235119
-0.0024436053
-0.7240801
0.5737047
0.15665612
0.26672566
577.37976
-577.6929
0.062211037
-0.004982527
-31.72064
31.709711
0.0033984284
5.985325e-06
-0.00073886587
-0.011019677
0.00036369244
-0.0029805168
-0.4249831
0.38032025
0.035619497
0.17715435
519.3978
-519.6149
0.07109043
-0.019513993
-35.80664
35.79288
0.005341248
9.349866e-06
-0.0014998879
-0.0060081705
0.00022941217
-0.003398626
-0.93910384
0.7825309
0.15903795
0.20300063
457.6108
-457.85052
0.13955396
-0.09359307
-6.388557
6.376211
0.010778242
1.8753131e-05
-0.00071541057
-0.00637006
0.0002084316
-0.0066420226
-0.43780726
0.411038
0.027410924
0.18220948
101.239815
-101.43397
0.03818127
-0.027950272
-41.216194
41.194984
0.011685821
2.0209634e-05
-0.0008594721
-0.0070062205
0.00022590939
-0.0024130023
-0.39336944
0.27649793
0.117712736
0.07653748
178.72635
-178.81718
0.0769628
-0.05886201
-9.880503
9.873118
0.005106805
8.77873e-06
-0.0009015616
-0.003207542
0.000115895644
-0.0020867605
-0.8644056
0.7773761
0.0899021
0.20648472
210.59462
-210.82123
0.1893212
-0.16732055
-2.9205453
2.9153414
0.004513382
7.71218e-06
-0.00026507134
-0.013160124
0.00036216076
-0.0067979544
-0.29567075
0.28279558
-0.0017883778
0.06733175
315.35153
-315.44214
0.06932464
-0.03783904
-37.621677
37.603313
0.009960422
1.6918231e-05
-0.00041162348
-0.002128683
6.741303e-05
-0.0041146553
-0.16112287
0.025349466
0.1339364
0.024545405
475.00656
-475.06445
0.11302691
-0.06555103
-41.33576
41.3164
0.010235926
1.7282859e-05
-0.0013354865
-0.012197122
0.0003431781
-0.0035957363
-0.5732818
0.43122286
0.13946354
0.25943515
415.3846
-415.67972
0.052242212
-0.011013459
-1.7892551
1.7837585
0.005067355
8.505305e-06
-0.0006931181
-0.0087099075
0.00022949041
-0.0062254285
-0.6205756
0.5909924
0.026239395
0.17039968
287.1164
-287.31137
0.120421275
-0.09136002
-29.611431
29.600836
0.0042348676
7.0660612e-06
-0.00088120525
-0.0120013505
0.00030490517
-0.0039226413
-1.3073114
1.2602597
0.054396033
0.31378722
70.17749
-70.504906
0.08773926
-0.08021812
-11.567001
11.559306
0.0052067204
8.636529e-06
-0.001240026
-0.005637713
0.00015722647
-0.0035566827
-0.030021451
-0.09887397
0.119627
0.03905478
6.3522806
-6.392639
0.12337139
-0.12191662
-16.05526
16.050264
0.00162567
2.6807313e-06
-0.00038059364
-0.0048543923
0.000116064504
-0.0019101459
-1.2415508
1.2080882
0.02947259
0.22032271
151.85732
-152.0942
0.052398775
-0.037090644
-43.76887
43.750137
0.009608867
1.5752414e-05
-0.0012163508
-0.003446862
0.000100161065
-0.0045789857
-0.3848743
0.28811315
0.100486666
0.13631578
425.05817
-425.228
0.08786865
-0.045462508
-11.827393
11.817236
0.00767596
1.25103525e-05
-0.00042537868
-0.013134241
0.000274298
-0.0027053829
-0.27913156
0.2647141
0.008301854
0.05753811
549.1384
-549.23584
0.16540796
-0.11028754
-0.7411146
0.7359484
0.0049750814
8.06133e-06
-0.00050447497
-0.013361126
0.00026795422
-0.006221986
-0.6763482
0.61841804
0.055283546
0.11034096
272.92908
-273.06143
0.09998206
-0.07245925
-38.592438
38.57707
0.0075943274
1.2234132e-05
-0.00036161378
-0.0032433756
6.6816516e-05
-0.0066770753
-0.87753516
0.84323317
0.030771136
0.05656305
537.6457
-537.74146
0.1546961
-0.100777924
-8.562016
8.548476
0.011752822
1.882394e-05
-0.000101182355
-0.009009033
0.00016037043
-0.0036762105
-0.022108532
0.00064122526
0.011051536
0.05484608
215.26956
-215.34093
0.03746914
-0.016041277
-13.037482
13.034093
0.0008332484
1.3268889e-06
-0.00015210241
-0.007086195
0.00012137962
-0.0048002615
-0.3114152
0.26599136
0.03783202
0.1217413
249.44434
-249.5869
0.05059029
-0.025706796
-18.721518
18.705286
0.012507097
1.9802284e-05
-8.617037e-05
-0.010377519
0.00016497844
-0.0032683637
-0.26272064
0.18030064
0.08108598
0.16159207
6.0644207
-6.2308974
0.049467392
-0.048523474
-28.882927
28.867857
0.009463028
1.4896846e-05
-9.820973e-06
-0.008383743
0.00012516425
-0.0020397974
-0.89013016
0.8356328
0.057962984
0.13522139
129.21754
-129.36568
0.016418986
-0.0035870462
-0.7143063
0.7059238
0.008179595
1.2802887e-05
-0.0011908708
-0.0077401996
0.00012550219
-0.005828011
-1.1846466
1.1652613
0.025322616
0.110555224
230.32802
-230.458
0.07316457
-0.050011206
-20.400623
20.394238
0.0025388342
3.9511992e-06
-0.00051921734
-0.006724581
9.511126e-05
-0.0052269753
-0.4138631
0.4013117
0.012527823
0.29686007
107.45354
-107.76631
0.027757406
-0.016973706
-14.668599
14.657272
0.008542924
1.3219828e-05
-9.3089846e-05
-0.011159405
0.0001375356
-0.005045792
-0.28253126
0.16802323
0.11836567
0.015749654
162.10901
-162.13678
0.041213743
-0.024993123
-30.083654
30.07463
0.003478356
5.352095e-06
-0.0009993262
-0.004657306
6.463201e-05
-0.0056637903
-0.5708736
0.49399096
0.08140674
0.13483033
436.43454
-436.60437
0.10951173
-0.0658425
-23.576042
23.559471
0.012196284
1.8660092e-05
-0.0010100568
-0.0038470328
5.108089e-05
-0.0024297812
-0.56071174
0.41874334
0.1472983
0.064689845
220.84474
-220.92699
0.03775906
-0.015780104
-29.2139
29.197607
0.010963187
1.6678812e-05
-0.0010683541
-0.0081101805
8.7597946e-05
-0.0028296872
-0.327791
0.28930637
0.035554767
0.07473047
10.156258
-10.233701
0.037389502
-0.036132853
-32.830368
32.818974
0.0055241156
8.356772e-06
-0.00035372598
-0.008485444
7.597095e-05
-0.0061016777
-0.46851635
0.41818336
0.053725384
0.23808327
185.84154
-186.09964
0.12491617
-0.10577888
-20.124142
20.108402
0.012109626
1.8216258e-05
-0.00013281243
-0.010494888
8.1547216e-05
-0.003360838
-0.5659687
0.49421322
0.0731132
0.015133901
171.92978
-171.95764
0.03994215
-0.022764364
-6.1650696
6.1569967
0.006945753
1.0389762e-05
-0.00048088847
-0.009880334
7.006491e-05
-0.0036753619
-0.5734883
0.570289
0.0024582148
0.26955602
225.75592
-226.04924
0.08462832
-0.061832085
-7.1141105
7.103006
0.009803373
1.4582246e-05
-0.0008555642
-0.003903158
2.8056584e-05
-0.005679273
-0.4928344
0.47383437
0.015638232
0.27798718
274.45456
-274.76004
0.08744142
-0.05983613
-20.212389
20.202608
0.006294129
9.310046e-06
-0.0003971829
-0.0030605122
1.7154722e-05
-0.0026708709
-0.7935279
0.74839866
0.049176708
0.015027651
468.05472
-468.10406
0.10579286
-0.059051234
-12.027977
12.018067
0.007824946
1.1509843e-05
-0.0004481318
-0.011427388
4.7146226e-05
-0.0020260916
-0.7165288
0.7189089
-0.01125741
0.23650752
527.2072
-527.4884
0.19766264
-0.14446639
-14.838113
14.835045
0.0005950971
8.70466e-07
-0.0007052503
-0.00826475
2.734267e-05
-0.0016229874
-0.505578
0.38076594
0.123538375
0.2588457
95.2639
-95.53678
0.068592176
-0.058738034
-44.206
44.193245
0.0054309233
7.899835e-06
-0.0008596758
-0.010476232
2.3869798e-05
-0.006453901
-0.91813755
0.86100763
0.060759127
0.12157639
195.32764
-195.46678
0.022201054
-0.0028302418
-2.254631
2.2533212
0.0009351432
1.3527158e-06
-0.0002414092
-0.010966107
1.299032e-05
-0.0009821313
-0.75184345
0.65764904
0.09547222
0.27846283
380.66183
-380.97583
0.056208044
-0.018366713
-39.136036
39.12265
0.007028239
1.0110272e-05
-0.0005997574
-0.0053961203
1.3433746e-06
-0.007356776
-0.008197843
-0.090604864
0.0983395
0.16685422
233.48628
-233.67485
0.08373664
-0.06019674
-16.918728
16.907106
0.008853921
1.2666114e-05
-0.00067974476
-0.004460968
-3.6982528e-06
-0.0020760973
-0.45100102
0.31631255
0.13699496
0.08728572
304.6925
-304.8044
0.040901653
-0.010653535
-11.608268
11.598174
0.008198236
1.166334e-05
-0.000418054
-0.006314859
-1.1147917e-05
-0.0047692438
-0.5597832
0.50838834
0.046165466
0.1345107
260.67593
-260.83313
0.08809824
-0.061858498
-27.960905
27.948214
0.008260553
1.1687174e-05
-0.00037954797
-0.00074119493
-3.0069496e-06
-0.002941124
-0.94377196
0.8878713
0.058401942
0.08018206
37.729027
-37.814137
0.028397374
-0.024488736
-19.977488
19.96427
0.010055611
1.4148479e-05
-0.00032205437
-0.008529894
-3.1346426e-05
-0.0060180253
-0.6031647
0.48687306
0.11757386
0.20915371
137.76245
-137.98749
0.08476442
-0.07062765
-17.543104
17.536448
0.0039480557
5.524442e-06
-0.0006833757
-0.009052955
-4.372628e-05
-0.0031127902
-0.98371553
0.8745466
0.118326575
0.15117134
335.07413
-335.25418
0.036443897
-0.0032313792
-28.10867
28.09529
0.009061351
1.26096875e-05
-0.00034832885
-0.0006111264
-5.2633113e-06
-0.004775127
-0.3194147
0.30801946
0.009364486
0.14026451
382.2505
-382.42285
0.10207238
-0.06378229
-17.203493
17.196531
0.004354036
6.025765e-06
-0.00057279714
-0.005310625
-3.7540172e-05
-0.0050008497
-0.27885357
0.16475447
0.117394656
0.20711543
383.40543
-383.6467
0.13474977
-0.09612076
-7.3914065
7.384675
0.005593517
7.698674e-06
-0.00022147565
-3.980403e-05
-1.976463e-06
-0.0044372403
-0.17018223
0.16437025
0.0017952919
0.1708742
448.21356
-448.42227
0.17158617
-0.12634085
-6.6769676
6.6671343
0.00878447
1.202429e-05
-0.0006557828
-0.006222874
-5.694288e-05
-0.0016895463
-1.1191127
1.053189
0.066319585
0.11862177
123.20513
-123.33603
0.09506349
-0.08229879
-12.205153
12.190947
0.012340024
1.6798662e-05
-0.00015547097
-0.009416938
-8.8184286e-05
-0.0040146275
-0.103831835
0.019435588
0.08294606
0.012915809
405.71164
-405.7549
0.10660548
-0.0659909
-17.851336
17.841164
0.00755385
1.0226882e-05
-0.00053256867
-0.0070941597
-7.73529e-05
-0.0053070467
-0.7093054
0.69887453
0.013543189
0.2310501
234.76036
-235.01535
0.1037359
-0.07993086
-18.34363
18.336018
0.004969716
6.6915136e-06
-0.00020251756
-0.010071129
-0.00011393236
-0.0039068176
-0.669646
0.5800792
0.08656371
0.20758806
109.17466
-109.396034
0.10325266
-0.0918041
-7.1655674
7.1532526
0.01122015
1.5024855e-05
-0.00059010205
-0.008995995
-0.0001152942
-0.0009483846
-0.699384
0.597015
0.10157287
0.11229461
166.16264
-166.29033
0.14610618
-0.12877612
-28.076977
28.063047
0.009958452
1.3262444e-05
-0.00041987703
-0.0054160506
-7.587036e-05
-0.0021923794
-0.8143487
0.7641749
0.05297643
0.16613925
135.62454
-135.80542
0.116759315
-0.102623396
-42.326515
42.317818
0.002872239
3.804286e-06
-0.0005430968
-0.0062070116
-9.412127e-05
-0.0046649342
-0.3777647
0.31701317
0.059541404
0.1663393
442.8296
-443.03357
0.11350807
-0.069181785
-31.129278
31.113567
0.011400614
1.5017656e-05
-0.0003146368
-0.0063186437
-9.877657e-05
-0.002013194
-0.32634073
0.22701648
0.09984785
0.18906748
127.345474
-127.54932
0.103191115
-0.08995792
-3.1987872
3.1928108
0.0055034915
7.209978e-06
-0.00023756547
-0.007061392
-0.0001153605
-0.0012127989
-0.44973403
0.3441642
0.1077587
0.07545178
483.18564
-483.29935
0.087382995
-0.03927199
-15.440031
15.429923
0.007993893
1.0415402e-05
-0.00049416296
-0.0063919127
-0.000115269155
-0.0024271917
-0.23324934
0.20946735
0.016770244
0.06898257
395.77835
-395.87875
0.17322582
-0.13313743
-31.37259
31.360897
0.0075138574
9.736492e-06
-0.00041328982
-0.00058852043
-1.7870858e-05
-0.005938022
-0.94938225
0.92789847
0.027425103
0.02157999
175.36935
-175.40474
0.13682593
-0.118661895
-12.248806
12.236457
0.010670284
1.3751099e-05
-0.00048592905
-0.0053394362
-0.000108651424
-0.0028799446
-0.87161905
0.8279582
0.043552876
0.09728435
372.34113
-372.4691
0.15462856
-0.11696678
-0.93432003
0.92817855
0.005973597
7.656296e-06
-0.0003212489
-0.0037608854
-8.004957e-05
-0.0061649573
-0.56001824
0.43662086
0.124571204
0.14746028
44.92359
-45.078484
0.012696908
-0.008179106
-22.769354
22.762892
0.0035380784
4.5099405e-06
-0.00031816147
-0.0032695048
-7.336577e-05
-0.0038356346
-0.14011241
0.01282125
0.12700391
0.06410927
198.29729
-198.37808
0.151806
-0.13128282
-0.19914675
0.19556494
0.0035286932
4.4733933e-06
-1.8948329e-05
-0.0046622604
-9.9847835e-05
-0.00249183
-0.07582479
0.02746132
0.039934516
0.23116846
56.296154
-56.537933
0.10164
-0.09540045
-40.9257
40.909153
0.011364457
1.4328162e-05
-0.00027167675
-0.009035274
-0.00020714616
-0.0049932348
-0.44529343
0.372162
0.07677971
0.19047719
101.89226
-102.09582
0.10832821
-0.097563945
-13.287628
13.283019
0.002948349
3.6969018e-06
-0.00028084026
-0.0074772313
-0.00017973865
-0.0028534995
-0.74797744
0.6650306
0.08748022
0.13699383
199.62589
-199.78181
0.04635738
-0.026401553
-16.581528
16.579227
0.00027875186
3.4761013e-07
-2.0962238e-05
-0.006241992
-0.00015078021
-0.0042490438
-0.94915867
0.88970524
0.059580922
0.09934056
9.159574
-9.262248
0.07690479
-0.07547964
-35.33613
35.32711
0.004733156
5.870018e-06
-0.00032642382
-0.0037854984
-0.000103244274
-0.0029958726
-0.8365032
0.8197965
0.020849243
0.059608717
3.2624817
-3.324007
0.11636975
-0.115264624
-16.878685
16.871752
0.0048782905
6.016837e-06
-7.7633566e-05
-0.002657596
-7.1078655e-05
-0.0018959375
-0.3490019
0.33102566
0.0142890215
0.1123592
74.30187
-74.42294
0.023148589
-0.015675351
-36.244118
36.23168
0.008100409
9.936128e-06
-5.7324273e-06
-0.004218541
-0.00011294035
-0.0036789116
-0.84476566
0.77008075
0.07732707
0.030251
151.70628
-151.74886
0.06326582
-0.047920424
-30.701788
30.687147
0.010978171
1.3392058e-05
-7.658195e-05
-0.0068626627
-0.00019165667
-0.0035236937
-0.70559716
0.6328556
0.07807894
0.04760607
266.1104
-266.17966
0.0574673
-0.030908138
-14.7627325
14.755364
0.0056211036
6.819356e-06
-4.874689e-06
-0.0026868656
-7.666665e-05
-0.0038003004
-0.96896714
0.9653942
0.005769253
0.20064537
446.12897
-446.36926
0.13322705
-0.08844236
-36.03055
36.02138
0.0050214063
6.0582684e-06
-3.5747435e-05
-0.003991671
-0.00011822287
-0.0044423873
-0.41603455
0.36653295
0.047037363
0.16154589
127.56062
-127.736336
0.06512627
-0.052129805
-44.60502
44.5924
0.0075492444
9.057843e-06
-0.00030046437
-0.0060005337
-0.00019084723
-0.0032311566
-0.5391203
0.4561903
0.07888186
0.22654834
123.69664
-123.93889
0.051124573
-0.038595207
-25.644129
25.63674
0.0044951215
5.363613e-06
-3.4237342e-05
-0.004212659
-0.00013222785
-0.0029831876
-0.53724587
0.53607005
0.002812028
0.023511155
177.74702
-177.78482
0.041803025
-0.024041109
-24.010015
23.996475
0.010812087
1.2829694e-05
-0.00023169021
-0.0020940825
-7.495711e-05
-0.004351829
-0.017654223
0.010586776
-0.0031166077
0.117905386
92.66102
-92.78921
0.093140595
-0.08339341
-31.57092
31.56246
0.004982352
5.879332e-06
-4.189422e-07
-0.0019131321
-6.317251e-05
-0.0003689051
-0.9933982
0.96297735
0.033113003
0.1370277
413.83725
-414.00986
0.06962284
-0.028445987
-15.102223
15.095645
0.004916057
5.7689003e-06
-9.7117736e-05
-0.0065562874
-0.00022402806
-0.0022833676
-0.87106436
0.85254735
0.02009672
0.026289618
65.18144
-65.2134
0.07532502
-0.06840866
-31.047136
31.040516
0.0032948935
3.8449925e-06
-0.00017390028
-0.0079367235
-0.00028001273
-0.002034047
-0.70063823
0.677526
0.020623684
0.097232
32.247078
-32.34941
0.030782662
-0.027395798
-23.56126
23.558014
0.0007612419
8.833847e-07
-0.00015920078
-0.0057337135
-0.00020862478
-0.0010281738
-0.40127054
0.29070354
0.11011839
0.14349543
9.555912
-9.704095
0.059663747
-0.05831057
-24.95092
24.944016
0.00428297
4.9424257e-06
-0.00015308913
-0.00013567833
-1.0871387e-05
-0.0011355935
-0.66785187
0.6349238
0.031383276
0.22721079
421.30365
-421.5697
0.12095401
-0.07869093
-39.55753
39.546467
0.0069394438
7.963103e-06
-0.00018220025
-0.0069964826
-0.0002655921
-0.0036068994
-0.056576923
0.022953477
0.033685267
0.011121794
55.389973
-55.405674
0.047501713
-0.041735895
-41.32479
41.320366
0.00022764636
2.5976175e-07
-0.00020621535
-0.0013554096
-5.939731e-05
-0.0047301906
-0.16933767
0.06874745
0.10153037
0.15277287
92.81484
-92.979034
0.06538406
-0.055804
-22.229803
22.217573
0.009924571
1.1261e-05
-0.00019789685
-0.00056681223
-3.0139054e-05
-0.0023354944
-0.28775808
0.2557839
0.029808342
0.07285775
67.696846
-67.77693
0.032091796
-0.025212547
-1.2978377
1.2927485
0.004922114
5.5534306e-06
-2.538208e-05
-0.004798427
-0.00019020177
-0.003592516
-0.88784695
0.8859749
0.0059019923
0.2230303
186.30273
-186.54651
0.12888455
-0.10967927
-39.853493
39.83648
0.013002656
1.45874565e-05
-0.00015525338
-0.004114844
-0.00017187628
-0.0021429632
-0.902809
0.8486439
0.056244254
0.06589528
120.74325
-120.820274
0.09767631
-0.08514274
-9.505755
9.493907
0.010842548
1.20951045e-05
-8.5930995e-05
-0.001362782
-5.953047e-05
-0.00066948985
-0.13621046
0.08454512
0.04423952
0.13061766
4.024266
-4.1587005
0.09569537
-0.09464668
-29.190212
29.174026
0.013290028
1.47410265e-05
-1.1781713e-06
-0.0038892515
-0.00016207038
-0.0025461046
-0.14528878
0.03619382
0.10899019
0.12319055
47.20049
-47.33075
0.04355039
-0.03860512
-18.220564
18.217451
0.0013797452
1.5216567e-06
-0.00014574468
-0.0055281073
-0.00024082951
-0.0031423313
-0.77836
0.744548
0.03139949
0.02427967
244.13232
-244.17616
0.135115
-0.11020147
-4.6334515
4.628944
0.0040437654
4.434162e-06
-7.2332705e-06
-0.006978363
-0.00030185273
-0.0053386926
-0.5802886
0.49950534
0.084768295
0.20655577
418.66663
-418.91165
0.06436729
-0.022744805
-1.5600737
1.558514
0.0014047342
1.5315086e-06
-0.000102614205
-0.0036983043
-0.00016731315
-0.0033743423
-0.13830855
0.06353772
0.07532576
0.21595542
170.50896
-170.74431
0.060617853
-0.04342312
-14.349608
14.346978
0.0013121143
1.4222887e-06
-5.7312925e-05
-0.006586574
-0.0002968378
-0.004053311
-0.40985546
0.4005835
0.0023839474
0.21262085
161.67581
-161.90689
0.05854483
-0.04223299
-37.251476
37.23956
0.008493228
9.1531565e-06
-0.0001083635
-0.0012956671
-6.383264e-05
-0.0034669517
-0.007325088
0.0057088896
0.00059331954
0.14533912
112.76795
-112.926216
0.027444098
-0.01615652
-11.80028
11.792344
0.006832196
7.320333e-06
-1.1457234e-05
-0.00579188
-0.00026736525
-0.0033539338
-0.34454674
0.28768817
0.05511248
0.1988116
125.73416
-125.94836
0.120589174
-0.10739847
-5.17909
5.167612
0.010938794
1.1652059e-05
-3.8861792e-05
-0.0014532898
-6.9822054e-05
-0.0044455677
-0.0658234
-0.022029215
0.08456218
0.19223784
343.03067
-343.25513
0.056744248
-0.022612564
-22.78583
22.78309
0.0007594626
8.0425184e-07
-3.3765914e-06
-0.005826108
-0.00027663555
-0.003039474
-0.27420482
0.23681745
0.03554225
0.22085007
19.66423
-19.892809
0.02349736
-0.021384226
-2.456075
2.4558294
3.5193465e-05
3.705012e-08
-1.9152834e-05
-0.004697457
-0.00022694518
-0.0022578817
-0.011531258
-0.074304774
0.08327669
0.098584384
83.07323
-83.18105
0.116875716
-0.10791527
-6.013805
6.003607
0.009615639
1.00632105e-05
-0.00010021234
-0.0031304322
-0.00015774129
-0.0029226483
-0.6508979
0.58670586
0.06410766
0.17184927
78.340515
-78.52329
0.05299014
-0.04491476
-39.358932
39.35384
0.0017942471
1.8666382e-06
-5.4057105e-05
-0.0025906712
-0.00013077338
-0.0019284782
-0.8668999
0.7848099
0.084065676
0.12908864
363.0741
-363.2353
0.05904302
-0.022931663
-44.44217
44.42996
0.008487968
8.77787e-06
-8.3368695e-06
-0.007152021
-0.0003583065
-0.0006919543
-0.8488852
0.7744408
0.07644105
0.08075867
14.249244
-14.333301
0.07037904
-0.06849922
-40.475674
40.464542
0.0077903494
8.008249e-06
-3.5470814e-05
-0.0068390965
-0.00034835623
-0.0018853995
-0.0048046713
-0.042724933
0.045966
0.049637277
305.10587
-305.18097
0.12820268
-0.09733763
-44.38847
44.383816
0.0010888305
1.1125601e-06
-7.8013516e-05
-0.0018279962
-9.7886485e-05
-0.0036507277
-0.8798644
0.85090214
0.029490232
0.056254737
30.324867
-30.384983
0.10208234
-0.0984123
-28.866817
28.855051
0.009411332
9.558364e-06
-3.698122e-05
-0.001184795
-6.3522966e-05
-0.0013099285
-0.25973248
0.2471539
0.012670338
0.100700736
22.199425
-22.3047
0.040315975
-0.03785331
-31.410357
31.402887
0.0049847118
5.0318536e-06
-2.7825465e-05
-0.00079930853
-4.3533888e-05
-0.0012570535
-0.23461682
0.20820579
0.024241447
0.04053291
224.45029
-224.50966
0.10690632
-0.08411612
-18.407274
18.404835
0.0010168034
1.0201552e-06
-7.9223656e-07
-0.0017746054
-9.421248e-05
-0.0021001822
-0.793463
0.72900087
0.0643127
0.091468446
141.6292
-141.73431
0.03507549
-0.020904606
-5.7650514
5.7579584
0.006606024
6.5871254e-06
-4.208532e-05
-0.0007799566
-4.422976e-05
-0.002821147
-0.23581414
0.16817093
0.06840268
0.027566545
383.61716
-383.6758
0.11527809
-0.07678163
-7.824645
7.818195
0.0058200667
5.767598e-06
-6.468885e-06
-0.00093934033
-5.1263487e-05
-0.00093648996
-0.0035771665
-0.076911084
0.07362032
0.1266868
357.9589
-358.11734
0.14107683
-0.10492115
-38.618896
38.614487
0.0015436964
1.5202829e-06
-4.01382e-05
-0.0009126542
-5.228372e-05
-0.0022110227
-0.79479814
0.7187383
0.07964718
0.17874156
139.03473
-139.22954
0.07940833
-0.06518754
-4.1913385
4.1900096
0.0010169359
9.95257e-07
-8.986942e-06
-0.005072415
-0.00028065077
-0.003570173
-0.1727178
0.08866403
0.081692815
0.06717477
91.70532
-91.78159
0.106428385
-0.09669247
-41.281536
41.277473
0.0011031162
1.0728158e-06
-2.0306086e-05
-0.0027771406
-0.00015605261
-0.0025666277
-0.13372825
0.11976496
0.009438157
0.2035041
5.779411
-5.989039
0.06831845
-0.06727297
-10.986428
10.974576
0.010994372
1.0624757e-05
-3.895647e-06
-0.0053314865
-0.00029998724
-0.0018691286
-0.26805386
0.20439814
0.06413582
0.12092101
90.68804
-90.81956
0.09424976
-0.08468989
-20.944122
20.941675
0.0009804951
9.4150033e-07
-1.6766126e-05
-0.0016331747
-9.364262e-05
-0.0029419956
-0.26003838
0.23520906
0.025717646
0.0008930747
306.0294
-306.0547
0.039987084
-0.0096266195
-8.30707
8.305339
0.0011530969
1.1001418e-06
-9.10082e-07
-0.0015522558
-8.890977e-05
-0.003615678
-0.41689417
0.3579166
0.062750265
0.01598085
267.83524
-267.87305
0.037473496
-0.010884161
-39.898304
39.891506
0.0040786867
3.866264e-06
-3.086315e-05
-0.003870517
-0.00022494255
-0.0034156144
-0.50599724
0.49031767
0.013585806
0.070834175
291.06046
-291.15643
0.1306143
-0.10111321
-37.682877
37.667435
0.012849511
1.2101132e-05
-1.3498812e-05
-0.0060233697
-0.00035052255
-0.0040258006
-0.038197223
0.0072627603
0.023187518
0.107583486
170.77527
-170.89935
0.06055332
-0.04334487
-25.365637
25.352272
0.011618046
1.086976e-05
-1.9589024e-05
-0.003947854
-0.00023213064
-0.0023390537
-0.7969063
0.7662555
0.03458619
0.16577448
255.75153
-255.94246
0.031739034
-0.006361303
-11.192016
11.178984
0.012220917
1.1358384e-05
-8.705534e-06
-0.005160548
-0.00030444047
-0.0031430367
-0.3704453
0.31789485
0.047282934
0.17828067
22.770918
-22.95589
0.100761026
-0.09783053
-26.2272
26.222404
0.0031143748
2.8753284e-06
-8.218501e-07
-0.0040674955
-0.00024121304
-0.0021022758
-0.065101504
-0.027618995
0.09026778
0.024923652
47.550076
-47.579388
0.091842405
-0.08655042
-37.078
37.07069
0.004970156
4.5579254e-06
-1.9131712e-05
-0.005337201
-0.0003196429
-0.0008346474
-0.5681045
0.5187752
0.049042523
0.19093847
303.12302
-303.34357
0.037342608
-0.0072669284
-8.493745
8.486046
0.0071257376
6.4905867e-06
-1.8284707e-05
-0.0042308196
-0.00025507595
-0.0014312812
-0.63845956
0.601763
0.039390743
0.05320491
199.72366
-199.79442
0.054330613
-0.034322884
-0.97148544
0.96730185
0.00409431
3.7039665e-06
-1.0553116e-05
-0.0015160386
-9.220638e-05
-0.0022329562
-0.5795387
0.5069565
0.07090473
0.059737522
181.53647
-181.61234
0.05775813
-0.039515298
-7.046876
7.0421667
0.004261278
3.8285393e-06
3.7872815e-07
-0.0039846376
-0.00024188813
-0.0023652273
-0.78207916
0.6911241
0.09645951
0.12547208
204.61818
-204.76364
0.103939
-0.083111286
-3.6059794
3.597648
0.008061211
7.1924014e-06
-4.1811217e-07
-0.0023417287
-0.00014291443
-0.001302088
-0.7133403
0.6505362
0.066057265
0.18514019
218.76193
-218.96988
0.05104014
-0.029169157
-35.07577
35.06195
0.011735458
1.0397452e-05
-9.7835e-06
-0.0051298738
-0.00031519128
-0.0021330193
-0.81458247
0.77940977
0.03649056
0.06295934
184.9983
-185.07787
0.0769208
-0.05820932
-19.16739
19.160763
0.005518574
4.8548823e-06
-4.4827098e-06
-0.005902007
-0.00036389823
-0.0028716815
-0.2116407
0.121723406
0.09428056
0.12539424
315.102
-315.25638
0.10796187
-0.07624346
-6.236722
6.2245007
0.0117899
1.0298118e-05
-1.67504e-06
-0.0054460764
-0.00033707084
-0.0024575545
-0.6087877
0.5421204
0.068413615
0.09475639
145.22504
-145.33414
0.114268444
-0.09921523
-26.901894
26.890612
0.009758063
8.462076e-06
6.6016305e-08
-0.005653821
-0.0003512458
-0.0019205291
-0.08353197
0.05073768
0.03042847
0.1538246
304.537
-304.71973
0.09040923
-0.05984426
-16.20238
16.197302
0.004190908
3.607911e-06
-2.6379337e-06
-0.005506225
-0.00034354642
-0.00075766037
-0.45534238
0.41515338
0.040487885
0.14044757
95.86121
-96.01332
0.021535654
-0.011951497
-17.83839
17.82609
0.011293507
9.651139e-06
-1.6156897e-06
-0.004964821
-0.00031079946
-0.00093101256
-0.42028227
0.3998096
0.016576052
0.01908966
242.83609
-242.87526
0.09973875
-0.075192295
-44.912533
44.902924
0.0072710314
6.1675737e-06
-1.6230935e-06
-0.005556144
-0.00034893263
-0.0022571199
-0.50073713
0.49616203
0.0033843517
0.1152769
108.29612
-108.42334
0.087574534
-0.07632899
-44.47768
44.47338
0.0020868534
1.756888e-06
-1.5927214e-06
-0.0023480467
-0.00014795481
-0.00343057
-0.1688924
0.07263636
0.099226266
0.14242886
67.223625
-67.37555
0.033014797
-0.026169723
-10.180614
10.169117
0.01092233
9.125685e-06
-9.7402946e-08
-0.005686447
-0.0003590422
-0.0021118291
-0.09354832
0.06298217
0.030945823
0.0117038
280.7304
-280.76523
0.060350962
-0.032342475
-26.07638
26.067476
0.0076077674
6.307659e-06
-2.7260498e-07
-0.0035320297
-0.00022357563
-0.0020565426
-0.6984302
0.6760927
0.023566484
0.01166157
172.50575
-172.53168
0.045771983
-0.028502634
-6.3900743
6.3814445
0.008271373
6.8047293e-06
-1.4911298e-07
-0.0022005364
-0.00013959264
-0.0029564274
-0.14675188
0.1355401
0.009379387
0.16788489
340.17325
-340.3735
0.0343924
-0.0006967584
-41.504642
41.49138
0.011300294
9.223704e-06
-1.2052508e-08
-0.0023666546
-0.00015040158
-0.0008125872
-0.27334926
0.1934951
0.077249765
0.07857435
3.206518
-3.2874386
0.07445563
-0.073634945
-28.849888
28.846905
0.0016930047
1.3709285e-06
2.0985168e-10
-0.26337487
-0.029514605
-0.00025236577
-0.00059489446
-0.030615099
0.8796537
-0.8197897
-356.57504
358.3844
1.7036858e-05
28.379177
-28.375366
-0.029061627
0.0063826265
