0.3263968
0.88176656
0.85279286
0.8183347
0.58697766
0.87223077
0.2687337
0.9643937
0.021294933
0.26475498
0.615629
0.28115606
0.51502025
0.16548991
0.55737656
0.8836646
0.43008217
0.83403975
0.80401486
0.82030916
0.5866621
0.6941806
0.08306555
0.6694017
0.060351267
0.7695041
0.91884714
0.339305
0.68568754
0.2700333
0.23566191
0.13600716
0.11142811
0.7779561
0.56511664
0.21406694
0.91769785
0.29143387
0.22009583
0.14572124
0.12964122
0.8394049
0.82254
0.71346104
0.77604187
0.2993863
0.55478984
0.5811698
0.71623385
0.5243467
0.6337864
0.48332137
0.84416604
0.95541143
0.7078787
0.57217705
0.41857412
0.03634425
0.05748726
0.55109394
0.57399637
0.2650297
0.31406897
0.9645089
0.11710002
0.6828881
0.25671336
0.47910443
0.9363205
0.45562708
0.84411454
0.33929688
0.87756366
0.83988076
0.34457937
0.4329291
0.36050597
0.27674055
0.512418
0.55263686
0.02755053
0.7885912
0.08628857
0.55120265
0.82212347
0.57813704
0.23289561
0.9874658
0.7889146
0.28830418
0.56599766
0.045162253
0.21246238
0.09803817
0.39919078
0.34661666
0.4175911
0.7168359
0.008670726
0.68167925
0.9670265
0.94790304
0.1361852
0.047538966
0.17423712
0.71540445
0.3553808
0.30038187
0.42345425
0.6827844
0.73442733
0.936326
0.39858446
0.5594208
0.3812238
0.18528336
0.53290904
0.33224577
0.72565913
0.48563632
0.4464075
0.18651618
0.67752606
0.8927184
0.60789216
0.97776055
0.14410663
0.8636592
0.4851321
0.98101884
0.6049425
0.5679526
0.90238124
0.13624673
0.509211
0.9935026
0.12784038
0.5564098
0.06247239
0.7124665
0.2087982
0.4562362
0.3024664
0.11099163
0.05752986
0.03564016
0.08737741
0.3232031
0.40439108
0.2527718
0.23324479
0.0018781052
0.8761288
0.7071594
0.92693734
0.8822882
0.40387776
0.8145208
0.7227009
0.4048112
0.83644354
0.91545635
0.029597536
0.49010268
0.18495172
0.030644082
0.67124313
0.093341
0.5328265
0.8181949
0.95539474
0.013360769
0.2538736
0.11849794
0.45489863
0.95398104
0.099897414
0.54957026
0.8002816
0.1410708
0.43460557
0.35935494
0.4629771
0.7912251
0.72333884
0.4742082
0.8750412
0.55020225
0.041404344
0.2847631
0.39878216
0.92726445
0.6646752
0.06982755
0.52734107
0.050121874
0.1339566
0.9545229
0.13036382
0.21395911
0.81505257
0.19056268
0.8493108
0.43112645
0.6758128
0.837073
0.27327085
0.46576142
0.5708032
0.31717193
0.26060387
0.6175478
0.7207404
0.908324
0.8316565
0.033602282
0.48737457
0.081617765
0.6902786
0.8915715
0.46267706
0.49423757
0.519597
0.4304729
0.06901017
0.8332019
0.0331421
0.88069785
0.8645111
0.5930118
0.16963048
0.7016304
0.9041217
0.84013087
0.870129
0.2688298
0.37217134
0.46245626
0.62878895
0.29886842
0.8802879
0.29184005
0.627285
0.121756874
0.5838609
0.7202843
0.6474303
0.6878062
0.38087383
0.65285677
0.4270686
0.769183
0.1538084
0.60759324
0.12483185
0.0133652575
0.09908666
0.82372993
0.96156543
0.4927968
0.7438317
0.6255556
0.97551566
0.85617906
0.7742451
0.9692746
0.6765203
0.52618194
0.1885002
0.7362697
0.8039009
0.5199713
0.6019694
0.21620497
0.5363878
0.23670855
0.6608633
0.8590329
0.8229909
0.050703336
0.22106065
0.12258193
0.031158509
0.11247726
0.70687246
0.8565862
0.70588475
0.5532895
0.579125
0.6531639
0.13930482
0.2944951
0.5053172
0.85830504
0.5207292
0.6187894
0.18838365
0.6899593
0.7854346
0.36910275
0.24605167
0.5810887
0.6756826
0.42823216
0.58660716
0.8242281
0.95133626
0.72829145
0.48454905
0.13566366
0.5405655
0.040139653
0.4873782
0.6213684
0.38081303
0.054202262
0.56566566
0.6979705
0.54022616
0.585259
0.3330954
0.45384768
0.35293624
0.8569578
0.8197125
0.887794
0.075275265
0.7904938
0.9812675
0.7674341
0.41669923
0.36737782
0.5835678
0.01340403
0.63696593
0.53827983
0.11303973
0.5615292
0.4847577
0.70513946
0.543949
0.8050743
0.65766406
0.8396083
0.18124129
0.5978583
0.8712259
0.71869785
0.7930544
0.18753666
0.08575252
0.7648694
0.06702648
0.2493316
0.7488901
0.07211993
0.8606441
0.21565029
0.4115005
0.5608109
0.8058221
0.91871357
0.480431
0.5743174
0.5407902
0.6831903
0.923241
0.8117371
0.41297388
0.93573225
0.6194315
0.42005733
0.42562774
0.51205343
0.1755953
0.85310495
0.8848514
0.5094415
0.75428385
0.29063466
0.62533826
0.88604313
0.6531987
0.18581599
0.25909856
0.561644
0.10208226
0.47556219
0.76093286
0.6304949
0.3886755
0.67934936
0.96789455
0.9082112
0.30122584
0.8219981
0.6809859
0.9976531
0.21898282
0.9288442
0.72060996
0.45416567
0.9974439
0.3775356
0.4541049
0.9826686
0.31834018
0.5204965
0.039338615
0.29111153
0.79550135
0.18152148
0.62809396
0.8073259
0.7739762
0.59528947
0.042477053
0.906772
0.557347
0.8935443
0.42821428
0.53314966
0.39048067
0.45132467
0.19361891
0.4000952
0.6555597
0.8012421
0.246221
0.8757769
0.38088775
0.9809714
0.7325486
0.35113338
0.5705895
0.16106923
0.0131564485
0.83549345
0.5645618
0.7399367
0.14911938
0.44658613
0.49723694
0.5683855
0.8508958
0.13482952
0.11592589
0.9471542
0.67067075
0.6548427
0.6849587
0.2528639
0.69492894
0.9462165
0.36234748
0.06982017
0.30814052
0.16255686
0.3184206
0.40937862
0.41370794
0.12011067
0.1854887
0.32772407
0.6088184
0.64175373
0.8527354
0.31732285
0.57700413
0.30157346
0.6102456
0.73751396
0.12200287
0.75323766
0.5042958
0.75590664
0.3140722
0.7968335
0.61360943
0.19531564
0.25207028
0.6335035
0.15677771
0.7275835
0.6427777
0.5823613
0.58672
0.21887687
0.31001845
0.2647166
0.055812012
0.4852003
0.7406281
0.35846296
0.6718319
0.93214196
0.7795591
0.9629205
0.56832325
0.8524852
0.49398908
0.6705081
0.8480211
0.1973527
0.5907341
0.4606649
0.12047667
0.41005555
0.40171295
0.16934526
0.21531002
0.83181614
0.7482325
0.34120733
0.9329444
0.616112
0.5492192
0.6276631
0.18687762
0.25078756
0.55586547
0.1569612
0.19897717
0.08267892
0.5538966
0.11264361
0.8050507
0.68891585
0.4588023
0.7200321
0.76110196
0.60322416
0.37389484
0.9597562
0.6991392
0.4026777
0.0678458
0.33933002
0.44675297
0.985377
0.6769544
0.79867864
0.6248637
0.21258426
0.06909992
0.9676315
0.21197264
0.10679697
0.95804757
0.1024982
0.81358546
0.4890347
0.6292207
0.8034144
0.64840746
0.5870374
0.12720747
0.7660902
0.70407563
0.2915915
0.55393285
0.61998177
0.35529217
0.2626035
0.9337775
0.6851324
0.20201162
0.5714337
0.9115049
0.13921213
0.5083756
0.5849537
0.21578465
0.007418099
0.14905877
0.16134468
0.25129342
0.6815178
0.20279664
0.7202068
0.29353675
0.5139204
0.84061867
0.3495642
0.3640599
0.117440894
0.083547264
0.971724
0.2619749
0.8807533
0.309645
0.9487487
0.13457616
0.17354576
0.40591815
0.9667535
0.48904467
0.7637991
0.23834339
0.8539533
0.6289719
0.13357766
0.7883579
0.12520072
0.5673229
0.6321015
0.081850685
0.7331201
0.6934187
0.5680974
0.489708
0.61044973
0.50687677
0.10999717
0.4873876
0.6017729
0.67653
0.5333469
0.2198487
0.7571275
0.7154517
0.25164312
0.6645147
0.9039151
0.8017458
0.63670444
0.67101103
0.36999232
0.030864922
0.9174207
0.5095704
0.27949947
0.176242
0.305844
0.9816316
0.6440652
0.9130339
0.30395192
0.68167347
0.37468103
0.03059377
0.49340904
0.38070545
0.9964169
0.36616823
0.93977594
0.8022186
0.72490776
0.2095049
0.6954317
0.049139835
0.91257465
0.15493484
0.7278678
0.039632108
0.33043233
0.18528816
0.81358546
0.9043376
0.394733
0.22757632
0.48664278
0.6316114
0.003169297
0.46163192
0.26387188
0.85785633
0.8293289
0.68134505
0.25473568
0.35084808
0.26737127
0.6909469
0.122984886
0.6765447
0.14957757
0.2053453
0.6193506
0.84723705
0.7548695
0.028747218
0.4317906
0.6542135
0.5410216
0.5486846
0.43394336
0.45231336
0.10603477
0.19417089
0.6974293
0.9622367
0.45050237
0.060293615
0.77326167
0.69074124
0.46007827
0.062548846
0.49488372
0.5680222
0.08546915
0.58489174
0.42195532
0.92911136
0.42568964
0.6815655
0.27413452
0.187547
0.83447456
0.51242656
0.2632766
0.5444087
0.8651433
0.41909084
0.24716048
0.99707144
0.6986275
0.6248566
0.6854876
0.5476241
0.4155609
0.15495822
0.44681564
0.40391186
0.3103654
0.8860941
0.54630643
0.1432684
0.75221395
0.48413426
0.065586716
0.1230089
0.6274427
0.23395328
0.87970304
0.24967074
0.36013603
0.9531947
0.17802761
0.17233863
0.26056898
0.7582931
0.42634836
0.9693099
0.6918007
0.68166643
0.19626121
0.68390185
0.015421833
0.11080855
0.95367604
0.19546625
0.5443362
0.8753934
0.76338553
0.16429888
0.3906268
0.80430645
0.85514027
0.91778183
0.48594773
0.37076688
0.6430101
0.62656784
0.9252213
0.36700276
0.88798666
0.73395723
0.46138877
0.5635041
0.45479563
0.60184926
0.12497054
0.9140977
0.1579269
0.47931436
0.9123104
0.2472239
0.7737176
0.19715965
0.013187435
0.36479396
0.9533379
0.367372
0.45206
0.96596146
0.8334606
0.1358478
0.58498305
0.38825452
0.3634422
0.5939916
0.8396043
0.39881057
0.51387906
0.63673466
0.45955482
0.21850213
0.85502195
0.8543933
0.16088642
0.35582012
0.30689496
0.9029711
0.77108747
0.29132068
0.22226721
0.4729041
0.53493446
0.27514452
0.79042333
0.81457496
0.846533
0.34005865
0.058153547
0.7220151
0.32228234
0.24815343
0.78872514
0.7976991
0.6737117
0.17757432
0.6807407
0.0024574297
0.6624325
0.6972159
0.5386656
0.78930265
0.54360694
0.9569593
0.3021544
0.14484383
0.92053
0.67499524
0.3556002
0.1297512
0.75610715
0.80248237
0.29686087
0.11920224
0.19022654
0.1617653
0.4071567
0.80257094
0.41364208
0.89603305
0.016022569
0.032584604
0.08763904
0.6539303
0.40305394
0.54117024
0.23727386
0.3672998
0.005488435
0.016358828
0.07310846
0.7283664
0.23354597
0.98233765
0.7820053
0.12958866
0.18908726
0.36699978
0.17986017
0.84642315
0.6269588
0.041578162
0.6994814
0.112010755
0.60936695
0.14245355
0.8807563
0.6504521
0.2961171
0.7967011
0.44998097
0.6435974
0.53946525
0.14115424
0.72729665
0.6018662
0.49549186
0.05604354
0.7966732
0.2994054
0.3885883
0.9998351
0.9437364
0.4436243
0.793218
0.77344126
0.2040939
0.20448415
0.036053106
0.47938064
0.7527436
0.8095501
0.6408419
0.39960945
0.27481115
0.87962306
0.8336788
0.28755954
0.657646
0.7112412
0.16519499
0.12537427
0.32006082
0.8507637
0.45076072
0.0052504186
0.33851415
0.08249333
0.81627977
0.2157326
0.0038434924
0.74587333
0.7811866
0.38370097
0.00063886796
0.77754915
0.2532933
0.8425285
0.49485278
0.020057641
0.4558444
0.044539582
0.18117128
0.16752128
0.85903937
0.5329555
0.51211673
0.99670756
0.47164366
0.64374244
0.13661887
0.9654251
0.2562422
0.27900273
0.50913596
0.33129084
0.07707439
0.12276204
0.17428657
0.098871976
0.7721418
0.44427675
0.88919526
0.43275908
0.17327634
0.98515743
0.25796744
0.28707844
0.51652414
0.84389937
0.8587298
0.91827
0.9122158
0.7520927
0.092125334
0.71427137
0.3814302
0.8732014
0.21094358
0.31791592
0.9751957
0.9957881
0.28592223
0.1680258
0.6855929
0.87713134
0.2980038
0.6900116
0.026453888
0.06874729
0.6840129
0.09877683
0.8778102
0.56353545
0.05622688
0.7358946
0.16545704
0.6875756
0.14579636
0.22490944
0.82112265
0.35810092
0.8745828
0.78464425
0.68797594
0.8144799
0.3559879
0.034453593
0.57799554
0.022501633
0.77370733
0.5103328
0.9171178
0.53613126
0.30542463
0.22090533
0.42616257
0.50772697
0.6044339
0.43914497
0.7366675
0.88715035
0.8496299
0.40867546
0.8358257
0.15201141
0.25608897
0.6299613
0.31529504
0.9471672
0.84262073
0.312262
0.9244885
0.63377005
0.6214028
0.09130082
0.9442151
0.4685822
0.036307365
0.16683972
0.3149258
0.9071196
0.02828984
0.35990518
0.5384591
0.9208635
0.27512178
0.61193335
0.09407431
0.7354769
0.48157796
0.91938573
0.030820685
0.52845186
0.148002
0.56184065
0.89866906
0.9637411
0.41109815
0.33098269
0.7467138
0.93894714
0.94908845
0.806399
0.58347744
0.0568896
0.2859315
0.3755033
0.9323771
0.002137669
0.77993816
0.48428473
0.48885953
0.009918968
0.725185
0.41670442
0.99415505
0.4310953
0.9634566
0.5602984
0.44115007
0.42189205
0.828908
0.50610757
0.7820212
0.56365395
0.16184293
0.1179579
0.5352378
0.10538468
0.33381587
0.6115565
0.5032895
0.21210568
0.16860592
0.00417941
0.19870824
0.8568286
0.61280495
0.55570954
0.6517164
0.24948116
0.8611406
0.72181755
0.6092639
0.021877311
0.25388628
0.6557911
0.22517909
0.70027345
0.43774942
0.4807479
0.29641956
0.4278764
0.3283373
0.81963307
0.67218775
0.64267397
0.12852116
0.75225806
0.7748022
0.2509357
0.18613604
0.42564645
0.19540069
0.28580382
0.5469539
0.3408022
0.030318044
0.8991265
0.71067894
0.40951812
0.08037223
0.9817036
0.2275976
0.51307446
0.0016607804
0.3601032
0.78732497
0.61103666
0.7168817
0.33757672
0.75165385
0.018895756
0.17766002
0.9652425
0.92469203
0.11215157
0.20656517
0.21539629
0.7647016
0.8896518
0.9954976
0.72192526
0.9126485
0.80462044
0.89574695
0.437924
0.2607595
0.7390615
0.8263066
0.91697264
0.59941685
0.30092397
0.50945044
0.946453
0.2296321
0.31802318
0.1060306
0.64147896
0.1894496
0.13837063
0.41062602
0.53031904
0.072601475
0.25559524
0.91323215
0.5123317
0.70096856
0.715113
0.71020305
0.910977
0.28167453
0.8616131
0.7672386
0.30855727
0.87614644
0.28786057
0.96980107
0.34477144
0.038522873
0.7695623
0.27964228
0.35785607
0.8432149
0.18372467
0.04622257
0.9754079
0.2637163
0.969401
0.18849972
0.66184676
0.2312603
0.21329655
0.24543466
0.8655947
0.9082119
0.5405272
0.9647196
0.2062193
0.41676044
0.98743874
0.07934935
0.21154204
0.1436734
0.6036094
0.87699646
0.27962205
0.26903507
0.8773864
0.7778888
0.09361608
0.21233605
0.29723057
0.71435803
0.99200666
0.16729368
0.24251495
0.7606629
0.037396554
0.3865685
0.43288574
0.125464
0.53491867
0.13817853
0.119699694
0.5765202
0.41659513
0.25709274
0.8872893
0.8927959
0.7524096
0.078904346
0.8129815
0.22571653
0.7546478
0.7186243
0.7101302
0.5971373
0.96170574
0.84055614
0.8368685
0.7537136
0.726353
0.40017837
0.25288337
0.35830185
0.98451847
0.062141936
0.20257622
0.37793767
0.55824983
0.91812664
0.69593954
0.9049832
0.33874524
0.6674205
0.96300215
0.22451039
0.8008147
0.36567932
0.0899605
0.48064846
0.41260004
0.1825825
0.12815797
0.32383847
0.1254385
0.36419427
0.3417902
0.81107306
0.25922373
0.6101081
0.9647389
0.66712487
0.72901446
0.5546782
0.41258836
0.96612555
0.76858884
0.5563322
0.85681444
0.8922385
0.85773665
0.8329257
0.8543599
0.5474627
0.0087699015
0.5306507
0.02589499
0.4278081
0.9456339
0.78258353
0.23453608
0.45481887
0.96600306
0.5651715
0.2541349
0.38180223
0.3339422
0.54244214
0.4216474
0.6137992
0.79098964
0.718115
0.11427421
0.9257081
0.05629717
0.50762963
0.89803237
0.9171847
0.5578564
0.45495698
0.8562292
0.6584151
0.797059
0.2726189
0.109160565
0.7639857
0.85598266
0.101188
0.1020397
0.0099574495
0.747027
0.9287056
0.4615614
0.0016372816
0.61546195
0.41500947
0.3287648
0.864687
0.6492535
0.5720012
0.5796168
0.3009053
0.79583985
0.9719199
0.49815547
0.018059118
0.76547164
0.031335488
0.7040904
0.93630654
0.9643698
0.88117623
0.3591035
0.4512227
0.13278091
0.36231545
0.43593836
0.11342123
0.056186687
0.5617845
0.1900938
0.7711803
0.58522654
0.65109533
0.79085165
0.24702594
0.13608937
0.199936
0.67209715
0.39610842
0.25588652
0.17776203
0.13162988
0.39040968
0.8646283
0.57047164
0.26460272
0.19378795
0.7991861
0.55328196
0.43072164
0.8114613
0.29092824
0.13247506
0.698568
0.35304293
0.31854472
0.9916119
0.5500954
0.5920705
0.17667355
0.9892329
0.82999283
0.47899184
0.21396807
0.99896646
0.08576594
0.9685785
0.88136184
0.9664105
0.9359722
0.38119462
0.056113545
0.20595418
0.82893413
0.37948295
0.45809177
0.507781
0.83288443
0.8068722
0.47130662
0.64545107
0.4060902
0.42750803
0.072986305
0.86651355
0.60289234
0.5039864
0.59466106
0.3728568
0.65103143
0.6923127
0.38544017
0.17172475
0.38694665
0.679797
0.51662004
0.5137692
0.9507301
0.71033996
0.08506655
0.28968263
0.0944409
0.6475488
0.081359595
0.09029352
0.16162284
0.48117098
0.66987395
0.9990671
0.66467136
0.6490324
0.069720864
0.38118637
0.60034484
0.8536031
0.65132606
0.93904835
0.8500667
0.43608665
0.91547686
0.30492178
0.6240613
0.5608087
0.65052134
0.13755324
0.6067474
0.8132168
0.29930735
0.23130941
0.57026273
0.90676695
0.961378
0.76005006
0.6038388
0.27062002
0.812612
0.39379704
0.13999103
0.84180164
0.401808
0.48620874
0.946975
0.5219425
0.87121636
0.03747469
0.48136106
0.8350923
0.118081965
0.020716796
0.6968669
0.88942975
0.85216177
0.90451545
0.6404194
0.4451037
0.6261212
0.63594145
0.94687706
0.28022143
0.31893513
0.14005512
0.3880957
0.122525804
0.5580192
0.5300478
0.7590094
0.1748972
0.5756657
0.48918048
0.5056559
0.5897903
0.91574085
0.9233675
0.077115886
0.14418465
0.112848654
0.14997897
0.19800301
0.6898735
0.9235586
0.79700345
0.08102798
0.2743756
0.86565965
0.83705145
0.6685566
0.3247637
0.00026074555
0.0641754
0.87004745
0.96495444
0.5876285
0.07366689
0.32165608
0.032396533
0.44078976
0.594047
0.8218888
0.8081149
0.87893534
0.7904886
0.04771183
0.65797704
0.4640928
0.00708646
0.83380944
0.50742215
0.37849188
0.6600762
0.030583961
0.49640012
0.74426264
0.7710005
0.57288396
0.43322402
0.5376222
0.46205863
0.78926873
0.7180039
0.12717366
0.65312475
0.77138764
0.16642833
0.5343383
0.033048507
0.34909764
0.6086781
0.9651613
0.7125825
0.09534921
0.31735107
0.2167564
0.5343917
0.2928554
0.15175569
0.80020434
0.20205243
0.27199253
0.3163645
0.09893873
0.44350076
0.77384126
0.24177466
0.01695129
0.034739196
0.20285766
0.32967138
0.3460076
0.85410976
0.76907337
0.10350613
0.96211004
0.45748714
0.09943396
0.5627321
0.833062
0.29225236
0.5492897
0.58772403
0.97346634
0.54057175
0.9870274
0.014965975
0.14426407
0.82727605
0.119869776
0.6194184
0.7240937
0.32505882
0.27022782
0.06493171
0.66840994
0.36898398
0.29088372
0.46573895
0.17678832
0.5950942
0.7834789
0.11557503
0.18666047
0.13376944
0.48913306
0.28555712
0.95027393
0.51936287
0.8381041
0.21477161
0.9317585
0.76534003
0.09892128
0.6480426
0.79050666
0.65175503
0.45381916
0.8849504
0.93958527
0.053208757
0.6080846
0.005913346
0.09543343
0.9593667
0.10702635
0.008459279
0.13216853
0.8669575
0.97200865
0.94718933
0.13717261
0.7653124
0.028638966
0.5524294
0.35489163
0.2375293
0.9483244
0.5444475
0.62695676
0.5319616
0.7457376
0.24659349
0.7599776
0.6029938
0.9970499
0.74813086
0.5466671
0.40384665
0.8099062
0.35318226
0.017992621
0.07635223
0.33071584
0.5439283
0.12470901
0.9477311
0.7861777
0.90519255
0.030589819
0.009729495
0.9301452
0.033572074
0.3567554
0.99868965
0.52336264
0.2916489
0.023431532
0.42769936
0.51387054
0.48539302
0.79086417
0.59024245
0.63604474
0.05667196
0.79196304
0.480948
0.8283622
0.20821697
0.8525174
0.3495135
0.97389436
0.27430657
0.84368825
0.09980936
0.22716348
0.12330115
0.89583844
0.6043871
0.1572498
0.7603626
0.61787903
0.7244571
0.11599985
0.8384379
0.11521352
0.43094876
0.13294789
0.23966414
0.06382514
0.24884245
0.35360035
0.61966383
0.56615394
0.9762254
0.5780528
0.22867507
0.689745
0.9650024
0.2507007
0.59987044
0.94815046
0.94706315
0.69765973
0.5115164
0.22463508
0.36977074
0.30276805
0.6423403
0.20027234
0.7121216
0.05214818
0.95434403
0.99502724
0.85920537
0.4246332
0.58797514
0.18341272
0.2843837
0.7628107
0.1500998
0.09860558
0.6264108
0.6017849
0.3327518
0.023232084
0.37517446
0.00027649873
0.40979913
0.63596684
0.37800908
0.11501397
0.56331784
0.03163276
0.93957883
0.31971607
0.5605104
0.25027296
0.5486092
0.7349658
0.7783679
0.9920639
0.35741347
0.66424286
0.24116237
0.8058297
0.74467885
0.1385517
0.61640894
0.7472134
0.028749857
0.073002815
0.70660996
0.845589
0.013148893
0.36019775
0.7215501
0.91668
0.6631377
0.36092052
0.72814935
0.8904411
0.47348827
0.33324793
0.26675734
0.09553958
0.24829473
0.0021689972
0.84662545
0.5102176
0.82421595
0.79362833
0.9081307
0.09332199
0.13406776
0.67263347
0.6703574
0.35420418
0.47786927
0.9364666
0.91777784
0.97322536
0.4135015
0.9497709
0.42656797
0.1027419
0.15199283
0.17366359
0.3665205
0.32917023
0.2912636
0.7756679
0.4353375
0.30678612
0.9111319
0.032157067
0.11255625
0.110717066
0.2233487
0.65372926
0.10158125
0.61540395
0.44932225
0.74781054
0.58935076
0.98213166
0.40819094
0.2782199
0.4487477
0.7550164
0.96345776
0.44884863
0.27733427
0.5464573
0.6061558
0.98510015
0.5035845
0.7935516
0.5979891
0.29416513
0.8740506
0.85417205
0.2631427
0.53201044
0.85230535
0.5913659
0.3640498
0.79524195
0.2798628
0.5601264
0.9327131
0.62997365
0.06136911
0.5148427
0.07123664
0.49474993
0.9494355
0.6031548
0.7611583
0.711126
0.5793231
0.9583237
0.29485795
0.5095601
0.19851664
0.14758687
0.6229703
0.002561701
0.5353774
0.57861215
0.90384036
0.93670607
0.21216924
0.3635029
0.26818088
0.9869417
0.7300976
0.032109737
0.6366122
0.7552837
0.8806938
0.49690405
0.9388572
0.95618784
0.082589164
0.25826842
0.57156515
0.3146898
0.98395973
0.7009763
0.33618551
0.1921956
0.70403475
0.4297058
0.034201253
0.21049032
0.658577
0.04196629
0.080996215
0.5713977
0.5347911
0.69610435
0.3068582
0.08154099
0.324662
0.3370397
0.46280214
0.8189348
0.65508235
0.8506005
0.28153205
0.20128258
0.7784208
0.21048892
0.43261668
0.25145772
0.20029546
0.46455523
0.26816693
0.752304
0.749028
0.25424796
0.79464513
0.09588789
0.66341394
0.16448046
0.35092863
0.42092773
0.36669335
0.3354518
0.1508833
0.65734375
0.10736345
0.17275834
0.6739151
0.8766584
0.22267286
0.8226832
0.5425593
0.85623324
0.35339364
0.85326225
0.17758842
0.23434909
0.1878956
0.6032479
0.94291663
0.18790895
0.4012352
0.9548607
0.67580754
0.07407606
0.33633858
0.7853647
0.37409097
0.5338688
0.70289516
0.74230796
0.82154894
0.78758603
0.45363715
0.8806937
0.5979401
0.7036673
0.51210505
0.87736225
0.45966405
0.95710474
0.027850792
0.83256716
0.5541963
0.8766194
0.9689226
0.69702137
0.8303184
0.25937992
0.060180243
0.8782254
0.069530964
0.9010393
0.9670683
0.64323133
0.062343936
0.20913522
0.96664613
0.93198395
0.34655738
0.8064359
0.1765909
0.06733986
0.16714746
0.35017517
0.073365435
0.33367407
0.00989069
0.54671675
0.75236166
0.13589987
0.4784829
0.1981833
0.56761223
0.19179837
0.47934568
0.39010546
0.8983893
0.5397036
0.62658024
0.43875054
0.28667215
0.9331407
0.3058722
0.0796457
0.86802113
0.7636112
0.9954089
0.19873771
0.14618291
0.52006626
0.9282416
0.5563449
0.23886941
0.5816712
0.45432118
0.8334761
0.030445147
0.88598996
0.92642844
0.02489397
0.7762883
0.5213137
0.27652535
0.7582836
0.90540814
0.34145352
0.61322606
0.43801984
0.23115903
0.4326457
0.3539945
0.4181872
0.8911015
0.6706933
0.27120945
0.5394371
0.10919608
0.5997722
0.74980146
0.07053364
0.08515437
0.35600388
0.6866986
0.9139055
0.094281405
0.87103814
0.6489695
0.08296391
0.64112675
0.778519
0.478983
0.69648206
0.4476879
0.51104045
0.2939371
0.08292042
0.91431844
0.8444661
0.9610197
0.6576254
0.46990037
0.9222778
0.57436526
0.99103725
0.3153754
0.99579483
0.3243894
0.06539568
0.037386265
0.35556614
0.9238227
0.09138324
0.8783317
0.19776739
0.20943555
0.2183484
0.9094061
0.34752193
0.28786993
0.2001854
0.48630118
0.66628295
0.7495542
0.82744354
0.22490734
0.25873113
0.6163991
0.43789053
0.1354941
0.17581396
0.10582251
0.18708766
0.7334849
0.05417951
0.82471377
0.18083388
0.9453559
0.5827937
0.4217763
0.22397053
0.48534045
0.67717355
0.58480877
0.25027084
0.70578176
0.7793545
0.43781897
0.19901797
0.5209215
0.92224914
0.050219215
0.17236449
0.24875213
0.23749062
0.41152474
0.06282802
0.23464425
0.30301672
0.0934955
0.3826896
0.35283872
0.37282076
0.71938086
0.13054407
0.8242565
0.24642392
0.21234514
0.26661608
0.88154167
0.25605375
0.96549475
0.14799403
0.3771656
0.64608413
0.6875927
0.002052061
0.22437066
0.33111766
0.4737453
0.058901176
0.26397413
0.026177654
0.77271104
0.50391245
0.20985557
0.70315176
0.019477459
0.88382727
0.98008925
0.9543324
0.29162115
0.4455978
0.9132422
0.3662416
0.30013642
0.41279325
0.5220599
0.5046238
0.5167404
0.97999483
0.27447468
0.39316532
0.06142673
0.061970983
0.64682144
0.7665896
0.2605269
0.5969846
0.19794643
0.8400596
0.75531673
0.40441936
0.011143252
0.35216913
0.7772522
0.3673221
0.2105238
0.090915725
0.4228464
0.115976475
0.29079837
0.89113194
0.16344146
0.28597254
0.08680949
0.38568845
0.7052664
0.5451942
0.6939471
0.40279287
0.035940103
0.21208619
0.7183544
0.7094881
0.1577904
0.12828392
0.9111634
0.06183856
0.4484453
0.3822933
0.8753204
0.10996623
0.26196018
0.05178363
0.99217993
0.41697899
0.44789732
0.9516672
0.40001956
0.42059717
0.16340852
0.47984976
0.8014876
0.15807624
0.0005369253
0.3421508
0.386982
0.2312624
0.11057347
0.5914478
0.5016167
0.56747794
0.4844351
0.5024938
0.06450826
0.21685286
0.63460326
0.5944271
0.8755824
0.56841266
0.09444826
0.13243134
0.46157008
0.53646034
6.589027e-05
0.42882833
0.84823096
0.23787376
0.93334055
0.32970595
0.34744933
0.4398863
0.85049725
0.011185785
0.932924
0.37264708
0.8110483
0.65938175
0.23405378
0.6129249
0.0019027796
0.24947582
0.33297813
0.49302116
0.69919354
0.9232022
0.5409373
0.8460118
0.07812319
0.4388544
0.64750385
0.07790762
0.42927104
0.5142611
0.08502639
0.7229974
0.7752875
0.7186311
0.9972809
0.4448034
0.3619637
0.5088786
0.5394954
0.58100176
0.734892
0.881476
0.020601558
0.93766755
0.48429307
0.6059592
0.70151436
0.7078322
0.9394038
0.72712314
0.0828536
0.88925946
0.42734358
0.061118796
0.68697655
0.84623736
0.19152345
0.7950311
0.26538402
0.3895657
0.127214
0.40519804
0.14236657
0.12653504
0.615955
0.9526066
0.45413157
0.33603832
0.73775
0.3940735
0.7511327
0.31997243
0.8781684
0.030397154
0.6732473
0.84677625
0.34904805
0.40587124
0.27412418
0.17335774
0.0010788239
0.5492254
0.4418431
0.16718218
0.9602933
0.8227131
0.27060443
0.91967446
0.19159111
0.3614015
0.68086374
0.1308261
0.7554312
0.6733001
0.2563715
0.021656105
0.7193443
0.5343934
0.5586397
0.31708097
0.4614177
0.92347026
0.9292714
0.66511744
0.703836
0.70390546
0.7206948
0.89953387
0.08723718
0.96429855
0.99224293
0.8717432
0.5136205
0.6967119
0.22754668
0.8387483
0.85419154
0.16928051
0.5041553
0.3290187
0.75059485
0.89136994
0.18753766
0.2331391
0.44291842
0.048777
0.88528335
0.40181625
0.4551652
0.48797062
0.050805107
0.14259109
0.3848971
0.4938794
0.49516428
0.4892246
0.2804627
0.8333943
0.76274323
0.76638675
0.9274849
0.74369395
0.93459105
0.44666636
0.23765755
0.019053625
0.6203047
0.9248519
0.7499691
0.8936017
0.5654049
0.6250586
0.49516404
0.5311053
0.74216807
0.14261384
0.2590084
0.067471065
0.44212294
0.16451842
0.95950156
0.2807156
0.47530732
0.25356597
0.5196077
0.85695547
0.84023976
0.47019076
0.7030675
0.7056166
0.41638792
0.41790822
0.23270333
0.05285043
0.98335785
0.85354567
0.08034224
0.7285079
0.41023535
0.71983165
0.47380385
0.43381402
0.98568815
0.7883072
0.8845964
0.23347229
0.768078
0.40665257
0.6791536
0.053740785
0.34150067
0.74985003
0.3954306
0.8071245
0.5032907
0.14777258
0.7877863
0.9567393
0.98767406
0.1607461
0.3264681
0.73026055
0.12544037
0.2999198
0.9036657
0.6597478
0.96073526
0.64737034
0.14185205
0.98573685
0.88238317
0.77451223
0.63766074
0.615131
0.80122
0.37742537
0.6206897
0.24413547
0.37850407
0.67534155
0.9170263
0.2479458
0.930438
0.32951474
0.32197496
0.8350589
0.849588
0.765803
0.69041014
0.70001197
0.19478285
0.0007149646
0.7533578
0.5315437
0.116746746
0.22495472
0.6743106
0.7462205
0.60322833
0.14306077
0.79813343
0.6410012
0.6994566
0.8654466
0.43147743
0.12515078
0.3024812
0.48303637
0.45079303
0.79761654
0.088882014
0.16940685
0.63045615
0.25122163
0.69713974
0.6760007
0.6051573
0.46802062
0.12521675
0.14420071
0.55823004
0.16678151
0.959057
0.8789285
0.2418842
0.566516
0.08536657
0.87526256
0.49068367
0.07160607
0.343545
0.11568348
0.58612615
0.21799394
0.72681314
0.3210969
0.1471058
0.18753846
0.29531676
0.2669214
0.5160766
0.28352398
0.845156
0.13290404
0.9883734
0.30491114
0.8832356
0.00646352
0.06482535
0.61999667
0.38090792
0.33832735
0.19538106
0.3774849
0.15612759
0.08629088
0.9394545
0.40113828
0.06071364
0.76967317
0.72937447
0.9519597
0.4870251
0.21198346
0.17570843
0.27917567
0.54972494
0.8455661
0.5441312
0.8411597
0.6142634
0.54735374
0.47500768
0.47590312
0.6194982
0.14973307
0.7967797
0.46549532
0.2936297
0.39130518
0.07717986
0.20184743
0.8714978
0.22291683
0.24509719
0.3505601
0.53540933
0.41920602
0.7755003
0.3354541
0.9784508
0.589324
0.19135255
0.13723393
0.576209
0.18627407
0.050465897
0.94881225
0.0820554
0.30778554
0.8691852
0.44450158
0.10286842
0.46761826
0.62305313
0.35951927
0.30265427
0.026166985
0.19832335
0.87849563
0.4108777
0.4706404
0.6866497
0.47271064
0.63482153
0.73385525
0.79418063
0.09721985
0.9496251
0.08260562
0.15714726
0.14362709
0.57013386
0.29442734
0.35487372
0.472794
0.41354856
0.8831415
0.015608235
0.4306372
0.8773131
0.17582728
0.3054906
0.46855813
0.0455439
0.48815984
0.29634577
0.26692742
0.7437102
0.73572564
0.54831797
0.77840775
0.67546934
0.5292213
0.2999827
0.0037123444
0.47886902
0.8628581
0.5330611
0.16998646
0.96412045
0.32525396
0.8634999
0.91081756
0.46684608
0.20721467
0.8457045
0.8816698
0.22943224
0.34835732
0.745636
0.19898713
0.7194275
0.061458815
0.31253803
0.38016358
0.595694
0.08613801
0.2853146
0.68952054
0.5858652
0.65037453
0.91175604
0.0627946
0.6814059
0.2468486
0.75459707
0.25192812
0.2247882
0.9632458
0.40635818
0.8434866
0.8735308
0.05083594
0.5265579
0.9479209
0.433706
0.84610623
0.78552383
0.19702366
0.042115815
0.22925305
0.97058946
0.14398432
0.14890516
0.56804484
0.2322965
0.9466171
0.8376296
0.15190837
0.9694612
0.50232184
0.12472945
0.9796961
0.18733077
0.98787904
0.32275245
0.63195336
0.1787974
0.7703586
0.23871998
0.58988905
0.8452282
0.4245741
0.68892956
0.25628698
0.35365877
0.31862402
0.75204444
0.4925085
0.4071959
0.58258736
0.27391493
0.16717315
0.8878809
0.35536075
0.11787668
0.241649
0.9812956
0.5710843
0.94402415
0.75973964
0.83313483
0.7027188
0.26147923
0.71340626
0.011002271
0.17161332
0.4746167
0.38644028
0.49455634
0.34151977
0.7442937
0.08866868
0.5303771
0.606078
0.9949961
0.8312424
0.31026274
0.42293036
0.6395292
0.70402104
0.44874182
0.78269523
0.37744063
0.31390816
0.64228094
0.7528035
0.71278757
0.20188135
0.8220649
0.9018192
0.28592294
0.27489105
0.13537262
0.4641474
0.80487823
0.5056732
0.6093791
0.25167027
0.91444784
0.31607357
0.92029214
0.08635086
0.08493632
0.18251772
0.01677006
0.048340563
0.053931534
0.7310735
0.34360316
0.5491773
0.2599924
0.53280306
0.45446262
0.60477483
0.7734769
0.9986423
0.41271743
0.33935273
0.8219494
0.80451983
0.47619668
0.6512767
0.008270679
0.90083927
0.92266965
0.5994843
0.4723
0.19193523
0.69612575
0.65425056
0.027189508
0.7450746
0.1132852
0.7590341
0.90285754
0.7702086
0.6232724
0.37752888
0.93073195
0.5738327
0.18308371
0.9559599
0.7415044
0.47307402
0.11272317
0.90408134
0.0916488
0.16018665
0.24478553
0.6954915
0.16673347
0.23004292
0.5535418
0.03924018
0.945712
0.16393527
0.37046707
0.8331912
0.6611092
0.6499393
0.74709463
0.31038937
0.75120974
0.5612774
0.48907974
0.7697111
0.16278449
0.34576243
0.65199095
0.47919184
0.62929463
0.8262344
0.52841693
0.9620281
0.9678074
0.9205841
0.36534637
0.9310632
0.8469675
0.7854745
0.22381149
0.094755374
0.7612772
0.7785273
0.44137418
0.70865583
0.39259857
0.64381576
0.19248518
0.020837612
0.8654109
0.18851928
0.014103164
0.7130782
0.15821815
0.8263114
0.026491042
0.04113425
0.1976646
0.90916014
0.38556036
0.7845186
0.7780303
0.22333618
0.6616641
0.36647612
0.008434369
0.6488557
0.17717585
0.22856817
0.9267273
0.07372262
0.13195468
0.5040513
0.8636788
0.110754274
0.9433454
0.88806903
0.34630656
0.3316879
0.08983069
0.082002066
0.39809132
0.5465918
0.61232287
0.5860023
0.5920644
0.26216686
0.9375705
0.96354675
0.63846844
0.5734986
0.8950466
0.67585576
0.8498168
0.17890458
0.99034655
0.4244646
0.649236
0.70695275
0.7501033
0.24128407
0.18519242
0.4231596
0.5383575
0.02250276
0.6197223
0.5544959
0.6723774
0.6425713
0.6266563
0.42399883
0.2900255
0.6339943
0.9824784
0.81133556
0.44466412
0.6682846
0.97405297
0.5581694
0.28450352
0.5981935
0.5775875
0.662893
0.118702956
0.36594233
0.25446793
0.50348246
0.3830299
0.6302326
0.7042208
0.8045289
0.8259186
0.14829805
0.2823552
0.03697908
0.17548926
0.6328746
0.65371484
0.5740079
0.5799299
0.09737381
0.8686172
0.013472148
0.04444391
0.14932257
0.15698148
0.8529677
0.54740465
0.06718502
0.10602173
0.47415054
0.38456345
0.5229935
0.6572539
0.60064906
0.2839405
0.3763876
0.30212095
0.40991038
0.42680576
0.77727133
0.39298648
0.76852244
0.9401021
0.84129393
0.87626505
0.989409
0.5428308
0.049357347
0.7523102
0.68839353
0.4306449
0.37912244
0.79200876
0.066948995
0.59798026
0.06714239
0.9969414
0.5124427
0.49412245
0.88869524
0.84523964
0.19229509
0.40419543
0.90033406
0.49209476
0.59497845
0.69896084
0.04260464
0.22145109
0.27600467
0.45821607
0.5308779
0.8602963
0.14903876
0.6038094
0.67778045
0.78639406
0.5530737
0.85029936
0.12859839
0.49830726
0.98094666
0.046668384
0.57176983
0.34387287
0.94271445
0.09303164
0.55714375
0.03139025
0.08837228
0.45589855
0.19787112
0.27576616
0.6824539
0.95201576
0.34539723
0.67489195
0.22406754
0.012896875
0.45282763
0.58829534
0.6004763
0.58459294
0.3704067
0.795428
0.977039
0.6247432
0.7074471
0.26561123
0.84675133
0.51803374
0.04287973
0.12120563
0.3959127
0.21000381
0.16269886
0.41874483
0.851768
0.8945514
0.09150366
0.11986819
0.9220435
0.3030063
0.7522383
0.2623664
0.9456872
0.026682487
0.09119672
0.7145664
0.7176045
0.7699205
0.13337165
0.16803643
0.84496754
0.35442328
0.95439935
0.44508576
0.95293576
0.62794185
0.54630846
0.87893987
0.434416
0.7431455
0.23266625
0.41669384
0.07900112
0.49401978
0.60513836
0.63619554
0.6400612
0.65029866
0.87827057
0.8826241
0.62741685
0.110631034
0.79626364
0.9977899
0.56790143
0.9157085
0.94053584
0.4690827
0.9122926
0.82398874
0.8111824
0.14626984
0.39823902
0.25906292
0.80383104
0.09294549
0.24700108
0.48160392
0.3255206
0.46141848
0.22116865
0.9870201
0.33506745
0.39638633
0.45048493
0.8401218
0.40925592
0.85972565
0.45828184
0.94126385
0.906233
0.2704212
0.37950143
0.46601197
0.8641234
0.576863
0.359891
0.027751371
0.26829314
0.9476629
0.88696456
0.9274509
0.83922803
0.13045022
0.61727667
0.4194593
0.64146245
0.8136497
0.98518264
0.66408926
0.11218409
0.18260132
0.7148999
0.82494694
0.065999195
0.2871847
0.78350556
0.9288106
0.8135055
0.23838896
0.39373863
0.58134633
0.5402855
0.030467298
0.15630019
0.3321837
0.2607222
0.9690388
0.47776908
0.13278724
0.5785217
0.58532965
0.44666034
0.54667854
0.28114825
0.21295194
0.30762708
0.8067558
0.44640452
0.3032372
0.5668
0.21931337
0.19023915
0.68290615
0.41200313
0.46757227
0.73287654
0.34237057
0.20185192
0.7252184
0.8642231
0.2466752
0.5708784
0.68095654
0.8867651
0.217052
0.8268792
0.96247286
0.98024243
0.21727882
0.7140448
0.269021
0.044502385
0.19996628
0.33921072
0.0020909712
0.6808524
0.5818519
0.25281584
0.49248183
0.19343586
0.2336553
0.6952776
0.057979807
0.071698666
0.25113273
0.43948734
0.87054205
0.483971
0.6615674
0.48314124
0.92872256
0.6670764
0.6806431
0.16104336
0.15253432
0.8989964
0.97697073
0.88067925
0.06566377
0.6771091
0.93570065
0.7445967
0.33535618
0.071067415
0.85112685
0.5353669
0.100906976
0.79083556
0.46239194
0.5512126
0.17586772
0.5980205
0.04930618
0.33428022
0.66771877
0.11348079
0.53674924
0.94087625
0.8847799
0.9097774
0.39833698
0.2921796
0.021599645
0.9191364
0.10817882
0.29360655
0.31359917
0.931822
0.8978634
0.019882115
0.8834978
0.9599627
0.06320163
0.12925708
0.26013005
0.6825905
0.8073429
0.90784
0.7036797
0.24433409
0.9052634
0.8107923
0.8232486
0.07575287
0.63315403
0.78297573
0.63891447
0.44494194
0.16354404
0.8889777
0.9707923
0.20429651
0.8014677
0.31171963
0.6217016
0.64317816
0.6217699
0.43139794
0.27952927
0.33042282
0.54959303
0.40758413
0.78812355
0.06189626
0.084427066
0.72090447
0.8420199
0.8593792
0.037823606
0.8222179
0.76958466
0.32478914
0.7985186
0.45252535
0.069652
0.9514665
0.7061683
0.99126345
0.023303647
0.97344536
0.23869662
0.41247028
0.008933609
0.29013768
0.4592853
0.6887866
0.31558135
0.9069732
0.9318382
0.8834228
0.43192425
0.81099236
0.67051077
0.3546195
0.7778596
0.4074147
0.68014115
0.30146658
0.4273312
0.5246396
0.8336357
0.62901944
0.17602187
0.028407298
0.94308114
0.5060627
0.522891
0.5620733
0.49592167
0.0723665
0.42187226
0.95580685
0.64577836
0.6623594
0.49177334
0.16294795
0.17525773
0.29018497
0.49431625
0.43586972
0.4186924
0.7019181
0.1706528
0.2907863
0.9242906
0.99783754
0.94611996
0.318315
0.4686838
0.8093069
0.55986536
0.8738216
0.15252239
0.7817012
0.06456662
0.48861828
0.82751876
0.20455347
0.40333706
0.9272389
0.136277
0.83620584
0.78259677
0.17254134
0.6119312
0.26614603
0.6471676
0.57900685
0.41638818
0.58860844
0.07374392
0.7426503
0.13185786
0.7222107
0.18175203
0.46703514
0.63126075
0.26577523
0.19308326
0.571585
0.8482011
0.32127917
0.38952714
0.565315
0.27465203
0.2792241
0.0031135434
0.19020525
0.012455999
0.071735874
0.30955607
0.75649184
0.97659916
0.3254834
0.09518621
0.8184326
0.3900561
0.7307832
0.7766476
0.77642417
0.97479117
0.23990774
0.37799305
0.79482204
0.48837999
0.56959844
0.033472516
0.27911276
0.9184417
0.7433251
0.4856269
0.65227056
0.10414385
0.44119784
0.51566494
0.9274856
0.60377353
0.883402
0.41190478
0.20892695
0.54235005
0.5789564
0.5736996
0.9595532
0.9572005
0.6182783
0.54457104
0.9241944
0.80756587
0.11714306
0.32756606
0.5611096
0.072864436
0.6270599
0.8208178
0.15974072
0.9471546
0.5215018
0.9940259
0.50328255
0.8998657
0.3581907
0.736954
0.6845023
0.97439754
0.8285901
0.31212708
0.37612414
0.970328
0.10599186
0.4824503
0.28150973
0.60005534
0.22845316
0.9493013
0.7309184
0.6842315
0.38641056
0.93003285
0.8306196
0.5420454
0.5463107
0.5149463
0.8520125
0.21858676
0.5681431
0.7207016
0.4246318
0.058655377
0.4876951
0.3391095
0.63910186
0.84229904
0.8361394
0.73072344
0.5828967
0.29125366
0.54842544
0.7444873
0.90916175
0.8598968
0.4290628
0.48936358
0.5045859
0.9605096
0.93187284
0.016992494
0.6401014
0.5902625
0.45867243
0.7747941
0.68206096
0.8252881
0.6044301
0.48418453
0.4899573
0.13442628
0.84653187
0.1107762
0.9587685
0.5157559
0.8208417
0.94827014
0.090107165
0.3813405
0.48851207
0.1978884
0.6982279
0.37816855
0.83894867
0.74022526
0.96562934
0.3549962
0.11782751
0.24063455
0.15510154
0.4098853
0.9450466
0.27541998
0.007843049
0.32073176
0.29024726
0.26992723
0.56402624
0.5996241
0.6005695
0.7853045
0.3344282
0.4335803
0.52759546
0.8728403
0.11196559
0.793337
0.21372864
0.11124404
0.19102629
0.46945044
0.6214989
0.4637486
0.78991556
0.85383075
0.18359068
0.28674245
0.04029196
0.827024
0.040827144
0.9230648
0.7616848
0.40211195
0.6803656
0.35319376
0.72904456
0.18238945
0.78248674
0.7091668
0.035203826
0.52456546
0.04471979
0.68310225
0.10716558
0.010166382
0.10565697
0.63831425
0.9020978
0.58578783
0.11944267
0.65524524
0.908476
0.44276786
0.17934029
0.26059487
0.9349143
0.7982979
0.5680102
0.4543158
0.32472345
0.81866026
0.76825756
0.045352586
0.29919595
0.46017906
0.67507505
0.36976656
0.67611295
0.041695498
0.10538815
0.7875266
0.22165084
0.43725684
0.5140364
0.62938654
0.22354662
0.55804914
0.5442133
0.8179575
0.21592778
0.5352235
0.08277408
0.107802115
0.39387167
0.07415062
0.67173535
0.33512652
0.12429502
0.7193263
0.19093001
0.827542
0.93675506
0.7730801
0.20184585
0.26097965
0.8882208
0.16709316
0.49936453
0.79809135
0.8578731
0.21898673
0.9873966
0.9646586
0.2108414
0.8878714
0.84028995
0.34078526
0.7751066
0.14960238
0.9585833
0.3820285
0.5929093
0.8837724
0.047566485
0.53356355
0.2010413
0.42994848
0.8951687
0.6117827
0.24054845
0.4661937
0.10691566
0.8017134
0.54577
0.28038502
0.032709233
0.6307566
0.5614235
0.89988786
0.22598164
0.47219166
0.7273313
0.5307558
0.83455455
0.27624258
0.6057918
0.15294766
0.33275524
0.2717097
0.52857214
0.98264545
0.8107484
0.995968
0.84036183
0.09002505
0.5093708
0.09726964
0.042691503
0.6807003
0.4019518
0.70463747
0.30930173
0.27365938
0.5504326
0.32530588
0.29931164
0.29137632
0.42077523
0.16860718
0.6140481
0.5019517
0.6969555
0.3723869
0.9391955
0.36145633
0.6736123
0.6688057
0.4179747
0.84542215
0.99785775
0.34603086
0.121912375
0.7319669
0.11740134
0.52087474
0.83988523
0.33924636
0.55174893
0.40514565
0.2923981
0.8033488
0.44117913
0.42383513
0.787714
0.30728108
0.53712535
0.72830963
0.69582236
0.92785376
0.23119856
0.5826267
0.44692975
0.88746864
0.11406839
0.417979
0.95978206
0.7825154
0.69277954
0.97169113
0.19239987
0.746861
0.47584456
0.2970322
0.8625329
0.15874192
0.0030469606
0.4239713
0.5868573
0.25859958
0.5516796
0.55932605
0.4090916
0.93881553
0.6134422
0.9307248
0.330665
0.43159968
0.5962811
0.33193383
0.6264288
0.94707406
0.24343516
0.68636334
0.50523084
0.649421
0.8904407
0.7333639
0.6197521
0.111525886
0.81775624
0.94633716
0.8454406
0.44188476
0.008667863
0.32910326
0.18357928
0.21238026
0.7851137
0.43273914
0.6593692
0.69709784
0.10843492
0.31453183
0.7618595
0.074353136
0.3687185
0.52444446
0.067056336
0.8940148
0.5558547
0.020546798
0.6806607
0.4954792
0.30884585
0.7909979
0.7710543
0.53019875
0.21570353
0.077124216
0.84320587
0.027382147
0.75035685
0.9830684
0.7969786
0.65505314
0.59971476
0.13126872
0.5336252
0.59642345
0.89018375
0.5175301
0.91434443
0.25426415
0.9533569
0.9946598
0.782304
0.33808413
0.85239494
0.7142341
0.67757267
0.60284954
0.21537985
0.6773828
0.30074698
0.62687624
0.2276292
0.96913284
0.06099416
0.05014758
0.13963623
0.8993593
0.22328155
0.31842995
0.44484198
0.18673068
0.9924752
0.11834042
0.69642603
0.7952057
0.7556552
0.8439111
0.008068407
0.022317672
0.16739933
0.26660964
0.33927974
0.24727745
0.9385989
0.7153378
0.15844743
0.6808258
0.6792623
0.51989496
0.06350581
0.6183107
0.30459163
0.021463182
0.63304496
0.9265384
0.23552889
0.6701588
0.35125396
0.22467332
0.12147851
0.32410216
0.63179374
0.93470126
0.4411024
0.6585651
0.1955622
0.039222293
0.13535288
0.11482889
0.41715464
0.6339337
0.26247075
0.93737787
0.26349476
0.09008743
0.7791006
0.085243605
0.7787839
0.344459
0.22054088
0.2285297
0.3517
0.7468057
0.595467
0.023678558
0.2687425
0.3769152
0.623827
0.19154494
0.6562883
0.7771493
0.30015025
0.71356124
0.84252715
0.060754586
0.36005947
0.2082799
0.22964309
0.85214984
0.34905028
0.99616015
0.26101434
0.8252938
0.2170221
0.9092236
0.02106324
0.653333
0.5742114
0.5501554
0.89721674
0.2991506
0.38496888
0.31324872
0.32803392
0.101399414
0.7446261
0.16379455
0.26859853
0.6966953
0.805615
0.00966158
0.025308017
0.056607977
0.19459212
0.714293
0.48227945
0.76535213
0.9361546
0.3078445
0.9750161
0.032816373
0.65989244
0.4189272
0.57188284
0.21842869
0.06587434
0.7909671
0.5096075
0.7218779
0.16641353
0.83344465
0.17873773
0.92448616
0.864675
0.37353075
0.6006292
0.46512696
0.034511797
0.94826615
0.139671
0.6227338
0.15145984
0.5316981
0.8463205
0.57200664
0.64135
0.22311401
0.22960664
0.8135578
0.13328539
0.3496774
0.43150884
0.085562654
0.45678318
0.10860723
0.32232115
0.5927448
0.9605296
0.99604183
0.32056743
0.013117113
0.74251944
0.49508733
0.55019003
0.725596
0.9696163
0.6934254
0.9316232
0.1942565
0.17355162
0.9737674
0.92618567
0.45869985
0.96151173
0.46988657
0.90180206
0.3735932
0.41654772
0.9677912
0.06975524
0.76015145
0.7633776
0.9770971
0.5244888
0.09259501
0.8607387
0.37467873
0.9788246
0.9560236
0.36055106
0.928811
0.6688817
0.28160325
0.5254758
0.40557274
0.9984709
0.3879618
0.1349563
0.5976929
0.06285359
0.9841667
0.69586533
0.07467388
0.24161871
0.13652743
0.96237344
0.85066754
0.099810265
0.74085885
0.73173153
0.27926567
0.58851147
0.47758076
0.16403091
0.10744265
0.80502707
0.89199233
0.2817575
0.8426535
0.042989194
0.91264623
0.14730987
0.8770832
0.9952667
0.8622918
0.64232385
0.72455657
0.6670622
0.932654
0.9534214
0.5749538
0.8009419
0.1978482
0.8963456
0.7133661
0.7642779
0.2140581
0.40237227
0.029761087
0.022687651
0.40653512
0.12369559
0.6855344
0.55370927
0.82768804
0.7874526
0.13411659
0.92013645
0.03614457
0.7729039
0.04642796
0.85519403
0.7712381
0.8398374
0.5218766
0.014521328
0.5028122
0.44470742
0.332394
0.852672
0.48792154
0.16735291
0.5226319
0.6975267
0.37790993
0.030047752
0.21755362
0.77766573
0.22609451
0.13384904
0.26435116
0.07024307
0.35570258
0.38094375
0.96084845
0.057917975
0.9351826
0.5220174
0.8121896
0.15426345
0.8101479
0.12694709
0.7187603
0.8159203
0.6352593
0.31571546
0.33803242
0.7707744
0.006859054
0.70542246
0.685382
0.50384086
0.6587739
0.2088826
0.37403572
0.5494155
0.99843097
0.26770595
0.12778668
0.56194067
0.49414852
0.5059423
0.26984727
0.78022027
0.46327895
0.6915552
0.09220096
0.27903163
0.56597346
0.8351486
0.13791658
0.6335422
0.57825917
0.41816714
0.15845038
0.26580665
0.6435974
0.5797424
0.5546378
0.1881097
0.9612978
0.48653212
0.6503028
0.28510687
0.39701107
0.66976845
0.059421238
0.06687271
0.47908327
0.2725661
0.03189504
0.8175099
0.9263671
0.79027796
0.85529053
0.7342819
0.50207573
0.9846256
0.6323729
0.7891404
0.39997166
0.28202325
0.65544933
0.26853907
0.045729976
0.06920563
0.81708205
0.90489376
0.38347912
0.1879819
0.70211476
0.27267873
0.058738098
0.07671992
0.5503972
0.09081932
0.10577854
0.3649442
0.17682527
0.12835315
0.6654484
0.9151614
0.18794475
0.058118366
0.3380928
0.9110874
0.5513407
0.53771156
0.51315904
0.38081872
0.24337633
0.82713765
0.8131664
0.7114993
0.025442388
0.97403663
0.5046921
0.10619909
0.84897745
0.48167843
0.7736543
0.9769849
0.7890781
0.29548275
0.4574133
0.055223502
0.3511762
0.044708926
0.59811914
0.5966272
0.3770764
0.8676112
0.02109117
0.2885652
0.8887538
0.9101076
0.2632461
0.75767255
0.60679203
0.6080532
0.32811207
0.17996931
0.82439727
0.18976623
0.7505164
0.39122573
0.34866327
0.9345593
0.31989336
0.9622901
0.40661597
0.45826033
0.5989697
0.85839254
0.54593843
0.69858515
0.018703125
0.8667825
0.7180047
0.05109688
0.11821265
0.035523564
0.20967595
0.18584664
0.41760838
0.9184865
0.25534526
0.2061503
0.39154056
0.19335653
0.08646919
0.107959755
0.71491146
0.4662219
0.64412516
0.21337369
0.3150195
0.4381919
0.18846878
0.38908467
0.19026904
0.96727824
0.9204651
0.20360273
0.78308386
0.34890193
0.2850129
0.46896356
0.13175449
0.6502867
0.33563137
0.29895997
0.70598847
0.5446419
0.23487777
0.9279189
0.022901312
0.6795105
0.78451526
0.95638525
0.48306563
0.8228275
0.750147
0.5014809
0.9919089
0.48950413
0.048494786
0.93340886
0.07346954
0.76949626
0.71312803
0.64558834
0.07337869
0.05628495
0.9452393
0.55711204
0.34930322
0.9527335
0.91098577
0.9033114
0.08107588
0.75220877
0.5426914
0.79738957
0.9698317
0.28737238
0.17782621
0.96976686
0.39410943
0.76167065
0.8851791
0.06548011
0.7645979
0.7737635
0.6166993
0.934663
0.42954373
0.85023373
0.19846566
0.5241614
0.7076259
0.71518004
0.039958525
0.16660082
0.22748025
0.80865884
0.50832754
0.8050457
0.548053
0.86921334
0.8778012
0.7617332
0.39912343
0.3094256
0.32815126
0.66313255
0.123477854
0.8952456
0.41546506
0.2994541
0.60077745
0.7405045
0.53914475
0.6038277
0.72114027
0.8811411
0.9237987
0.108828135
0.65707564
0.82608926
0.5802434
0.79569745
0.11411671
0.80140954
0.07134768
0.8672171
0.5911082
0.34428388
0.33473212
0.40249178
0.042297076
0.19123803
0.013807205
0.6273716
0.011201778
0.7594313
0.38262957
0.0021900106
0.2196433
0.68393314
0.7999154
0.8927802
0.82138544
0.07368824
0.61964506
0.24558131
0.7642216
0.3403193
0.46111783
0.1303095
0.73728806
0.8688281
0.02058766
0.9412414
0.84229964
0.60949594
0.98701704
0.2961797
0.41276607
0.13622256
0.57380545
0.11432393
0.633224
0.18181878
0.49767703
0.549452
0.58925545
0.6522674
0.04432474
0.39523298
0.9847215
0.8286785
0.79544544
0.7023468
0.773035
0.7150105
0.032773234
0.09381519
0.29721034
0.42604014
0.9713386
0.9522035
0.76271963
0.27914804
0.44184202
0.8796709
0.014006044
0.2377427
0.5183726
0.53090006
0.7185273
0.6778861
0.43813193
0.20067444
0.17308407
0.028536582
0.37620237
0.5050276
0.61861
0.8512833
0.20402262
0.50943315
0.15025494
0.57477903
0.16727054
0.5701741
0.4360256
0.15336396
0.9849216
0.70970386
0.24389191
0.29126176
0.040727973
0.84273505
0.44765395
0.4129737
0.42393097
0.34559903
0.7048471
0.6339785
0.9832259
0.27758795
0.38643628
0.94438493
0.5853367
0.52666426
0.24380878
0.07472906
0.30223846
0.91619664
0.21812575
0.34819436
0.32201892
0.66954327
0.39161888
0.115599416
0.9091831
0.40466312
0.31595814
0.25263926
0.104810216
0.6362073
0.57926273
0.4948335
0.75214285
0.26967588
0.1549658
0.3056773
0.1682939
0.97024244
0.07969397
0.9025168
0.84635144
0.07385066
0.800114
0.35404363
0.64892936
0.76337636
0.6014886
0.9750741
0.25481328
0.02239783
0.3103788
0.31242108
0.7440307
0.6566461
0.6176716
0.05910543
0.37434635
0.8386487
0.87338537
0.09319892
0.6102545
0.63546276
0.6320213
0.6823633
0.5571585
0.6794422
0.77754015
0.4827641
0.6539846
0.10907783
0.3638263
0.58312505
0.25494143
0.6528229
0.59543675
0.22831754
0.7851264
0.49321142
0.6474495
0.05841477
0.3732484
0.3062581
0.6949447
0.9407032
0.79562014
0.40586242
0.261479
0.87560636
0.50450695
0.4858873
0.71113634
0.45578188
0.91330487
0.46777877
0.7575378
0.7785249
0.60683405
0.5971424
0.5727036
0.24389333
0.9241137
0.88834304
0.97878116
0.68695194
0.10978389
0.93152153
0.17130725
0.83427924
0.6247539
0.8593932
0.3643957
0.22844937
0.05468253
0.9278238
0.5084491
0.86939514
0.76362276
0.11458123
0.8139611
0.14020306
0.2912845
0.0816893
0.13115376
0.20543072
0.4017096
0.17032348
0.26041558
0.04942185
0.2607493
0.9372156
0.66192216
0.5158687
0.041104052
0.9140986
0.43263817
0.72295284
0.63302207
0.63081527
0.7188151
0.96288323
0.40449524
0.5725572
0.9690786
0.5567283
0.89953357
0.24498212
0.16497056
0.66457254
0.4162634
0.78177077
0.78184414
0.538749
0.5208773
0.37948644
0.96621335
0.5228647
0.41337457
0.75601214
0.5708942
0.23421569
0.1354223
0.35000288
0.6062083
0.31730756
0.87873644
0.092624195
0.7835076
0.0033973597
0.42909515
0.9078646
0.9261645
0.61363715
0.24708223
0.40910107
0.07297957
0.26748312
0.60194004
0.4672503
0.4435206
0.6101448
0.122234546
0.8148802
0.4545578
0.042116147
0.15343593
0.3971336
0.687704
0.55233985
0.4209409
0.55764383
0.67898864
0.48287413
0.90434384
0.16790746
0.7468891
0.68344986
0.3097083
0.91321236
0.1520305
0.8444044
0.15329736
0.61564
0.94225085
0.11384709
0.4036984
0.53505296
0.79374504
0.16448429
0.14196649
0.7741311
0.74029094
0.9929929
0.48521414
0.28471977
0.013770479
0.2896745
0.60384697
0.42375913
0.23071466
0.060819965
0.5917683
0.96425885
0.762103
0.27494475
0.5115141
0.040130362
0.11088924
0.73268855
0.6945274
0.5825405
0.79940915
0.492725
0.9010042
0.6208699
0.9579017
0.05826961
0.9398348
0.9069698
0.23167628
0.7491028
0.25818124
0.3188701
0.06305747
0.5125005
0.11039772
0.35799116
0.5285943
0.43783587
0.8434367
0.18541737
0.14652976
0.927849
0.61919796
0.71787924
0.21554197
0.30494985
0.3443937
0.9381958
0.29422972
0.15809147
0.7448906
0.9790831
0.39504874
0.6490732
0.82133156
0.027625982
0.44047916
0.07834226
0.50881207
0.22973154
0.38788125
0.87668633
0.7114324
0.21500081
0.8309113
0.6839264
0.45542794
0.2557089
0.835947
0.1343196
0.5387283
0.5554898
0.93491745
0.7108681
0.058632266
0.84359217
0.48013335
0.5580898
0.26377591
0.8320809
0.47293624
0.58906436
0.79456425
0.023307666
0.7980361
0.904974
0.19716404
0.9533128
0.53304935
0.34593138
0.61728984
0.1591772
0.87393886
0.34712657
0.032408793
0.4895345
0.26697502
0.7709707
0.0043799845
0.34034643
0.6716261
0.7844266
0.06869448
0.68278575
0.12546724
0.2364081
0.44461656
0.8275909
0.57141155
0.2871445
0.5198564
0.5194256
0.35947463
0.3018809
0.33122757
0.4773018
0.36327982
0.75931007
0.32736483
0.6307674
0.41596612
0.50107825
0.8070585
0.1812678
0.32807663
0.6187532
0.57039434
0.47187862
0.6768349
0.96233386
0.09690454
0.41706005
0.055430695
0.20805165
0.74060327
0.7533031
0.3361291
0.5944921
0.027214875
0.8742839
0.6539742
0.45088214
0.05700043
0.4774287
0.65829676
0.94390863
0.68470955
0.040780045
0.81134474
0.7474849
0.702277
0.68300575
0.74808085
0.18837813
0.17822836
0.51063204
0.5919309
0.017603116
0.71531814
0.10622371
0.35539755
0.48592815
0.15389499
0.08991538
0.09606414
0.09997117
0.7917847
0.09302966
0.6158573
0.30245906
0.5586807
0.9352093
0.79327905
0.5788054
0.107736155
0.8259702
0.66099745
0.831289
0.6584957
0.025520373
0.7714213
0.68727636
0.65259093
0.61799085
0.15973541
0.8117228
0.36258847
0.48953587
0.9694846
0.0043241465
0.45134482
0.25050423
0.17067811
0.030954417
0.8190573
0.54817706
0.39973947
0.21980545
0.37494022
0.9417516
0.7701657
0.5842825
0.3236793
0.39963838
0.5013056
0.3788208
0.5734135
0.31500068
0.43153727
0.7848333
0.13253441
0.84617925
0.63983244
0.040368345
0.95276517
0.08446791
0.64404327
0.48460224
0.2519446
0.9973391
0.07884883
0.94284225
0.30272377
0.016080016
0.780098
0.19391473
0.5146294
0.0008980395
0.3852348
0.8144205
0.17466676
0.43621433
0.5375332
0.5935375
0.9841165
0.29972556
0.687575
0.23988184
0.8130661
0.6363344
0.6211532
0.67301446
0.08385944
0.6619552
0.6320384
0.20387037
0.6803719
0.05098531
0.22408557
0.5960816
0.100621246
0.47895634
0.100138344
0.1894049
0.8274761
0.2770277
0.8263586
0.4485088
0.2644313
0.79096663
0.49241197
0.15005392
0.098980606
0.72466725
0.00675428
0.28526416
0.24013095
0.72686976
0.7243932
0.44149727
0.96802735
0.7933311
0.30075964
0.55967176
0.6845501
0.7891652
0.67820543
0.34494442
0.14753164
0.520878
0.4983088
0.51588905
0.9907307
0.21144208
0.8302741
0.90100133
0.14903575
0.6453654
0.7309208
0.54270625
0.7424644
0.8404996
0.9968242
0.5072669
0.19347231
0.9887854
0.04964884
0.74920464
0.7299508
0.4679287
0.624741
0.050071176
0.0027500573
0.59239984
0.1742322
0.22975759
0.87879676
0.9887346
0.48201287
0.56610423
0.9170395
0.45341295
0.62258923
0.2204149
0.3001354
0.75533855
0.12097117
0.7589175
0.41302958
0.3004043
0.99992096
0.9494933
0.014653303
0.34117138
0.20651965
0.6177801
0.02161497
0.9470647
0.854878
0.2974077
0.65145457
0.9370349
0.5093341
0.65073675
0.606227
0.09241045
0.9279664
0.20812476
0.39301795
0.40720668
0.6349776
0.88977796
0.2586541
0.7263767
0.05223241
0.80740875
0.14703767
0.80361104
0.06660601
0.9570203
0.06896558
0.5129173
0.8825826
0.28443778
0.48281527
0.21670657
0.47432777
0.73767644
0.6371653
0.41762385
0.49729598
0.8764736
0.56215894
0.5066617
0.3978688
0.5666165
0.23046248
0.4980082
0.11826522
0.2590128
0.80814475
0.35241246
0.9148432
0.47168782
0.2340272
0.4409294
0.8762245
0.9605723
0.8151089
0.543504
0.52696687
0.6880618
0.26384464
0.663393
0.6761717
0.16975172
0.9636249
0.70475143
0.0070629204
0.46213126
0.63987464
0.20151398
0.23642774
0.044152312
0.31657174
0.5984846
0.026353903
0.69287896
0.68282104
0.8454783
0.6697041
0.28132218
0.54805535
0.09383565
0.04040934
0.71772254
0.040946793
0.78303605
0.40416747
0.88547647
0.5150716
0.17812064
0.15827101
0.13498393
0.52539134
0.7853812
0.4386031
0.67500037
0.22836396
0.061702035
0.043505874
0.16751428
0.28208822
0.51241547
0.22403978
0.7302566
0.06832141
0.036865104
0.3968836
0.43066487
0.26492435
0.6014382
0.28811926
0.5211922
0.8987174
0.79025686
0.3478323
0.8191218
0.9717395
0.848529
0.77362245
0.5590186
0.12866065
0.1881834
0.117156364
0.57057226
0.2686424
0.531916
0.9908637
0.2781646
0.93532306
0.009706331
0.2763399
0.9248816
0.7975589
0.65695757
0.74091977
0.007621477
0.0741861
0.9387146
0.9483468
0.30678868
0.91640216
0.2721319
0.38129428
0.8962545
0.40693054
0.55037755
0.06960612
0.025838312
0.025080755
0.93532366
0.27963996
0.18469626
0.16972938
0.04108363
0.96876717
0.04945642
0.15169245
0.6828222
0.62447643
0.17066075
0.14517464
0.92861575
0.17737207
0.021308064
0.82454365
0.15892889
0.76052934
0.74938154
0.3563486
0.83417696
0.97334933
0.94210136
0.10741243
0.55287045
0.656851
0.27480674
0.57463574
0.6431987
0.7041782
0.18054634
0.9629996
0.25074667
0.09195332
0.5373424
0.076730825
0.20219919
0.22711913
0.6560104
0.37949464
0.9997896
0.02809923
0.8876099
0.58514297
0.70532954
0.45171943
0.63925225
0.37162018
0.72831565
0.22919148
0.56986475
0.4588226
0.03654641
0.4867396
0.1890154
0.015428452
0.6272031
0.1318566
0.9795909
0.697908
0.94780207
0.18782042
0.6627231
0.57836217
0.54094034
0.65571815
0.68452626
0.15247795
0.15226875
0.856676
0.9324733
0.5546381
0.5163593
0.42134807
0.11798829
0.7268328
0.89094603
0.3465048
0.5803571
0.43690577
0.97654
0.49986005
0.58199954
0.5877394
0.6390491
0.22723061
0.8148624
0.81464505
0.6235967
0.8084092
0.21176963
0.0530461
0.56159765
0.66975796
0.07165252
0.2961304
0.9858484
0.8415095
0.96444976
0.9600075
0.06269127
0.29701248
0.37770134
0.39123467
0.9851666
0.32446635
0.6632786
0.92620635
0.8425693
0.3854223
0.8436845
0.9459886
0.18995391
0.87748796
0.06255506
0.35336316
0.79886776
0.38401443
0.29167813
0.28982672
0.04958487
0.05952809
0.5369727
0.8805296
0.20177984
0.9076313
0.869445
0.67893076
0.6952427
0.8005359
0.9241671
0.810948
0.3317399
0.95943445
0.13813795
0.6446375
0.5732165
0.3246924
0.6687351
0.007084064
0.65880656
0.9949578
0.7850394
0.05367404
0.5944263
0.41503775
0.7472184
0.75173986
0.9191332
0.659161
0.7128449
0.48513988
0.80857813
0.5013879
0.0373578
0.5107733
0.46777824
0.93121815
0.95836616
0.9439529
0.40885618
0.41017008
0.79569256
0.6656863
0.55824226
0.58012694
0.6568812
0.9720161
0.6316464
0.16274019
0.8731338
0.87821877
0.48973978
0.830712
0.20253079
0.18117718
0.8500791
0.12880515
0.7098089
0.020936312
0.031009113
0.90617406
0.13892134
0.87818944
0.38962585
0.7330919
0.09729543
0.8461653
0.36480814
0.30440107
0.06528408
0.28167403
0.73921293
0.447989
0.3453854
0.07613974
0.77383316
0.32390067
0.34860194
0.73109937
0.62049377
0.56604594
0.89684
0.61374176
0.98924035
0.03559015
0.7205797
0.55100214
0.85144514
0.33580652
0.897738
0.12484366
0.6886238
0.27589485
0.16887064
0.91769034
0.3156563
0.52069396
0.33333766
0.025087928
0.16555671
0.06552093
0.15115774
0.8458429
0.07134672
0.8646731
0.7153693
0.59249365
0.24703507
0.82548964
0.53984416
0.9897743
0.850046
0.0009006493
0.5208408
0.38670468
0.17219993
0.6325922
0.9490325
0.9536095
0.060195446
0.6705725
0.58975524
0.37607083
0.9500246
0.068032354
0.055932008
0.5681573
0.012547168
0.37513188
0.3785552
0.53534037
0.9694827
0.23010227
0.43325606
0.44917792
0.6316711
0.51307887
0.2138406
0.2621312
0.39756787
0.10316732
0.83802456
0.96691084
0.09736379
0.4766527
0.13284847
0.6783213
0.06783955
0.6399987
0.63449055
0.581586
0.7369409
0.6391632
0.95360446
0.23882121
0.5062346
0.2168791
0.7895867
0.74529123
0.62023336
0.14337856
0.6759163
0.027374879
0.77167636
0.3108884
0.9175732
0.8125794
0.23350276
0.12133226
0.5157544
0.12756331
0.83060944
0.6384292
0.47685063
0.47360817
0.3095277
0.7399518
0.299877
0.54902655
0.33414698
0.10849731
0.46566865
0.10377392
0.7409359
0.35137957
0.6370644
0.091831565
0.048338395
0.4587859
0.55753803
0.70733154
0.68166715
0.5869512
0.39771327
0.558199
0.34603763
0.69028527
0.5424355
0.4190904
0.8340794
0.7365356
0.31726575
0.23038119
0.7153504
0.59910333
0.5788489
0.954641
0.31239027
0.6711037
0.03148927
0.037531234
0.55292827
0.88104177
0.9602706
0.27335867
0.35649595
0.71379334
0.5666143
0.37015224
0.5393046
0.72144544
0.8067202
0.124049984
0.19858035
0.5322416
0.31908032
0.8985168
0.11395975
0.76692003
0.7494986
0.5047614
0.48376116
0.82430786
0.11040792
0.5399378
0.17012611
0.05666028
0.11425293
0.17265764
0.7366965
0.63747114
0.75180864
0.8338327
0.5108059
0.4950173
0.2505191
0.8962894
0.54069537
0.7975945
0.9870667
0.39746663
0.65445715
0.08022773
0.56784856
0.8347307
0.4114846
0.7500846
0.5965188
0.18006471
0.5961885
0.90948606
0.7596305
0.67630506
0.370756
0.24535397
0.21224214
0.80386806
0.1953621
0.79252905
0.37930715
0.9015744
0.45803776
0.39132088
0.3238454
0.34469634
0.29782963
0.14309524
0.25014803
0.6973063
0.75229496
0.80762154
0.16478312
0.1837215
0.8343334
0.28500453
0.9487133
0.5100494
0.5242808
0.022640739
0.5342481
0.61493784
0.17563236
0.7197043
0.28206667
0.89899236
0.93137556
0.8057902
0.44510755
0.9676754
0.67002314
0.49948597
0.8874384
0.27133772
0.31756327
0.27588078
0.42948624
0.9924408
0.60657215
0.69704574
0.6965423
0.5320212
0.8117159
0.04879863
0.66894186
0.4404103
0.3129392
0.9197681
0.09865198
0.051771414
0.7843761
0.059034623
0.23856708
0.52061874
0.87014556
0.69967085
0.6738561
0.6520775
0.19303279
0.28083247
0.37249842
0.6394653
0.9099145
0.57480615
0.10389817
0.23967452
0.8351837
0.62739015
0.7663075
0.38520607
0.23224029
0.038329426
0.08601829
0.24331504
0.40974
0.18392849
0.02972977
0.52324617
0.5081756
0.6872316
0.14340453
0.9204573
0.2413861
0.57077146
0.7419146
0.11290082
0.20984465
0.58302945
0.92529935
0.013160895
0.65744483
0.057711482
0.34034726
0.75937444
0.43518284
0.2958214
0.15978903
0.78689563
0.43592823
0.80973345
0.6603131
0.22165628
0.8833464
0.76247704
0.083394565
0.84752613
0.0023504053
0.9615245
0.4371134
0.9298269
0.90803456
0.6499729
0.5121679
0.7161292
0.6666793
0.71812016
0.5453236
0.20122509
0.7564277
0.6280101
0.3773014
0.053259633
0.8236793
0.22458823
0.5118541
0.4398147
0.044754263
0.84692454
0.99324995
0.40877143
0.44417992
0.20867223
0.9212787
0.3733864
0.0830124
0.9616274
0.4852929
0.39642823
0.7145653
0.91297036
0.67415476
0.9272946
0.9232548
0.6623734
0.46300972
0.10108014
0.5424024
0.63768315
0.051090598
0.6033175
0.6460122
0.6581413
0.3109615
0.30131108
0.25195318
0.1834883
0.081903666
0.60493076
0.9027791
0.36751112
0.5317985
0.047177315
0.2570819
0.9968759
0.74748355
0.7922992
0.19265503
0.4043282
0.90403056
0.004205258
0.8421954
0.2192202
0.69610345
0.78211546
0.00012372763
0.1021007
0.53190976
0.044056986
0.72229636
0.45426783
0.4203716
0.5033561
0.04692104
0.10811446
0.8045704
0.5668897
0.7870249
0.41125202
0.33678463
0.34945935
0.3250383
0.2594715
0.7206737
0.65739363
0.8246078
0.19247209
0.9219656
0.18339187
0.9908446
0.23539138
0.92116433
0.6806564
0.85440516
0.3429558
0.33454838
0.9300067
0.82701164
0.9504194
0.76142603
0.038513858
0.09220968
0.6060745
0.8424185
0.27165675
0.6252334
0.56383014
0.6314199
0.3557073
0.6227212
0.3261118
0.30664453
0.34466362
0.7976806
0.7587664
0.15398748
0.048653025
0.21998529
0.6111528
0.45833668
0.4799594
0.014720314
0.9552836
0.16106299
0.9176398
0.24647757
0.70208913
0.6564022
0.96568614
0.20077042
0.7349256
0.8332513
0.86747086
0.002123143
0.76531166
0.75705034
0.7284884
0.34819052
0.19278497
0.17096537
0.76347923
0.26728374
0.003337886
0.6087526
0.4819407
0.19250411
0.5180932
0.4002522
0.5844019
0.0072687836
0.4114973
0.34256327
0.21269837
0.19419515
0.08055497
0.6965493
0.7182107
0.086745135
0.10940096
0.009373917
0.4400055
0.76358396
0.7354523
0.5541631
0.4415337
0.19885118
0.3859641
0.9117349
0.73864
0.7867149
0.47142753
0.61893696
0.33797196
0.9091285
0.6099606
0.4873375
0.66432846
0.29994288
0.22710817
0.81486887
0.21483012
0.563948
0.91428673
0.73541456
0.06865573
0.65384066
0.5475865
0.30042523
0.5631318
0.44244242
0.16763414
0.011245761
0.7435275
0.36553004
0.016696516
0.45341748
0.0435368
0.85737175
0.18021744
0.19983092
0.57778966
0.2805727
0.9007694
0.12855156
0.4265976
0.15417837
0.20206779
0.89643747
0.7439874
0.54232705
0.886257
0.9669911
0.66467017
0.5636239
0.77414227
0.6915852
0.42805648
0.13974439
0.5987613
0.5631271
0.19280073
0.28906325
0.08644199
0.5947418
0.8561065
0.6920186
0.95824873
0.8790865
0.020403314
0.7365983
0.49940106
0.1643736
0.9397813
0.8655383
0.52845234
0.5436759
0.5601358
0.6336725
0.9093222
0.3717642
0.8816414
0.13227727
0.36450863
0.40565446
0.7539674
0.09842601
0.48798794
0.53990203
0.42083552
0.046942268
0.078165956
0.7315009
0.7842582
0.6252336
0.5691685
0.623255
0.3714045
0.11334314
0.1336903
0.17318594
0.0148473885
0.99688506
0.26883033
0.18081647
0.73539144
0.10053976
0.5137888
0.4872984
0.48218143
0.18280233
0.12979949
0.15775648
0.00322908
0.8521548
0.6554354
0.6573515
0.09625671
0.33660597
0.25080985
0.76771116
0.79088414
0.9199798
0.8763854
0.6976079
0.9601802
0.8401075
0.98562485
0.3656776
0.40938988
0.28153294
0.7200209
0.7853046
0.5911414
0.55757874
0.37373215
0.73433703
0.06128951
0.89163095
0.40411323
0.11518014
0.40792057
0.20866235
0.43875846
0.879684
0.9853193
0.4196984
0.06415561
0.3726676
0.82819235
0.20445372
0.9024326
0.21337552
0.07360624
0.40348995
0.04113074
0.31400108
0.15752959
0.8858854
0.048204016
0.06510453
0.36857715
0.4329059
0.7129018
0.34161457
0.51266843
0.2692164
0.7704285
0.398171
0.98428464
0.2419136
0.18569869
0.18206026
0.09897604
0.43613133
0.66330636
0.76216394
0.05689061
0.9117879
0.37564105
0.07320532
0.5694454
0.0896707
0.028562335
0.6195511
0.81777155
0.5137627
0.20323959
0.55694103
0.21955135
0.19212142
0.7088513
0.95989615
0.33816254
0.11927026
0.100109674
0.82638997
0.20858136
0.24822186
0.5694213
0.90973073
0.28289255
0.86528546
0.68327963
0.19324419
0.4713613
0.55658793
0.25125873
0.9542994
0.65413606
0.21572112
0.8105203
0.74877423
0.6974146
0.2880901
0.299802
0.39784205
0.70329267
0.07654338
0.07972349
0.43766764
0.93145704
0.89331686
0.9614617
0.6926296
0.7328696
0.6428238
0.25789845
0.8707967
0.094866104
0.33465302
0.58585656
0.7882989
0.9924654
0.5828377
0.11064521
0.855918
0.71694535
0.2478429
0.449705
0.84574836
0.27255893
0.35917085
0.6811686
0.106995024
0.054865982
0.6432591
0.7430551
0.58483493
0.7345241
0.055363927
0.3389326
0.8439234
0.052457713
0.5212749
0.78567684
0.32065877
0.034092043
0.2918631
0.75436556
0.9548922
0.90059394
0.86203843
0.04938994
0.8835581
0.6180387
0.82887673
0.24916975
0.41645575
0.26419443
0.9738216
0.8953861
0.12486805
0.196671
0.63980705
0.6371698
0.03920308
0.7817591
0.27887768
0.075609766
0.9762935
0.648645
0.241316
0.5029792
0.85375714
0.28745311
0.3263354
0.75109154
0.4765393
0.11549875
0.16286358
0.6226105
0.38923112
0.36669096
0.8107577
0.4674187
0.6399338
0.39077246
0.6374647
0.29553857
0.44311556
0.84001887
0.8171869
0.010602449
0.115951456
0.3517695
0.40346912
0.17354141
0.85996187
0.86658186
0.6161254
0.05433253
0.23900604
0.47938105
0.08542555
0.3711345
0.11021694
0.9974315
0.91537696
0.71511114
0.06818145
0.8027512
0.85078865
0.37819514
0.55979514
0.8069561
0.21001822
0.85780925
0.4853249
0.6494757
0.9619704
0.31104106
0.040839396
0.44796285
0.40812773
0.051507816
0.604608
0.7086713
0.07226376
0.5396673
0.6908963
0.32719305
0.83517665
0.963356
0.9059653
0.60046816
0.5142669
0.8603092
0.8047587
0.30674776
0.7836751
0.52602476
0.43297803
0.07374053
0.7894208
0.6025882
0.8888375
0.61099046
0.9461398
0.13557693
0.69070154
0.6548017
0.482689
0.539862
0.19753453
0.81188446
0.10423247
0.4023
0.3169969
0.93746114
0.19230539
0.14427099
0.8671352
0.6713712
0.39704844
0.007299778
0.33712
0.30656102
0.6561458
0.93658584
0.77952904
0.6633155
0.30783945
0.9238377
0.77767295
0.71723336
0.16668014
0.73651165
0.89812803
0.23173979
0.7880585
0.70662
0.05599872
0.26124194
0.07044727
0.57744986
0.89950776
0.7161082
0.47325787
0.9693835
0.9365875
0.73013836
0.13353987
0.8359127
0.0029947534
0.24286619
0.87481457
0.47487926
0.27510178
0.5391485
0.51248616
0.29259697
0.74257076
0.5233019
0.6505869
0.28092226
0.5901986
0.65821296
0.5522885
0.09031971
0.33857727
0.7596303
0.28507528
0.36694512
0.03521566
0.47118264
0.943367
0.23145953
0.56449735
0.1693967
0.5763721
0.41124701
0.7882318
0.3080799
0.47896147
0.4243292
0.21000065
0.7754562
0.25440863
0.96160847
0.1072979
0.68896747
0.522567
0.9058046
0.038084324
0.30419633
0.08601494
0.9557073
0.42870486
0.84748316
0.92665404
0.27013242
0.5555723
0.51782084
0.87847817
0.4665027
0.6863723
0.23592332
0.64009506
0.7683132
0.11023776
0.9274837
0.13025108
0.70582
0.89200497
0.348791
0.7321786
0.5227583
0.73682946
0.85890955
0.6354466
0.018440919
0.9261247
0.3305668
0.6149081
0.022178605
0.2732762
0.40272504
0.95213735
0.46612355
0.30350783
0.7641541
0.22971301
0.59420764
0.84578997
0.31009543
0.20904347
0.94882065
0.006396432
0.9299143
0.1249048
0.44793642
0.13910869
0.19750732
0.52990276
0.0057047238
0.76644677
0.78650314
0.2740842
0.86633015
0.40070906
0.8922545
0.14517836
0.60466534
0.80031663
0.56063837
0.20515966
0.19625378
0.25800735
0.702004
0.2727214
0.8996831
0.30505702
0.65466225
0.45578662
0.95270044
0.87566173
0.64023334
0.14313528
0.3087331
0.8424998
0.6731261
0.9287637
0.8744256
0.26857063
0.3542458
0.7474971
0.7721712
0.08127063
0.6572982
0.058624964
0.95451057
0.35455427
0.9486143
0.5933485
0.04195099
0.29866895
0.43773764
0.5605891
0.042677328
0.89565957
0.77129453
0.8542624
0.93443614
0.42120403
0.09953182
0.26509163
0.28805304
0.30497873
0.05176514
0.5914824
0.58699447
0.77383083
0.7330752
0.86204946
0.11962894
0.73293316
0.84662867
0.09258744
0.43434256
0.042617917
0.5695715
0.4014963
0.63948655
0.7372509
0.24863039
0.98699963
0.07165282
0.6155285
0.7412945
0.4056715
0.9225145
0.9164221
0.5104605
0.44256005
0.1222767
0.95538116
0.026988478
0.41738203
0.90826637
0.6073753
0.79785264
0.8536923
0.493718
0.9251501
0.4383268
0.042906873
0.48971754
0.9971623
0.5498272
0.053337783
0.27021348
0.3688318
0.5570899
0.26709598
0.12861015
0.28215784
0.35814154
0.1600553
0.9876112
0.9240096
0.3342087
0.08801544
0.37274837
0.25933194
0.45686164
0.7315368
0.701415
0.76322615
0.93456435
0.5238807
0.67457086
0.3801987
0.4272543
0.56761795
0.6418294
0.9084302
0.50127965
0.9270915
0.64191556
0.26545644
0.37993163
0.87583077
0.15450315
0.38829002
0.8846595
0.15293276
0.59162235
0.931608
0.0024155823
0.61941916
0.64247394
0.4726533
0.24546684
0.6096078
0.28654465
0.7170509
0.2909067
0.15919402
0.91019094
0.5002069
0.1137532
0.2742916
0.0022810195
0.30060717
0.63029766
0.46059906
0.9313428
0.56570005
0.68331593
0.808519
0.048908673
0.22307518
0.44667
0.39210108
0.59298235
0.049067438
0.55936474
0.119296715
0.043890532
0.75597215
0.53639144
0.9857869
0.6128148
0.67608774
0.06708654
0.73146844
0.7931595
0.9485372
0.59620976
0.043141793
0.54690397
0.826131
0.9090398
0.38279316
0.9776356
0.72572845
0.5345546
0.18950123
0.69667953
0.47967923
0.27336574
0.64120126
0.6009721
0.09743113
0.16702212
0.38512895
0.22701582
0.89298064
0.42321303
0.40499657
0.5675785
0.65212923
0.66621286
0.41439646
0.5709271
0.23778033
0.9575624
0.037680693
0.6476328
0.20677964
0.8724639
0.31616443
0.1603928
0.7182977
0.9605736
0.7359733
0.8348042
0.18379532
0.8929256
0.57008165
0.624598
0.32053047
0.43261072
0.5083483
0.05438038
0.96368897
0.5199838
0.938566
0.400709
0.34514293
0.9149609
0.6180308
0.22446091
0.6220058
0.7833018
0.8358325
0.22633682
0.28912446
0.18497612
0.29606378
0.21846184
0.4655047
0.8783636
0.42569888
0.30533066
0.83240783
0.39825377
0.92516875
0.035754863
0.57109654
0.28082803
0.58759654
0.51471245
0.53833956
0.9371924
0.27053642
0.2508773
0.16177392
0.3157817
0.7192571
0.9256896
0.7836886
0.70806986
0.76854324
0.86265767
0.21021767
0.6777441
0.95547855
0.34800658
0.38208205
0.07995896
0.24171804
0.4199033
0.46513042
0.769573
0.1028661
0.666699
0.1795135
0.33486632
0.089942105
0.23367742
0.0064578527
0.29530486
0.91269493
0.092620656
0.5528317
0.47284785
0.8380925
0.25124642
0.28252548
0.9887087
0.9062756
0.79702985
0.41990006
0.13677576
0.5528221
0.10948715
0.34241286
0.6890696
0.77186006
0.6787888
0.46305695
0.65858984
0.15761167
0.4272592
0.66759384
0.7551223
0.0050250483
0.3862774
0.4396687
0.15079737
0.28640893
0.73502314
0.8898019
0.2909718
0.92839885
0.8030167
0.8188259
0.7146551
0.24744266
0.3296039
0.074836925
0.37209004
0.9716997
0.6243624
0.6099144
0.9584792
0.48177436
0.8823226
0.83581233
0.7330517
0.9217192
0.23262697
0.120838225
0.9228443
0.2915336
0.123874925
0.3382224
0.910117
0.47574067
0.49325442
0.32132715
0.92175114
0.32584435
0.15415363
0.74524605
0.3310083
0.35447976
0.6189034
0.31788543
0.65100765
0.32290202
0.3743993
0.117577046
0.18889526
0.29094273
0.50017726
0.2916361
0.18146974
0.56643724
0.13533834
0.15035856
0.12186271
0.30877748
0.5303608
0.52939945
0.86416525
0.9157548
0.6894792
0.73245144
0.92854214
0.82550305
0.3309435
0.9221519
0.906799
0.98862845
0.6833933
0.71199286
0.32136947
0.9870628
0.75847733
0.77496785
0.34458548
0.1391391
0.70979226
0.26742962
0.9375008
0.4860462
0.06304555
0.12223812
0.19483268
0.6559736
0.56138164
0.6622659
0.71382
0.97841537
0.70445764
0.1621091
0.78078616
0.7100081
0.024392797
0.05848829
0.11268898
0.7750548
0.78823864
0.1819651
0.50349337
0.7917826
0.66720325
0.58758986
0.00766026
0.5736899
0.9410755
0.4777083
0.1710107
0.27097148
0.7634507
0.36541992
0.3781054
0.62747127
0.44904187
0.018058691
0.6116279
0.25356868
0.05640995
0.048159726
0.14216106
0.17981145
0.8085609
0.20760272
0.4637834
0.77556384
0.40746236
0.016737064
0.4638511
0.21591678
0.81495786
0.49267328
0.4793785
0.7604783
0.92315704
0.7648184
0.31812033
0.46980962
0.5742536
0.5889114
0.214286
0.6099057
0.16156489
0.03322794
0.16028969
0.30401146
0.2944793
0.19511424
0.68595207
0.98965824
0.7243707
0.3007336
0.24438109
0.022068439
0.9676905
0.44056004
0.27408358
0.8045403
0.7558312
0.41770747
0.662516
0.7841661
0.8636636
0.90252596
0.7820704
0.4963153
0.70850873
0.56173164
0.37289283
0.027392093
0.42163646
0.17955524
0.9203611
0.4521536
0.5216058
0.108629294
0.9270288
0.19036976
0.630963
0.86338055
0.33674043
0.94889826
0.34114227
0.93862844
0.92023146
0.5062172
0.22539873
0.78554046
0.7947352
0.49002397
0.12598574
0.5031877
0.25336534
0.4160892
0.026252655
0.62673426
0.4657823
0.4709828
0.6799662
0.02984058
0.5241841
0.52805626
0.9358339
0.3582025
0.51731205
0.7468841
0.61094886
0.52552
0.73287284
0.38773736
0.27540433
0.9804834
0.26243195
0.3030625
0.686216
0.8157558
0.039793912
0.26191017
0.7544989
0.10286082
0.9248234
0.14159898
0.7654317
0.9016446
0.97424483
0.7730453
0.095948815
0.31075
0.5193825
0.51193154
0.9335496
0.29526028
0.26719105
0.36230025
0.38971215
0.02104664
0.8407291
0.14079672
0.50558954
0.82548475
0.009674893
0.12095379
0.8941598
0.7686623
0.482038
0.9585249
0.7286188
0.3682676
0.03703557
0.52329236
0.80636847
0.34895658
0.88219965
0.39798012
0.99319893
0.8725964
0.8565598
0.9082929
0.2742577
0.30155262
0.3452015
0.9394722
0.26356164
0.20723909
0.749791
0.3538844
0.41862863
0.5404596
0.67966723
0.024683766
0.115163505
0.37400398
0.98226947
0.7214172
0.5376525
0.08135013
0.4200312
0.86355674
0.76450723
0.73280495
0.7189548
0.88115716
0.4871241
0.018007705
0.22107783
0.24982111
0.16644153
0.943254
0.45285967
0.5003106
0.36367598
0.45069286
0.46584764
0.18577807
0.37124947
0.97713023
0.5766323
0.9266696
0.5353374
0.936923
0.3414646
0.66145474
0.24846883
0.60468405
0.62853587
0.4659834
0.71382946
0.18238498
0.33554253
0.74263436
0.5109934
0.32282373
0.3659286
0.017577447
0.1541997
0.8050728
0.15197279
0.8508938
0.5784327
0.17489633
0.9993504
0.5483827
0.2819924
0.19581544
0.9359613
0.2751862
0.99525553
0.54511803
0.72810906
0.96280336
0.6804681
0.9558961
0.14168745
0.5188128
0.39494628
0.73121274
0.13893472
0.47444987
0.9475383
0.8391155
0.9317697
0.93259114
0.9886515
0.70923156
0.033737842
0.116671175
0.26040503
0.719393
0.93191826
0.9359366
0.7410481
0.49908432
0.6882552
0.041530084
0.8674894
0.50451535
0.16728231
0.630835
0.76668525
0.12455496
0.55368894
0.8445055
0.3181144
0.18208684
0.73599577
0.5294185
0.99316543
0.09622315
0.30734786
0.89500636
0.9395499
0.14001574
0.7553942
0.3871692
0.001725531
0.96970016
0.20381719
0.5974933
0.013810152
0.29234958
0.15811332
0.4306752
0.8116772
0.32480517
0.04242718
0.21291856
0.98212117
0.33022007
0.6607098
0.90879864
0.4287687
0.59112346
0.23080902
0.43766063
0.25624618
0.9931731
0.614858
0.2553007
0.5173661
0.5138851
0.18271847
0.43503842
0.32231703
0.7676885
0.30112383
0.12790127
0.2615246
0.11770738
0.6571389
0.46698496
0.017359408
0.108447514
0.34434867
0.036176823
0.3348895
0.47991064
0.14160609
0.67429465
0.12792559
0.32848164
0.65839255
0.34996963
0.5106501
0.60987025
0.465584
0.5224576
0.27529642
0.94677514
0.81662583
0.33887038
0.112191126
0.11683827
0.18877834
0.54578435
0.75980496
0.7922359
0.8887442
0.058293805
0.7526142
0.6257649
0.28645003
0.18065757
0.5418091
0.24619022
0.46279374
0.15021287
0.59229815
0.937323
0.90585595
0.37905556
0.36895344
0.35395265
0.48654708
0.09704043
0.5215695
0.8968562
0.26623625
0.47288364
0.122296184
0.9022392
0.3030432
0.89281803
0.92139924
0.89354986
0.58150285
0.88755894
0.94626236
0.73307943
0.38291743
0.77995944
0.5240046
0.84644526
0.91993713
0.6559258
0.4225789
0.3807033
0.30226183
0.15318814
0.2747212
0.007848165
0.15177795
0.011040256
0.7536782
0.3618358
0.29347017
0.89055926
0.71166515
0.29821497
0.39393502
0.29987466
0.66373765
0.99831355
0.7271298
0.45293665
0.78587526
0.22835599
0.7768191
0.52649385
0.9581234
0.5755078
0.506378
0.4212068
0.93801445
0.37870857
0.57448584
0.32982147
0.3038741
0.35402864
0.037411157
0.32474402
0.423381
0.32458362
0.26106232
0.18834381
0.27393556
0.3153826
0.7071328
0.4257196
0.72863454
0.99966556
0.12748465
0.7575993
0.23515104
0.85573965
0.42114326
0.485262
0.20152095
0.7870512
0.40709174
0.71422434
0.9536478
0.6172354
0.86389905
0.54906374
0.7422937
0.6458674
0.2700283
0.2852653
0.103909954
0.9970037
0.5966876
0.34171468
0.8653125
0.1983581
0.94518083
0.023960069
0.60710084
0.06824823
0.8236555
0.47466248
0.01976853
0.99494433
0.2286721
0.82786316
0.6055348
0.7865977
0.35954353
0.99758095
0.15547477
0.48649457
0.15579548
0.70395845
0.58951014
0.568465
0.99771523
0.6321683
0.8589454
0.35224637
0.5825919
0.5472795
0.9588936
0.6973803
0.7599125
0.7904022
0.10286435
0.6528772
0.24096125
0.7320625
0.84683955
0.44200906
0.8648838
0.6096546
0.90310854
0.10567675
0.72164035
0.26125285
0.44691223
0.6193928
0.51410294
0.015606265
0.9088268
0.4200847
0.5409453
0.95368457
0.6445737
0.95302665
0.47274035
0.8978132
0.3959213
0.38886246
0.9330316
0.7146281
0.5893906
0.019931503
0.42798886
0.7037863
0.91580796
0.7044477
0.45177546
0.5761042
0.5942564
0.91037154
0.73240817
0.54662406
0.92283124
0.24939024
0.36098617
0.4645135
0.6955438
0.7625766
0.7737147
0.5791097
0.72440845
0.42492405
0.67382944
0.81941694
0.43882403
0.3789217
0.21408811
0.53974843
0.6124291
0.81908184
0.054669403
0.83298653
0.8803257
0.632129
0.50386
0.35711804
0.07359017
0.036707737
0.16199318
0.6561889
0.31982768
0.48400763
0.85748124
0.6238004
0.39435926
0.55356526
0.48939466
0.39359763
0.07664529
0.7933479
0.5939199
0.16702673
0.7068769
0.61770177
0.052260805
0.8662538
0.36925268
0.5626946
0.4700214
0.8827053
0.98624617
0.88481194
0.7886948
0.43862772
0.41038045
0.34022215
0.52990025
0.96651965
0.47041643
0.47348222
0.10275443
0.8986308
0.70851177
0.25857437
0.49256244
0.44751415
0.95731664
0.67776376
0.10577366
0.1566638
0.43316016
0.38232663
0.9401611
0.52736026
0.36065248
0.13616368
0.4988138
0.3802759
0.18296562
0.041435786
0.03406181
0.39710745
0.13822924
0.1334684
0.84635395
0.05067757
0.9532922
0.49823433
0.050961405
0.5914979
0.95356184
0.98616254
0.84244937
0.2665103
0.91642785
0.37390986
0.7824978
0.55327415
0.84521365
0.9023481
0.9749594
0.64544547
0.89187664
0.22771634
0.112626
0.80422
0.9488067
0.88804483
0.390042
0.8813222
0.48593313
0.3625185
0.8170826
0.46569946
0.37021372
0.99213356
0.8193668
0.4996581
0.4204036
0.615632
0.30791754
0.1379757
0.74516904
0.9011891
0.5682282
0.4416313
0.49076456
0.2523015
0.67447037
0.52022165
0.7122312
0.15223686
0.18892527
0.46027893
0.49690923
0.44421694
0.24681407
0.79649585
0.98869556
0.53783524
0.23297757
0.79608625
0.14550763
0.06529292
0.34492105
0.12113546
0.6626455
0.7167387
0.5274722
0.026700558
0.8018894
0.9698023
0.29118767
0.30049285
0.98758036
0.1805094
0.62678176
0.19617869
0.65312827
0.26616067
0.0090711275
0.7612822
0.56876284
0.5030276
0.9534231
0.92260414
0.9062245
0.4553769
0.6814167
0.46482685
0.9122017
0.9065669
0.0027783902
0.68010503
0.13792801
0.5273573
0.5681037
0.34113955
0.6949474
0.32757288
0.84371233
0.21296598
0.5316565
0.07849836
0.7295124
0.6921565
0.33126336
0.5760128
0.58047503
0.6346568
0.5646415
0.18280055
0.037416607
0.88991827
0.96130544
0.011297357
0.22698542
0.10336822
0.31481522
0.23125307
0.49561596
0.27574387
0.09764604
0.7049509
0.25831082
0.2781613
0.012872375
0.015002004
0.34823313
0.32014674
0.20203535
0.30962363
0.28478768
0.843491
0.15155223
0.9045238
0.4416352
0.3852767
0.62822753
0.317372
0.3821119
0.2749511
0.66431445
0.04088786
0.89541864
0.95512396
0.57606316
0.7966905
0.9961237
0.107862495
0.24830383
0.66970366
0.31883216
0.37613472
0.5070286
0.9455015
0.7105617
0.18553752
0.57949334
0.77623075
0.96249986
0.48136297
0.8645956
0.71501106
0.9819531
0.3509598
0.7849929
0.5094361
0.8927438
0.11287918
0.10999914
0.97903806
0.42504466
0.18385935
0.50857246
0.08678086
0.52507555
0.47182885
0.6094586
0.05489155
0.6418186
0.36833057
0.96115756
0.43345752
0.82908064
0.1566938
0.9295273
0.96657306
0.05550295
0.36335573
0.79746383
0.816297
0.9483992
0.06432199
0.83444524
0.21528372
0.36578524
0.47907317
0.35691214
0.87252164
0.39162165
0.09930236
0.69516045
0.19431524
0.009033649
0.11107348
0.48426327
0.26194477
0.89362264
0.88484496
0.24999605
0.07156064
0.95128345
0.92469645
0.35895318
0.42887178
0.6980804
0.005994909
0.1971731
0.28727585
0.5625775
0.4828047
0.1466132
0.8284311
0.80755436
0.018094337
0.7833363
0.26318485
0.46023235
0.8974979
0.13621111
0.37314612
0.4698752
0.43977723
0.95251954
0.67655724
0.6655362
0.6609049
0.78323007
0.4279895
0.64622104
0.71354353
0.12342306
0.8263361
0.8329103
0.94314
0.05904277
0.7531943
0.12370006
0.29056478
0.03704169
0.14843115
0.8071708
0.7370995
0.2948454
0.25050846
0.8978001
0.9089836
0.8753146
0.3431691
0.774077
0.2027327
0.121195115
0.9689583
0.2694533
0.21711506
0.054234095
0.24466205
0.62620616
0.34910944
0.7974258
0.3557704
0.08974786
0.03899759
0.2784207
0.7931832
0.42182162
0.25220522
0.29531386
0.1426533
0.020217711
0.07555332
0.68678516
0.16694131
0.29362723
0.06497786
0.812126
0.46504948
0.76874715
0.30575377
0.21282099
0.6183312
0.58086365
0.9037097
0.69644755
0.074613474
0.9627238
0.92755395
0.5134725
0.7461531
0.21404287
0.70977175
0.9156364
0.43510136
0.44782493
0.55665064
0.56524944
0.08957624
0.60586107
0.70924205
0.7575301
0.97841805
0.9857584
0.5420693
0.64694965
0.17773089
0.8193731
0.11520344
0.35483792
0.23617297
0.5794948
0.5338153
0.25507632
0.015018708
0.7870694
0.5284202
0.9550946
0.87181175
0.76235765
0.72986203
0.16866013
0.43867972
0.921152
0.82000005
0.5988353
0.5164608
0.6630109
0.6057436
0.18872243
0.7917461
0.0979508
0.08247464
0.74928796
0.81358755
0.37958062
0.3211089
0.9963124
0.04052349
0.17120045
0.97223747
0.10120182
0.6051767
0.8112496
0.96905583
0.8599936
0.62000036
0.7214002
0.30911583
0.7893248
0.50045764
0.1214904
0.8543038
0.62551934
0.18715888
0.58059925
0.1562211
0.78525996
0.023955857
0.7244761
0.7745972
0.81024724
0.67846316
0.7306171
0.73878
0.9448006
0.48426378
0.6356558
0.48470578
0.6607429
0.87846076
0.4824468
0.034529775
0.3355895
0.6070422
0.61506575
0.88653296
0.39672846
0.9735596
0.86531574
0.54276454
0.8206237
0.012652441
0.49680945
0.53341234
0.015086161
0.47599268
0.16049823
0.31304157
0.6973752
0.4822587
0.91532904
0.62970084
0.40970483
0.87888426
0.5796245
0.13301612
0.61313367
0.20229727
0.745492
0.37954885
0.010929354
0.71145415
0.1533503
0.47195658
0.74130297
0.521166
0.160111
0.65954894
0.90084445
0.90168214
0.10653863
0.20334224
0.99931264
0.7205385
0.09468689
0.9841863
0.64241254
0.89317834
0.58201367
0.18725653
0.6108756
0.8142248
0.9925947
0.0986955
0.63859135
0.08938451
0.9419092
0.6997104
0.11292539
0.10002269
0.38732222
0.17274024
0.8967782
0.6932658
0.015612687
0.41165546
0.6197606
0.4987527
0.0140448725
0.7137518
0.1506331
0.37112305
0.5988794
0.76514435
0.027515016
0.72685486
0.2766357
0.07040797
0.744326
0.14072032
0.14173068
0.68357867
0.8424458
0.9937075
0.49652353
0.91389
0.09438752
0.23714659
0.22258973
0.68146116
0.9001723
0.044931166
0.66851336
0.78442526
0.9788729
0.06511449
0.90568596
0.89941955
0.91674143
0.5484337
0.24955308
0.61177677
0.13514288
0.6131093
0.81609035
0.58374506
0.1627877
0.38724202
0.5805116
0.9202589
0.7854807
0.9123626
0.41843313
0.38945183
0.3559853
0.4357677
0.4012458
0.29306793
0.60243714
0.90942335
0.93391234
0.9136233
0.96011734
0.4629742
0.11038853
0.5040629
0.12263489
0.083923675
0.15992247
0.8578208
0.2016001
0.48404983
0.5664257
0.3852927
0.5660124
0.63564825
0.214199
0.68595845
0.34023196
0.55481935
0.8657629
0.42693284
0.22703119
0.93787074
0.8163814
0.19652374
0.38643512
0.037775997
0.0088347765
0.60877174
0.32425708
0.90181005
0.6743145
0.63699216
0.44503215
0.70878637
0.61417705
0.21930824
0.18409368
0.9956591
0.0711295
0.9027281
0.58193856
0.40031958
0.99899167
0.18663839
0.18461023
0.47332492
0.015658353
0.08619624
0.023434006
0.32533422
0.50005645
0.32656974
0.13735275
0.6587188
0.3508962
0.43729237
0.62638825
0.6104628
0.71844393
0.76791805
0.3029703
0.8170164
0.875224
0.9729108
0.19351941
0.3031141
0.81728286
0.11564377
0.07042487
0.25478935
0.62711686
0.040274136
0.11242714
0.4125476
0.0746791
0.25686154
0.12268343
0.39172778
0.09668745
0.68516296
0.4770433
0.524336
0.89062625
0.652131
0.5533645
0.27885458
0.25893307
0.020172069
0.21288452
0.25374755
0.89964366
0.572883
0.073023334
0.54139906
0.50903636
0.115528315
0.14548641
0.9554986
0.82345986
0.48463944
0.9102981
0.31478012
0.74534166
0.66161317
0.5530533
0.31348836
0.145908
0.2931418
0.43044704
0.31315598
0.8655976
0.84015965
0.2930756
0.32084167
0.77122253
0.26198068
0.19210821
0.5123031
0.63790625
0.386934
0.3681005
0.8510111
0.74775666
0.7994133
0.5847948
0.5865054
0.10518631
0.38871852
0.2741037
0.04736135
0.42670143
0.9229413
0.4579278
0.9958977
0.16978176
0.13356939
0.8685263
0.64652634
0.6318978
0.32709178
0.9485354
0.8371744
0.6389504
0.44010618
0.48871216
0.10172691
0.27105278
0.7907646
0.071097
0.8186521
0.11238106
0.71346873
0.9454241
0.96277696
0.97764826
0.8958558
0.79777706
0.047222953
0.5733109
0.039488982
0.26675364
0.9866921
0.11726482
0.5884404
0.5586421
0.85397184
0.79075867
0.6401882
0.08049887
0.25114763
0.83142
0.4858
0.4237209
0.87196034
0.128607
0.27047652
0.7318161
0.7719268
0.7937781
0.37265274
0.26479992
0.5979451
0.84960073
0.36274922
0.75895095
0.8970868
0.34993035
0.8938266
0.22011513
0.42750466
0.061945233
0.028186629
0.93040454
0.8046014
0.8912801
0.27309078
0.6228834
0.055472665
0.11742878
0.6918022
0.90246034
0.60401964
0.88926435
0.94820917
0.25192302
0.4537211
0.95588005
0.14806575
0.70044816
0.4938798
0.23125885
0.5670183
0.86724997
0.016548429
0.8381847
0.122630134
0.07441102
0.74837667
0.5621122
0.97006863
0.9633656
0.48737308
0.48316815
0.06700939
0.64256495
0.8909439
0.29235628
0.05494903
0.16386798
0.6646811
0.23020239
0.8217499
0.64750516
0.9541371
0.05779619
0.21963657
0.5586408
0.86590785
0.44505003
0.20563355
0.28983125
0.22536172
0.43643686
0.7368709
0.57982266
0.70739454
0.07321734
0.2638142
0.14095303
0.9651053
0.83643353
0.42436722
0.8468487
0.29577354
0.88627464
0.12266544
0.67818654
0.24235398
0.5845253
0.72765946
0.7212963
0.3732647
0.87729895
0.20614587
0.7049935
0.52153313
0.4326061
0.4792166
0.7742213
0.69383293
0.26215667
0.46697614
0.67527026
0.44696474
0.39764357
0.53861046
0.08085749
0.700931
0.9709658
0.38736638
0.009112662
0.06814689
0.046043653
0.97326577
0.4609614
0.013467309
0.9045776
0.41068232
0.26172286
0.050528936
0.23524679
0.26124203
0.8943714
0.30355754
0.5697473
0.5821689
0.83493584
0.5880456
0.5999445
0.6429778
0.6156208
0.58945984
0.66437393
0.8918239
0.5283114
0.5188459
0.6437281
0.50123775
0.7575327
0.45469227
0.15790676
0.925902
0.5569209
0.9431242
0.30262193
0.62084794
0.0040160804
0.053194858
0.23691139
0.061581373
0.37509376
0.4066936
0.08762183
0.14573696
0.3374757
0.62709844
0.2304166
0.14181657
0.09966735
0.96350414
0.36238283
0.20204036
0.77497214
0.11755343
0.6305893
0.36010885
0.32611996
0.5529178
0.2082581
0.035060138
0.051591676
0.7488523
0.9690142
0.71273345
0.2269859
0.046750028
0.3744809
0.94693863
0.37745148
0.20177424
0.2560834
0.4306343
0.8022312
0.14460377
0.70360047
0.5346771
0.7094162
0.7693347
0.11755933
0.35763118
0.78189975
0.83669347
0.42667228
0.19554073
0.15907644
0.46684763
0.22486469
0.36772192
0.84065247
0.08148381
0.008526409
0.87913364
0.793377
0.3935858
0.93916523
0.48681667
0.53245085
0.6747853
0.22433141
0.3493132
0.19030535
0.03766576
0.86453694
0.43695247
0.78235716
0.865695
0.72319335
0.10443027
0.74128413
0.5065294
0.5118949
0.8487811
0.25408888
0.92406595
0.86651784
0.5996599
0.13100763
0.074450016
0.35183045
0.61210513
0.21566118
0.08617443
0.40426636
0.7719668
0.87289083
0.7134561
0.5489393
0.009031519
0.87973267
0.40537864
0.48474124
0.25712192
0.5055695
0.19784951
0.45128787
0.72277117
0.6640277
0.3048965
0.039409373
0.42531914
0.7040999
0.04691959
0.7380258
0.7490474
0.9136272
0.39567134
0.68122953
0.0614518
0.112444736
0.969036
0.023984341
0.44620976
0.7146509
0.25396392
0.43764758
0.7573257
0.77741563
0.021184169
0.207715
0.14977366
0.1608997
0.19432631
0.5090804
0.3277244
0.42410484
0.52026445
0.011744642
0.5890952
0.71434814
0.38876805
0.62128
0.7815231
0.79386
0.9636666
0.7085566
0.2145785
0.41465887
0.5512427
0.59068626
0.94567007
0.9043988
0.57515836
0.88818634
0.8455436
0.39347908
0.535307
0.32669336
0.30864665
0.72599566
0.56072634
0.9071844
0.5098431
0.055397302
0.41707766
0.68876904
0.80782944
0.62936014
0.8098092
0.8324151
0.44525743
0.1339556
0.6116034
0.33202934
0.5686911
0.9329701
0.030442785
0.12957387
0.48461184
0.7335016
0.9011077
0.2744202
0.47959697
0.8005036
0.054298155
0.21743535
0.7773591
0.4581348
0.15351827
0.9619094
0.023773119
0.476756
0.9577966
0.8993902
0.5456148
0.19427882
0.5994126
0.81834257
0.4053925
0.9066075
0.7993615
0.73254794
0.6156447
0.62680686
0.0068531707
0.3373958
0.34466094
0.5955643
0.26687843
0.83800495
0.80693823
0.29062134
0.25893176
0.297938
0.22787467
0.7886944
0.43260375
0.6073225
0.8104719
0.30735466
0.3215481
0.69604594
0.66373044
0.9705691
0.8599624
0.93337274
0.11194232
0.24341843
0.8125184
0.07231168
0.06826025
0.74604243
0.6728374
0.44455382
0.28682378
0.58723474
0.14058168
0.068900645
0.8295291
0.07064447
0.8655996
0.15130335
0.5807096
0.33401695
0.7106948
0.7158918
0.54679614
0.6757363
0.073824614
0.73286945
0.63184935
0.040343903
0.25719556
0.4205164
0.46495202
0.9911218
0.92397803
0.17921036
0.14563334
0.41613764
0.8525217
0.44977748
0.061211195
0.8398791
0.2807693
0.22104424
0.07324868
0.6450163
0.42084917
0.9979078
0.7166497
0.54802173
0.7720859
0.56646806
0.59365463
0.58660316
0.5878669
0.67700565
0.14972349
0.6586066
0.6588172
0.6246493
0.14243013
0.022002317
0.8997451
0.918566
0.31858256
0.6120401
0.5524583
0.34256014
0.46181223
0.91480935
0.79347634
0.8266288
0.76955575
0.89900744
0.57762766
0.3023468
0.40053296
0.41437086
0.41928384
0.42694098
0.7946131
0.22857958
0.76075214
0.98068035
0.96763116
0.3947834
0.92403495
0.5775491
0.7003301
0.8695208
0.72481453
0.2092012
0.302875
0.39695328
0.25449488
0.8808619
0.89581287
0.42034227
0.86812556
0.8860514
0.49375367
0.002709406
0.42246494
0.2199419
0.15561345
0.5004026
0.19178316
0.121891536
0.4944062
0.47389168
0.2224383
0.14758582
0.94616026
0.5395095
0.6815914
0.059564766
0.4138195
0.81327784
0.9809948
0.76547766
0.8182952
0.7592135
0.4546329
0.41167304
0.6406621
0.46519557
0.69245976
0.81563205
0.7323376
0.8004231
0.87383986
0.11379597
0.339549
0.4316826
0.49322724
0.0146592315
0.86840785
0.60441375
0.945153
0.92130256
0.10152457
0.06762954
0.72689265
0.953166
0.81842726
0.18828022
0.5116916
0.2766733
0.051272646
0.4098228
0.6442927
0.18255292
0.34594366
0.37438515
0.6093722
0.07884832
0.5490517
0.5372448
0.12437895
0.6251523
0.10126886
0.08542201
0.036362395
0.81715494
0.7890059
0.91643065
0.29930186
0.40479326
0.35938033
0.41394064
0.9966104
0.94551224
0.22843409
0.51540023
0.3104265
0.6614506
0.37524
0.87386006
0.10214079
0.39110035
0.42981592
0.5540619
0.8435806
0.51658523
0.5405756
0.1571976
0.4369034
0.13911209
0.07436793
0.12944481
0.9207151
0.79109305
0.96265733
0.52841204
0.965982
0.7081343
0.6483534
0.35369685
0.5703803
0.352163
0.072920516
0.018155862
0.7910621
0.89421207
0.49842212
0.24764924
0.46518773
0.42086926
0.09695087
0.4619666
0.23036468
0.79599386
