0.0
0.0
16.151514
7.856258
10.663924
65.58207
3.9773755
64.79009
43.555
59.186947
487.73758
34.446613
9.974991
104.08489
23.39913
14.444157
23.784782
7.469687
14.813134
122.506226
29.55851
1.1974866
9.551752
152.16003
17.63112
3.096972
30.697649
50.071434
93.04103
2.8599522
10.920195
3.1389942
15.910702
3.0639586
27.801579
27.190367
1.6988653
1.1892055
3.4826744
4.577689
14.869095
61.307156
3.4933896
37.488567
5.7351303
42.840214
44.841583
4.007395
2.8624249
6.366269
22.314316
0.9297629
36.260773
6.5083404
59.504868
19.980614
7.030569
18.527452
70.1428
4.228293
0.0
10.282853
0.7249301
0.7249301
1.4498602
29.975378
9.99052
111.063126
0.0
0.0
43.475166
80.27976
6.5955124
46.932
12.783471
0.97369146
17.884264
23.194391
19.20787
24.74532
3.949466
0.11430511
0.914441
0.11430511
0.11430511
52.464546
116.921974
0.5861568
16.998547
34.45089
0.5521218
1.3803046
0.2760609
19.87197
0.4579559
0.4579559
0.0
1.8318235
5.495472
1.1448897
3.663647
2.2128506
14.253934
20.57898
2.5552247
7.665675
2.5616446
0.01283972
69.06766
33.34812
2.0097227
0.0693008
40.355103
0.24174458
0.72523373
0.48348916
0.24174458
0.24174458
0.24174458
3.3522046
4.661242
77.859024
0.7944659
2.3833976
23.039513
7.4458437
84.98492
45.880394
2.9706082
10.0171585
0.0
26.795792
8.391837
1.6595206
5.037936
17.478662
0.056181066
16.428
11.624673
12.195017
0.56596255
10.23762
41.65438
0.0
0.7860332
0.043668516
17.31141
0.0
0.8887032
17.447529
68.44255
13.045513
0.3624931
22.073753
7.8530626
1.1218659
15.68008
4.1035213
0.58621734
0.58621734
12.1227
3.107342
6.9915195
6.214684
2.3305066
53.390045
0.0
5.4140825
1.8046942
0.0
53.851868
59.459297
177.81567
0.5217632
0.5217632
20.348759
11.715273
53.3174
9.689697
49.302628
2.4129367
51.662266
0.0
0.0
0.4290089
0.0
10.126974
0.8411638
0.28038794
0.5607759
3.3014414
3.695264
4.0842395
0.9724381
0.19448762
0.19448762
2.9134614
0.32350388
5.4995666
0.32350388
6.5087194
3.9905725
20.617962
9.477334
10.973523
0.91446036
0.91446036
5.486762
9.144603
0.91446036
1.8289207
0.91446036
0.91446036
0.0
12.468011
0.4480274
0.05600343
0.11200686
0.0
0.0
0.5600343
0.22401372
1.0640653
0.7280446
0.05600343
1.400086
0.28001714
0.33602056
0.0
0.33602056
3.6076994
2.9765475
0.12941512
0.12941512
0.25883025
10.987671
21.570442
1.7271727
0.57572424
2.333181
0.24227215
0.060568042
0.060568042
0.36128533
0.45107594
0.15035865
2.7741919
0.3103939
4.655908
0.0
3.6562047
0.0
0.70141184
20.006132
27.331888
0.45817983
0.3665439
0.27490792
19.04429
2.264528
3.0193708
0.0
8.303269
0.37742135
9.982152
4.047521
0.3113478
0.9340434
9.340436
4.358869
0.0
0.0
2.1794348
0.0
17.435482
2.1794348
0.6226956
0.0
0.0
23.662441
0.0
12.597873
1.0780016
3.7730055
3.2340047
0.0
0.5390008
0.5390008
0.5390008
41.950294
13.9744425
2.395618
1.197809
0.39926967
1.9963484
3.9926963
0.39926967
0.79853934
0.0
0.0
0.39926967
5.190505
1.197809
15.088095
1.0448613
170.18733
1.3485962
69.60784
0.45848858
153.1945
141.42305
129.72142
36.104244
0.9532254
36.7454
1.9651891
88.08488
0.48683375
95.97515
2.8434467
11.48126
0.0
0.66304576
9.282641
16.576145
7.95655
5.3043666
8.619596
3.9782748
0.66304576
3.4003768
0.0
1.8248874
28.119495
30.442022
9.271417
0.2285971
0.2285971
46.162006
9.546635
19.450975
0.8296386
1.6592772
1.244458
6.453674
58.15581
6.2961345
16.527353
0.7870168
1.5740336
8.657185
3.6704
1.7968853
0.0
0.29948086
4.4794583
0.3711622
0.0
0.0
0.0
0.0
0.1855811
0.5567433
2.5981357
1.4846488
2.5981357
0.9279055
0.1855811
0.1855811
0.0
31.136963
2.1115725
0.0
1.5836794
0.5278931
23.322144
0.0
0.0
0.0
0.0
1.2823256
0.6411628
41.090252
0.97191787
0.0
2.9157536
10.691098
0.97191787
0.0
0.0
0.97191787
0.0
0.97191787
0.0
19.335602
0.0
0.3751136
2.2613893
0.06424625
0.12849249
0.010707709
0.0
7.879025
4.3118005
17.462294
18.025604
23.896278
0.34596905
0.6919381
2.0758142
0.34596905
8.353546
0.5014255
1.5042765
2.005702
1.002851
4.51283
0.5014255
0.0
0.0
0.0
0.0
3.5099785
2.1597042
44.064583
9.53615
5.0457654
0.0
4.2048044
4.2048044
0.0
98.43948
0.0
5.142568
0.0
0.8570947
0.8570947
0.8570947
6.8567576
6.8567576
0.8570947
0.0
0.8570947
1.3819509
2.0994244
0.5248561
7.8728414
0.5248561
7.889832
0.97715986
0.97715986
0.0
0.97715986
8.794439
3.9086394
4.8857994
436.18295
2.9819381
0.0
2.2364535
2.9819381
2.325601
2.503896
0.0
9.77519
0.0
7.4823933
0.6235328
7.0177736
0.0
0.0
0.88434815
0.88434815
0.0
0.0
0.88434815
0.0
0.0
7.0747843
0.88434815
0.88434815
0.0
0.0
0.0
0.0
0.88434815
0.0
3.5373926
4.4217405
0.88434815
0.0
0.88434815
2.2138562
1.3354794
2.670959
0.0
0.8903196
0.8903196
6.2322383
0.0
3.4591587
0.98668754
0.0
0.24667189
0.0
0.0
0.24667189
0.0
0.24667189
0.0
0.7400156
0.0
0.98668754
0.0
0.0
0.24667189
0.0
0.0
0.24667189
0.24667189
1.2333595
0.24667189
0.24667189
0.0
0.24667189
0.0
0.24667189
0.24667189
0.24667189
1.7267033
0.24667189
0.24667189
0.0
0.98668754
0.0
1.2333595
0.0
0.0
0.49334377
0.24667189
0.7400156
1.7267033
0.24667189
0.49334377
5.920124
42.397766
0.24043357
0.24043357
0.9617343
0.24043357
0.24043357
0.48086715
5.2895403
1.4426014
0.7213007
74.467445
0.8808931
0.8808931
3.5235724
6.093192
3.0465958
0.76164895
0.5058687
7.588032
0.5058687
0.0
1.0117373
0.5058687
0.5058687
2.3624475
0.8448414
4.224207
0.8448414
4.224207
2.5345242
0.8448414
0.8448414
0.8448414
3.3793657
16.95586
0.0
4.903153
3.74947
0.72105205
0.1819761
0.24547695
0.33989117
0.41542253
0.0
0.15106274
0.94076747
11.062615
0.9218846
0.9218846
1.8437692
0.9218846
1.8437692
0.9218846
0.9218846
102.829994
1.2111591
0.13457325
0.0
1.0765859
0.13457325
0.50510097
0.0
0.5557916
0.0
0.18526387
0.0
0.18526387
0.37052774
1.8526387
10.968729
0.38910437
0.0
4.280148
0.0
5.447461
0.38910437
0.0
0.0
0.77820873
1.6334076
26.511152
0.0
0.8551988
0.0
0.0
0.0
0.8551988
41.933872
99.90941
30.947077
5.3381596
8.476918
0.028379587
22.663301
3.6210093
1.8105047
2.715757
41.64159
14.78449
12.831572
14.5554
26.089033
1.6076503
20.022652
65.66569
1.8077563
1.0979692
1.0979692
0.5489846
0.5489846
0.0
0.5489846
3.2939074
6.91911
0.0
0.84241074
0.84241074
33.406574
1.4617529
0.7870978
0.22488509
2.1364079
0.22488509
0.112442546
0.0
0.0
0.112442546
0.5622127
1.7990804
0.112442546
0.112442546
0.22488509
0.112442546
0.33732763
0.0
0.0
0.33732763
0.112442546
0.22488509
0.0
31.597988
0.0
2.2238011
32.36985
2.8181593
20.971874
2.1438472
0.71461576
0.0
84.32458
4.2876945
56.912872
1.3202779
0.96020216
0.0
0.48010108
0.0
0.12002527
47.64822
23.52043
38.99735
105.1881
34.62122
0.51378614
27.702265
0.25133368
4.77534
1.0053347
0.0
5.780675
0.25133368
0.25133368
0.25133368
1.0053347
0.25133368
0.25133368
174.93799
0.9960658
3.9842632
5.9763947
1.9921316
13.487707
0.98328364
0.19665673
6.6863284
0.19665673
2.7039864
6.3899355
0.7370175
0.7370175
2.94807
125.99442
4.3484187
0.0
0.0
0.0
65.76097
0.0
0.6920613
1.3841226
0.0
0.0
0.6920613
29.157793
0.0
0.3249687
0.3249687
0.3249687
0.6499374
0.3249687
0.0
0.0
0.6499374
27.28779
0.23116888
2.8128316
27.616474
42.022457
8.981679
0.0
380.49466
0.9739469
1.9478939
91.58108
2.37082
2.2008147
0.70527065
0.23509023
0.23509023
0.47018045
0.23509023
0.0
0.0
0.0
0.47018045
6.862237
7.7200165
0.85777974
159.34398
0.3436796
0.6873592
4.1241555
56.26127
128.93721
0.0
13.459098
0.65654117
0.0
5.90887
20.94161
4.551045
3.7925375
10.946397
0.6263161
1.2526321
3.7578964
2.5052643
3.7578964
3.7578964
29.20198
0.0
0.6284015
2.513606
0.0
26.058134
2.626124
2.626124
156.65994
1.3535808
0.9023872
13.084619
0.0
0.9023872
0.21833402
3.4933436
0.21833402
2.3453462
2.430096
0.32401282
85.254486
145.03197
2.3703651
0.0
0.0
2.3703651
9.481461
2.3703651
0.0
0.0
0.79012173
20.543163
3.160487
23.607048
0.0
1.2981917
18.620064
27.163948
0.9347214
40.522747
0.8962282
0.0
0.8962282
4.460306
0.0
2.6838748
1.3419374
26.167786
10.735499
54.792366
1.8230779
70.915115
0.0
0.0
2.6468434
1.628827
3.2576532
0.68950146
1.1491691
0.0
44.203644
0.0
0.9558779
0.0
10.514657
14.522906
1.1958352
0.5877832
3.9366727
0.78733456
0.0
0.78733456
1.5746691
0.0
26.430698
0.15367496
0.0
1.0757247
0.46102488
0.0
1.0757247
0.46102488
0.15367496
0.3811264
0.3811264
0.3811264
0.3811264
0.3811264
0.0
0.0
2.2867584
9.9092865
0.3811264
3.811264
17.97563
4.1127806
0.0
1.6451122
0.8225561
77.29747
0.82767886
0.0
3.7245545
3.7245545
4.9660726
0.82767886
12.623049
8.07271
2.6909032
6.2787747
5.860139
1.9133272
0.4783318
8.131639
0.4783318
4.7833176
3.881189
75.58188
0.15269254
0.15269254
0.0
1.0040221
0.196626
8.958458
0.0
0.0
1.9669698
0.9834849
17.70273
0.0
21.636667
0.0
13.499388
0.67182106
0.0
0.33591053
34.0506
0.0
7.30226
4.9051433
0.0
55.069576
5.8098483
6.240207
1.7214366
1.9366162
0.21517958
0.0
0.0
7.3161044
0.0
9.03754
0.64553875
0.0
2.5821552
9.207615
10.14627
1.9497353
1.9497353
2.599647
0.64991176
0.0
10.398589
3.249559
1.2998235
8.799939
42.625214
0.0
1.6485658
29.674192
6.0228376
0.5198554
0.0
53.66822
0.0
0.97162
11.062993
21.072388
0.36262077
2.5383456
2.1757247
9.153397
0.56537735
157.43787
0.0
0.0476063
0.0
0.0476063
144.14307
24.624445
0.0
107.236336
0.0
4.644769
0.6193023
9.2895355
0.15482557
0.15482557
2.786861
1.8579068
0.77412784
72.41659
0.0
4.625962
25.134495
1.6053314
1.6053314
1.8728867
6.1537704
0.0
0.0
0.26755524
0.26755524
0.5467582
0.06980074
0.0
0.06980074
0.97721034
0.6282067
2.8618317
0.8871418
0.0
5.3228507
6.2099924
69.22172
0.0
14.806477
29.4327
4.462499
18.563288
3.7989004
0.0
31.742208
0.7258513
0.7258513
0.12097522
5.9277835
1.8517517
0.6206885
0.2660094
0.029556597
1.1475608
0.17562413
0.35124826
0.5268724
21.296701
22.940258
1.9948062
0.0
0.0
120.69853
0.0
0.0
0.8954685
1.790937
0.8954685
1.790937
91.74309
4.6062393
4.6052527
0.39772043
0.28408602
0.11363441
0.17045161
0.0
0.056817204
0.056817204
0.056817204
0.0
6.143252
52.51257
0.0
0.0
1.150634
0.46025363
1.150634
0.23012681
0.92050725
0.46025363
1.150634
0.92050725
1.8410146
0.46025363
0.23012681
1.8410146
0.46025363
0.0
0.0
0.46025363
0.46025363
2.3012683
0.23012681
80.205414
227.17236
5.703604
0.7027468
0.3513734
5.2706003
4.347015
0.9437006
2.831102
1.8874012
0.9437006
0.9437006
0.9437006
0.9437006
22.267534
0.22341055
1.3404634
2.1929734
0.03164475
0.0
0.0
0.0
0.0
0.03164475
0.0
0.0
0.0
0.6328951
1.1708558
0.0632895
7.6144876
3.069541
32.4461
0.895628
0.0
28.103168
237.58916
2.000259
67.36899
0.0
18.975615
0.2782516
0.18550105
0.0
0.18550105
15.337372
12.801322
6.400661
1.8287604
0.9143802
2.7431407
0.9143802
0.0
7.1243453
272.30548
0.0
0.0
0.5264159
0.26320794
0.22140908
0.11070454
0.05535227
0.11070454
1.3284543
0.05535227
0.0
0.0
2.1587374
0.7195795
334.7993
31.491266
2.035709
17.359991
0.8472745
0.42363724
0.42363724
0.42363724
0.42363724
0.42363724
0.42363724
0.42363724
0.42363724
4.236372
0.42363724
0.42363724
2.9654605
3.8127348
41.889248
25.648897
0.0
2.0551841
1.3701228
0.6850614
2.7402456
0.0
0.0
18.773586
0.06923314
0.34616572
0.62309825
0.20769942
0.27693257
0.13846628
11.756794
11.765531
7.1127253
6.9992676
24.315722
0.44735712
0.44735712
11.631286
0.44735712
0.44735712
81.62912
14.951854
0.660648
0.165162
0.330324
24.96901
0.44983184
0.0
0.0
0.37284836
0.0
62.576313
0.0
0.69604206
0.69604206
0.69604206
0.69604206
0.69604206
7.6564627
0.69604206
4.552105
0.08213265
0.08213265
1.149857
2.7958276
6.3392982
85.793755
4.9976974
0.8329495
0.8329495
0.0
24.824364
5.5948515
2.5147626
1.005905
5.0295253
4.02362
44.305553
10.966666
0.0
0.0
0.0
1.0444443
26.63334
0.52222216
0.52222216
0.6729675
0.6729675
0.6729675
27.749676
1.1255988
4.502395
1.1255988
0.0
0.5627994
0.0
0.0
29.617706
0.22615172
0.22615172
0.0
0.45230344
0.22615172
0.22615172
0.22615172
0.22615172
0.22615172
0.0
17.656828
76.54585
2.1029701
5.2574253
4.2059402
0.0
10.514851
14.186626
32.2302
0.0
0.0
0.0
1.2379302
2.6306016
0.54159445
9.07034
0.3187451
0.3187451
2.868706
24.224606
0.3187451
1.5937256
0.0
0.9562353
0.3187451
0.3187451
0.3187451
139.1408
2.0993574
0.0
0.8392079
0.20980197
0.41960394
0.41960394
0.20980197
0.20980197
0.20980197
1.2588117
1.5812378
0.26611403
0.53222805
88.668465
3.8182957
0.0
7.6365914
0.0
0.63638264
0.63638264
3.8182957
0.63638264
1.2727653
1.909148
0.0
3.8182957
0.63638264
1.2727653
0.43621245
35.824867
4.4938045
0.19947787
0.9790827
2.900635
1.740381
1.160254
2.320508
1.160254
1.160254
0.580127
1.740381
0.0
0.0
1.160254
52.504154
0.22498085
35.682095
4.090392
1.0907716
0.40903932
2.7269285
62.254677
13.100365
1.929432
11.682011
0.38981384
1.5592554
0.0
0.0
2.728697
0.38981384
15.592546
10.84081
0.2633733
0.2633733
0.0
0.0
1.0534931
154.96484
3.464817
0.86620426
28.584728
12.12686
0.86620426
29.495514
20.77767
9.217951
2.168929
20.062601
10.642034
21.582512
0.51729447
1.1640048
0.0
20.694725
0.6467103
1.2934206
2.586841
5.820393
79.9339
0.0
0.4499843
0.4499843
0.4499843
1.3499529
1.3499529
0.0
1.3499529
0.4499843
0.4499843
0.8999686
1.3499529
0.4499843
0.4499843
0.4499843
0.4499843
0.0
0.0
0.0
0.0
5.8497972
0.0
0.0
18.44936
5.3998127
0.45227486
0.22613743
1.8090993
22.93272
0.0
0.42101064
0.8420213
98.53422
1.2561913
0.8374609
0.41873044
0.41873044
0.41873044
1.0725317
0.0
0.6538013
0.0
0.6538013
5.8842125
0.6538013
26.805845
13.076025
1.961404
1.3076026
0.6538013
1.961404
4.5766096
0.6538013
0.6538013
0.6538013
1.961404
0.6538013
0.0
0.6538013
0.6538013
0.6538013
3.2690067
0.6538013
0.6538013
0.6538013
0.6538013
31.382452
16.852938
0.0
4.646828
13.940484
6.3893886
11.61707
4.0659747
76.21761
37.91677
0.086407885
15.895617
1.9578172
0.0
0.0
0.0
0.0
0.0
43.072643
0.9789289
25.452156
48.35353
0.0
0.0
0.0
46.567574
0.31890103
20.409666
0.0
0.0
65.05009
0.22313166
0.22313166
2.2313166
104.66828
8.316804
1.3608315
0.63301486
2.5320592
2.0045462
0.10550248
0.15825371
1.5352417
2.9789472
23.720045
0.3537794
0.0
0.1768897
2.8302348
0.1768897
0.1768897
0.0
0.0
0.1768897
0.1768897
0.1768897
0.0
0.1768897
0.5306691
43.362694
50.05448
0.061129935
0.24451974
7.169982
1.2506069
0.31265172
0.31265172
0.62530345
3.4391687
0.0
0.0
0.0
0.62530345
0.62530345
0.31265172
10.412476
6.56087
0.40579382
0.081158765
0.081158765
44.822254
0.63837063
0.0
0.63837063
0.63837063
17.874376
3.1802146
318.2629
21.31101
0.50740516
46.603157
12.319669
5.2927427
69.68774
0.0
0.0
0.88212377
0.88212377
2.6463714
0.88212377
0.0
0.0
1.7977391
0.28172782
3.3100126
0.0
0.08973463
0.2692039
0.35893852
15.420181
0.6934095
0.0
0.34670475
0.34670475
0.34670475
0.0
0.34670475
0.34670475
0.0
0.34670475
4.507162
42.53688
0.65604395
66.91648
0.0
3.2802198
0.65604395
8.528571
0.65604395
0.65604395
19.681318
0.0
74.78901
0.0
19.025274
0.0
0.0
1.9681318
0.0
2.5440931
0.6360233
10.176374
2.5440931
6.3602333
1.9080698
1.2720466
228.45218
0.25989765
3.1187723
0.25989765
14.1730995
12.792801
52.30355
106.150764
0.80941427
0.80941427
0.0
3.237657
0.80941427
35.692123
15.354415
30.869513
0.0
0.9123839
0.9123839
0.45619196
6.789426
0.0
1.438433
4.315299
2.607923
0.0
0.9443532
0.9443532
0.9443532
0.9443532
2.8330598
33.99672
0.0
1.8887064
0.9443532
0.9443532
45.32898
1.8887064
4.721766
17.94271
0.0
0.0
0.9443532
0.9443532
0.0
1.8887064
0.0
0.9443532
0.9443532
0.0
8.499179
0.9443532
0.9443532
47.70511
3.7588747
0.6264791
1.7251151
0.549318
0.549318
21.209068
4.314344
0.0
15.531641
0.8628688
0.0
0.0
6.9029503
1.7257376
0.8628688
1.7257376
2.5886064
0.0
3.4514751
1.7257376
0.8628688
1.7257376
7.765819
0.8628688
0.8628688
5.1772127
21.571726
1.7257376
1.7257376
15.782204
0.8785294
1.7570587
0.29284313
0.29284313
1.1713725
6.362325
0.070546225
0.070546225
12.699272
88.453384
0.0
0.41221628
0.41221628
8.786001
0.438789
3.7297075
0.10969725
0.65818346
0.10969725
0.9872751
0.10969725
0.10969725
0.54848623
0.10969725
0.65818346
8.534763
0.0
0.49207065
0.688899
0.049207065
0.688899
0.049207065
0.049207065
0.049207065
0.0
0.0
0.049207065
1.2698706
3.4703286
0.077118434
1.3881317
3.2389734
4.241513
0.077118434
0.077118434
0.6940659
0.23135531
0.077118434
0.077118434
0.6940659
0.4627106
0.077118434
0.6169475
0.077118434
0.539829
0.23135531
15.685398
8.703785
0.0
8.599901
0.0
0.32018104
7.364163
0.32018104
33.38961
8.578539
1.0723175
2.6807938
0.53615874
1.0723175
19.516754
0.38257173
0.76514345
1.5302869
10.329439
37.10949
0.0
25.632326
0.38257173
0.0
53.573242
0.5733572
0.0
0.5733572
0.0
0.5733572
4.5868573
0.0
0.0
3.440143
1.1467144
32.68135
0.5733572
0.5733572
0.0
0.0
0.0
6.3069286
1.1467144
0.0
17.774076
0.0
14.907291
13.767328
6.108106
0.550027
0.0
30.224072
15.248065
0.0
0.0
14.4856615
0.7624031
1.5248061
0.7624031
6.0992246
87.209045
1.9505348
0.9752674
42.862213
3.991384
25.8867
44.03987
0.0
4.15642
0.0
0.0
0.0
37.407764
2.9094942
4.4302607
18.629395
0.0
0.38019162
0.38019162
0.76038325
0.76038325
0.76038325
1.1405749
0.937144
1.6708572
1.6708572
0.27847618
32.262413
9.118936
9.497937
23.802837
0.5538086
1.1076173
0.5538086
0.0
0.0
0.5538086
0.5538086
0.5538086
23.063799
6.070157
0.37938476
0.0
0.0
0.37938476
0.37938476
0.0
8.1109705
0.97244364
7.779549
0.97244364
2.917331
0.97244364
0.0
1.9448873
0.97244364
0.0
5.834662
0.97244364
1.9448873
17.688618
2.2998075
0.7666025
0.7666025
3.8330126
0.7666025
6.8994226
25.29787
2.2998075
0.0
0.0
9.965833
0.0
0.7666025
0.7666025
0.7666025
0.0
38.201923
3.811647
1.9058235
34.304813
0.95291173
0.95291173
31.166626
4.2415285
0.0
0.8483057
0.8483057
33.641197
0.5652942
0.0
3.3917654
0.5652942
0.5652942
0.5652942
0.0
0.0
0.5652942
0.5652942
0.5652942
5.087648
0.5652942
0.0
0.5652942
1.6958826
0.5652942
1.1305884
18.654709
0.5652942
0.5652942
11.305884
63.31285
0.0
0.5652942
118.52897
1.2820728
3.205182
14.454929
0.3560729
0.7121458
2.4925103
0.3560729
0.3560729
5.3410935
0.3560729
0.3560729
0.3560729
2.4925103
0.0
4.6289477
0.3560729
0.3560729
1.7803645
0.3560729
0.0
1.0682187
0.7121458
0.7121458
1.4242916
3.4879794
8.812736
0.0
0.0
10.005094
1.03501
0.0
0.0
0.34500334
0.0
0.0
0.34500334
0.34500334
0.34500334
1.7250167
10.6951
0.0
4.485043
3.10503
6.2100587
10.6951
0.6900067
0.0
0.0
0.0
115.627174
0.0
0.0
0.64323413
3.859405
8.761588
0.20628853
0.41257706
9.695557
0.41257706
5.982366
0.0
1.4440198
11.552152
3.5069056
0.0
0.20628853
0.20628853
5.310784
19.218864
13.252959
2.4849296
0.82830983
2.4849296
0.82830983
72.89119
0.0
0.0
0.82830983
33.247604
0.9855624
62.090412
0.0
0.9855624
0.0
0.0
0.9855624
47.301346
19.725594
2.191733
2.191733
0.73057765
7.3057756
0.73057765
9.497508
0.73057765
1.4611553
0.73057765
0.73057765
0.73057765
0.0
0.73057765
0.73057765
0.73057765
0.73057765
0.73057765
0.73057765
0.6739457
0.33697286
0.33697286
0.33697286
7.413402
0.33697286
0.33697286
0.6739457
2.6957831
1.6848643
0.0
0.33697286
2.0218372
0.6739457
0.0
0.6739457
0.33697286
0.0
0.013438344
0.0
0.040315032
0.053753376
0.013438344
0.18813682
0.013438344
0.040315032
0.0
0.013438344
0.013438344
0.013438344
0.053753376
0.0
0.053753376
60.081287
2.8178415
0.8623016
21.655684
0.0
1.2994615
1.7326154
9.797069
0.9031546
6.3220816
70.38261
0.0
0.0
0.0
0.0
0.2757486
0.0
0.0
0.0
0.8049753
0.8049753
1.6099505
8.049754
20.24891
0.34689477
0.34689477
2.0813687
0.34689477
0.34689477
2.7751582
2.4282634
7.640482
0.045875385
0.2752523
0.09175077
0.3211277
0.0
1.0092583
0.045875385
0.0
4.1147223
0.28702036
0.28702036
1.5786121
0.0
0.0
0.5740407
8.966692
0.87487364
1.1664982
0.29162455
2.0413718
11.373352
3.9322453
2.1637557
2.4883187
52.790554
4.596909
74.69383
0.82095385
0.0
0.0
0.0
2.4628615
0.82095385
2.4628615
2.4628615
27.555
3.0675867
0.3834483
0.3834483
40.15765
3.6151564
43.63669
0.4784534
0.0
0.4784534
1.4353602
0.0
0.9569068
0.9569068
0.4784534
11.004432
23.673761
0.07340653
0.07340653
0.07340653
0.14681306
0.07340653
0.0
1.1362312
1.4170995
0.0
0.35427487
14.525266
0.0
0.0
7.100893
8.767499
0.5451902
0.0
0.36346012
0.18173006
0.0
0.0
0.18173006
0.5451902
20.252522
1.8071764
5.665163
6.590581
0.22726135
15.5425415
0.99780697
16.962715
2.9934208
2.9934208
0.99780697
0.99780697
1.9956139
0.99780697
0.99780697
2.9934208
0.0
60.866203
0.99780697
2.9934208
0.99780697
0.99780697
0.99780697
4.9890347
11.973682
2.9934208
0.0
2.9934208
3.9912279
2.9934208
0.99780697
1.9956139
0.99780697
0.0
0.99780697
0.99780697
0.0
13.926769
0.0
0.0
29.613688
9.711097
0.0
0.22987315
0.22987315
0.6896194
4.993894
0.45070124
4.9577136
0.45070124
0.45070124
0.0
0.45070124
0.45070124
6.7605186
1.3521037
15.323835
15.042536
3.0142565
0.7535641
85.95786
21.563448
23.065794
11.442924
28.779926
9.335664
0.18275571
11.513024
105.60308
0.032112602
0.96960646
86.73671
10.765159
2.3068194
0.7689398
0.0
0.0
6.151519
0.0
0.0
20.98452
0.6597813
13.31754
12.657759
0.0
3.452116
13.92705
95.03445
15.899718
36.219105
0.40497833
0.40497833
0.40497833
0.40497833
0.0
13.354852
0.23025605
0.23025605
0.23025605
0.23025605
0.4605121
0.23025605
0.0
7.270453
0.0
14.232648
0.0
9.488431
2.3721068
1.1860535
0.0
0.29651338
0.59302676
1.4825668
0.29651338
0.0
5.0407276
1.7790802
1.1860535
0.29651338
4.151187
75.175
0.11295968
0.11295968
0.22591937
1.0166371
0.22591937
0.22591937
91.01023
39.31236
49.414455
0.5474114
0.5474114
0.5474114
0.0
0.5474114
0.0
2.1896455
3.8318799
0.5474114
1.6422341
0.7279972
0.7279972
0.7279972
0.7279972
2.1839914
0.7279972
2.1839914
1.4559944
1.4559944
2.1839914
1.4559944
2.1839914
8.292343
78.36737
2.077059
1.384706
114.91197
0.0
84.81215
0.0
0.6569453
0.6569453
11.82502
0.0
0.32847264
0.32847264
0.32847264
0.32847264
3.4367094
0.0
2.4865892
0.0
3.1082366
4.351531
0.6216473
0.0
2.4865892
0.0
0.0
1.2432946
0.0
0.6216473
1.2432946
0.6216473
0.6216473
0.6216473
30.572805
4.2190394
0.0
0.7031733
1.05476
0.35158664
0.0
2.0408227
9.363547
27.855427
1.4509141
7.87664
16.73786
126.71629
0.93240625
28.543276
1.2325631
0.35216087
0.17608044
26.277395
7.0017776
0.0
1.0771967
12.249548
0.27658153
19.63729
0.27658153
0.0
14.300728
0.0
0.0
10.923702
0.44792393
0.44792393
0.89584786
0.44792393
0.44792393
1.7916957
0.44792393
0.44792393
0.44792393
0.0
17.082418
0.2850556
0.0
0.1425278
0.2850556
0.2850556
0.1425278
0.1425278
0.2850556
3.6241632
0.0
0.0
30.80538
101.66221
0.092392996
0.061595332
0.18478599
0.123190664
14.047387
4.1440673
0.5920096
0.5920096
0.0
0.0
0.0
0.0
0.5920096
0.0
0.0
6.5121055
0.5920096
1.1840192
0.0
0.0
0.0
1.1840192
1.1840192
26.360548
0.0
1.6178813
0.80894065
0.80894065
31.51276
0.42526567
0.42526567
0.42526567
2.5515943
0.42526567
0.42526567
0.42526567
0.42526567
0.42526567
0.42526567
0.85053134
17.861156
0.42526567
0.42526567
0.42526567
12.305917
0.35777938
2.1466763
0.35777938
0.35777938
0.35777938
1.4311175
0.35777938
0.35777938
0.35777938
0.35777938
1.4311175
0.0
1.0733382
0.0
0.35777938
27.418144
95.866776
70.69643
1.8642559
32.624493
0.93212795
5.5927677
0.0
6.5248957
7.4570236
2.7963839
0.0
0.0
205.15236
0.0
0.51553136
10.82616
0.51553136
0.0
0.51553136
0.51553136
3.093188
0.51553136
0.51553136
1.0310627
19.947239
0.8125068
0.0
2.4375205
0.0
17.470387
1.9083847
39.17783
0.36217743
16.66017
34.13889
6.7588673
5.719042
35.35407
4.1593037
0.51991296
0.51991296
0.51991296
0.51991296
22.876162
2.5995648
2.0796518
0.51991296
0.51991296
0.51991296
0.51991296
2.5995648
3.6393907
0.0
0.51991296
1.0398259
0.51991296
0.51991296
0.51991296
1.0398259
0.0
0.0
0.51991296
24.638535
0.52462494
0.52462494
0.52462494
0.0
0.52462494
13.188386
44.49569
0.31539744
3.4693723
2.2077823
24.698906
69.96067
10.085182
58.8302
21.851227
1.6808637
4.2021594
0.0
0.0
10.085182
0.84043187
63.376762
1.627406
24.760193
67.12437
0.2504451
0.2504451
0.2504451
28.629738
498.0847
17.463644
3.0279148
2.4223318
3.0279148
0.60558295
0.0
4.2390804
0.60558295
1.2111659
0.0
56.12019
0.3200931
9.609643
0.0
0.0
0.8590542
0.8590542
1.7181084
0.8590542
51.54327
1.7181084
10.308651
0.0
0.0
0.0
0.0
8.079548
2.7844903
3.9156904
16.686575
4.1057367
0.63165176
2.2107813
2.8424332
0.0
0.0
0.0
0.31582588
0.0
1.9472337
0.025895378
0.025895378
0.3625353
0.18126763
0.025895378
0.18126763
0.75096583
7.86509
2.7072291
1.0828917
0.54144585
11.911807
35.789494
37.399143
19.512592
6.5041995
0.0
55.86979
0.5718735
0.0
1.7156205
0.5718735
0.5718735
0.0
1.18199
0.590995
0.590995
0.590995
0.590995
0.590995
0.590995
0.590995
0.590995
0.590995
0.590995
0.1552343
0.1552343
0.0
0.1552343
1.0866402
6.0541387
2.7942178
0.1552343
0.1552343
0.0
101.74594
0.0
50.317997
39.67127
18.850948
0.38784128
18.156157
91.05406
1.6552339
45.08446
0.4900745
0.980149
0.980149
0.4900745
2.9404469
0.0
99.52556
0.8106512
0.0
0.0
0.8106512
10.538465
0.8106512
48.005116
0.071236774
0.49865746
4.4356723
0.0
0.0
1.0619012
0.0
0.17698354
2.3007863
0.17698354
0.0
38.486263
4.267498
258.12036
13.9116955
9.304046
6.6711693
6.427018
70.62702
8.532129
3.3180504
20.500212
20.843733
11.771406
58.072224
81.09689
7.857762
60.594177
43.22974
24.995678
0.13145827
2.3662488
30.050285
2.5996425
0.22108732
0.0
2.8741348
0.0
56.35147
0.0
0.27673838
0.13836919
0.13836919
0.13836919
2.9057524
0.0
0.27673838
0.13836919
0.13836919
1.3836919
0.13836919
0.0
4.5661817
1.0950559
0.81831753
1.6366351
0.81831753
0.0
2.4549527
0.81831753
0.0
0.81831753
13.09308
2.4549527
0.81831753
23.329044
0.8391252
0.0
0.0
32.72588
0.0
10.319926
1.5217888
0.019263152
0.019263152
0.0
0.0
0.13484205
0.019263152
0.0
0.019263152
0.0
0.09631576
0.038526304
0.019263152
0.44305244
0.019263152
0.057789456
0.0
0.019263152
0.55863136
0.019263152
0.019263152
9.72002
0.54570407
0.54570407
0.54570407
0.54570407
0.6469344
29.758986
23.038282
0.72914815
0.0
16.411558
0.7908646
2.3725939
0.0
0.7908646
0.4729069
0.4729069
0.4729069
0.4729069
1.8916276
1.8916276
1.4187207
85.45328
9.1597805
10.991736
3.6639123
0.0
0.0
4.885216
0.0
0.0
4.885216
0.0
0.0
5.495868
0.6106521
9.770432
0.0
0.0
1.6937485
0.54154813
0.0
0.0
5.2260127
0.0
0.3114267
0.0
3.4256933
0.0
0.6228534
0.3114267
5.60568
0.0
0.0
13.391355
0.3114267
0.3114267
0.0
0.3114267
0.3114267
0.0
0.0
1.8685601
12.145646
36.65606
4.9168987
3.5120707
0.70241416
0.0
0.0
14.7507
3.5120707
9.833798
0.70241416
31.538675
0.0
0.29904294
0.4485644
0.14952147
0.14952147
0.14952147
0.14952147
0.14952147
7.5345306
1.4852197
0.74260986
0.0
11.881759
3.7130494
0.74260986
2.2278295
73.10643
4.5575266
0.9115053
3.6460211
4.5575266
0.9115053
1.8230106
5.469032
2.734516
0.9115053
0.9115053
0.9115053
181.8258
55.373726
0.0
0.0
2.6197004
0.43661675
0.0
0.0
0.43661675
0.8732335
0.43661675
0.43661675
12.225271
0.43661675
2.1830838
1.3098502
0.43661675
0.43661675
6.1126347
0.43661675
0.43661675
0.43661675
0.43661675
0.43661675
0.43661675
0.43661675
0.0
0.8732335
0.43661675
12.661888
1.746467
0.0
2.7434845
6.17284
1.3717422
2.0576134
2.0576134
4.1152267
16.023888
0.0
0.0
14.253438
7.752144
2.8189611
0.0
0.7047403
1.4094806
2.1142209
1.4094806
0.0
0.7047403
0.0
24.665916
1.4094806
13.390068
0.0
0.0
0.7047403
0.7047403
0.7047403
1.4094806
51.23671
3.2839053
0.0
19.703432
4.3785405
0.0
0.9911313
6.937919
85.29815
3.3216343
0.0
0.0
0.3019668
0.3019668
0.0
3.0196676
6.689357
0.15674461
2.03768
2.9781482
0.15674461
4.894683
0.48946828
0.0
0.0
0.48946828
22.44922
0.0
0.6081226
0.6081226
0.6081226
0.0
29.3264
0.44274166
0.0
97.285995
40.34794
1.4576292
0.48587638
0.48587638
159.72057
0.0
10.441284
1.3921711
4.8725986
0.0
4.176513
0.0
0.6960856
30.627756
0.6960856
11.999368
0.0
0.028447103
0.021335326
0.064005986
3.0366933
1.6273208
0.0
1.1391244
0.16273206
0.16273206
0.4881962
1.6273208
0.0
0.0
0.4881962
1.1391244
25.227987
6.6875424
4.776816
0.95536315
2.2923698
18.718096
23.546751
11.868738
0.7912492
41.65118
90.28743
0.042111155
0.042111155
0.042111155
0.0
1.8528908
0.08422231
0.12633346
4.758986
0.4379986
19.240953
0.7034481
0.10049258
0.0
27.937458
3.4180772
91.97744
32.328625
119.95296
0.65734404
0.0
27.25099
110.84816
41.24656
34.830418
11.915668
6.4161286
6.4161286
0.91658986
12.832257
6.4161286
12.832257
0.91658986
0.91658986
5.499539
0.0
9.165898
4.7274475
0.21974197
1.3184518
0.0
0.21974197
0.21974197
1.9776776
0.21974197
19.79789
43.15388
35.246716
0.0
19.843163
2.480396
1.240198
27.955408
2.1729994
0.0
0.0
0.72433317
0.0
0.0
0.0
1.4486663
0.72433317
12.96097
18.493692
0.78196263
1.5639253
0.78196263
3.1278505
0.78196263
0.0
0.0
13.24333
0.0
0.96494526
30.177784
0.5155322
3.7462974
2.6124163
12.082428
1.3062081
3.8791685
0.03907599
40.3302
0.052518286
0.26259142
1.9682679
0.23282987
0.077609956
2.8715699
0.0
0.0
0.15521991
0.077609956
0.38804978
0.0
0.0
0.38804978
0.77609956
0.62087965
0.6984896
1.1962473
0.0053496826
0.0053496826
0.0053496826
0.0053496826
0.026748413
0.0
0.0
0.010699365
0.016049048
0.04279746
0.0
0.0
0.016049048
0.010699365
0.08559491
0.0053496826
0.08024523
0.0053496826
0.010699365
0.0
0.0053496826
0.016049048
0.0053496826
0.0053496826
0.0053496826
0.0
0.02139873
0.0
0.0
0.010699365
0.0
10.706126
0.34225252
46.657455
1.6045533
0.08914185
0.53485113
8.533693
0.05186133
0.5186134
0.05186133
0.05186133
0.32254598
0.32254598
0.0
0.32254598
0.0
0.32254598
1.474678
0.23702464
0.0
0.35553694
0.11851232
0.0
0.11851232
0.11851232
0.11851232
9.362467
0.11851232
0.0
0.11851232
1.54066
0.82958627
0.11851232
13.242135
2.7504706
0.0
0.0
0.0
18.266611
2.8310614
0.94368714
1.8873743
0.94368714
1.8873743
0.94368714
0.94368714
18.873745
9.436872
9.436872
42.958614
14.117322
0.0
0.45471492
0.0
10.003727
1.8188597
0.45471492
5.9112935
3.6377196
0.0
3.6377196
0.45471492
0.45471492
0.0
0.45471492
0.45471492
1.6965417
9.9475
1.3958786
1.9908911
0.99544555
0.99544555
0.99544555
0.99544555
1.9908911
0.99544555
0.99544555
0.99544555
0.99544555
0.99544555
0.99544555
0.99544555
0.99544555
7.917341
0.57682455
10.959665
0.57682455
0.57682455
0.57682455
0.57682455
0.57682455
1.7304736
0.57682455
0.57682455
0.0
0.0
16.151083
1.7304736
0.57682455
0.57682455
3.4609475
0.0
0.57682455
0.0
1.1536491
1.1536491
0.57682455
1.7304736
1.7304736
0.0
21.3425
0.0
0.0
1.7304736
10.959665
0.57682455
54.798306
1.1536491
4.614597
0.57682455
5.1914215
0.57682455
0.57682455
0.0
0.0
0.57682455
1.1536491
1.7304736
1.1536491
1.1536491
1.1536491
0.57682455
39.800877
8.075544
45.56912
0.57682455
1.1536491
1.1536491
1.7304736
0.57682455
2.8370914
0.0
11.066176
0.5533089
0.0
0.0
0.5533089
0.0
19.919113
26.316042
3.3763106
4.2203884
0.42203885
0.0
0.8440777
24.29079
0.5034152
0.5034152
2.517076
7.551227
0.5034152
0.5034152
11.784211
1.8581698
2.6014378
0.0
0.0
1.4865358
6.71827
0.38606325
0.38606325
1.9303162
0.38606325
0.77879214
1.021014
5.105069
0.340338
0.0
1.70169
5.690383
0.3040296
0.6080592
0.0
1.8241776
5.4725327
0.0
0.0
0.0
0.0
0.3040296
0.3040296
4.5604444
3.9523854
0.3040296
0.0
0.0
0.9120889
0.3040296
1.2161185
0.24302684
0.24302684
3.1593485
0.24302684
26.791798
3.8273988
0.0
15.250593
0.051586587
0.3152513
0.0
159.96555
0.7610525
3.8052626
2.2831573
0.7610525
1.522105
0.7610525
0.7610525
0.7610525
1.522105
0.7610525
0.0
0.0
0.0
48.283207
2.305131
0.768377
0.768377
0.768377
0.0
0.0
3.9240582
0.04695633
0.50478035
0.0
0.04695633
0.48130217
8.412816
27.167707
118.449585
0.57553047
1.1510609
1.7265913
0.57553047
6.906366
0.0
8.6329565
1.1510609
32.826916
2.188461
19.027287
6.66186
45.850246
0.27793738
0.55587476
0.8338121
0.27793738
0.8338121
0.27793738
0.27793738
100.07766
2.7892222
82.74693
0.9297408
3.7189631
0.9297408
0.0
0.9297408
0.0
0.9297408
0.9297408
0.0
0.0
0.0
0.9297408
27.892225
0.9297408
0.0
0.0
0.0
2.7892222
0.9297408
0.9297408
1.8594816
0.9297408
0.9297408
0.0
0.0
0.0
0.0
0.0
8.367667
0.9297408
3.7189631
0.9297408
0.9297408
0.9297408
66.483574
0.22736983
0.45473966
0.0
4.547396
0.45473966
4.774766
0.0
135.78023
2.3582954
198.59174
18.958889
78.2634
95.887375
117.64945
41.68252
20.96885
60.16122
24.222565
29.195316
78.53129
18.78895
70.07352
24.337212
20.542534
0.0
1.0103863
5.7255216
0.33679545
1.0103863
6.932647
4.084444
0.7801218
7.5045004
0.0
0.0
0.5765699
0.0
30.558216
24.21594
58.757607
11.35157
9.366022
11.515325
12.683261
0.0
0.0
0.0
0.7548937
12.078298
0.0
1.5097874
1.5097874
2.264681
0.7548937
0.7548937
2.264681
7.774187
0.7799215
68.298325
0.65093964
0.21697988
0.0
0.0
0.0
0.21697988
0.0
0.0
0.0
2.3867788
0.21697988
0.21697988
0.21697988
1.9528189
0.8679195
0.21697988
0.65093964
0.0
0.0
2.0444653
46.305584
0.98196864
10.376854
5.463951
13.060647
0.6222495
9.955993
3.7334971
53.475067
11.638538
0.0
2.6858163
0.89527214
4.476361
0.0
0.0
4.476361
4.574638
0.0
0.9935492
0.9935492
1.9870985
38.88077
0.27127308
0.16276385
2.8378668
1.7824646
0.0
0.0
0.0
0.0
0.8912323
0.8912323
0.8912323
7.129859
5.347394
12.477254
12.108926
8.543996
0.8543995
0.0
13.670394
3.417598
31.599115
0.63055646
0.420371
0.2101855
0.2101855
3.7833393
42.448353
7.506463
0.0
9.9609375
0.0
0.0
0.0
0.0
2.675708
0.668927
1.337854
1.337854
0.0
0.668927
0.668927
2.675708
0.668927
1.337854
53.414227
6.2229185
0.0
2.0743065
0.41486132
5.525257
0.0
11.6447935
0.89575326
0.89575326
0.44787663
5.822396
1.7915065
0.44787663
5.3745193
33.377705
0.65375656
3.7010648
0.2715097
0.13575485
0.13575485
3.258116
0.0
0.0
0.5430194
2.9866064
0.0
0.13575485
82.94376
87.65328
0.0
0.0
0.93277246
0.93277246
0.93277246
0.93277246
20.520992
0.0
53.05982
3.2394176
0.0
0.0
0.8098544
3.2394176
25.915342
10.795438
0.024652723
2.1951454
30.17427
24.04079
1.9820755
0.7207548
0.1801887
2.9779034
0.99582803
103.21414
148.55202
17.798296
0.0
18.016176
6.945191
3.274932
5.949732
0.69864655
0.0
0.69864655
0.69864655
1.3972931
0.69864655
6.287819
2.0959396
0.69864655
27.247215
26.26479
14.506351
10.576823
3.286375
0.32863748
0.32863748
6.572751
5.366789
0.07902807
0.013171345
0.0
0.0
0.0
0.0
0.065856725
0.02634269
0.013171345
0.013171345
0.02634269
0.22391286
0.02634269
0.0
0.013171345
9.530047
1.1250108
0.1875018
0.3750036
1.881123
0.627041
2.508164
1.254082
0.627041
45.061993
2.6478484
0.33098108
0.33098108
0.33098108
0.33098108
0.33098108
0.33098108
0.0
0.66196215
0.0
0.33098108
0.33098108
0.33098108
0.9929432
0.33098108
0.33098108
0.0
2.9242206
0.0
0.6346576
0.6346576
0.0
9.519866
0.6346576
0.0
0.6346576
0.6346576
8.885208
6.9812346
0.0
1.2693152
4.442603
43.094658
1.5819548
1.1864661
0.3954887
33.61654
4.3503757
0.3954887
5.9323306
0.0
0.3954887
0.0
1.7329606
0.0
0.0
0.0
0.0
0.0
0.0
2.8259494
9.419831
1.8839663
0.0
0.94198316
3.7679327
28.259483
1.2533236
0.20756029
1.1415815
1.5567021
0.10378014
0.62268084
0.0
0.0
0.67385733
0.67385733
0.67385733
0.67385733
1.3477147
5.390858
2.021572
5.558269
0.3787811
3.40903
6.0604987
0.0
0.0
8.196887
1.0852314
0.3617438
0.0
0.3617438
7.506935
0.0
8.037233
0.0
1.4613152
2.1919727
0.7306576
2.1919727
0.7306576
0.7306576
3.231863
29.0761
140.64983
0.8556089
0.0
0.0
0.997531
26.933346
0.0
45.45192
0.9106248
104.47983
0.0
18.804102
4.905418
2.452709
0.8175697
6.5405574
8.175696
4.087848
0.8175697
33.463352
0.0
0.0
1.45029
0.725145
0.0
31.356344
54.867607
24.203455
14.381611
0.0
0.855156
0.0
8.55156
0.0
1.710312
0.0
1.710312
0.855156
0.0
0.0
1.710312
0.0
0.855156
17.10312
0.0
0.855156
2.565468
0.855156
29.93046
0.855156
0.855156
0.0
4.27578
0.855156
0.855156
12.82734
15.392808
0.855156
6.1856065
0.0
0.0
0.19951433
0.0
0.39902866
0.39902866
0.0
0.0
12.500774
3.1533906
0.0
0.0
0.58169264
0.0
0.0
0.0
1.1633853
2.9084632
0.58169264
1.1633853
0.0
0.0
0.0
2.9084632
1.1633853
2.9084632
8.7253895
2.3267705
0.0
0.0
1.7450778
7.5620046
0.58169264
0.0
0.0
1.1633853
0.58169264
0.58169264
0.0
1.1633853
0.58169264
0.0
0.58169264
1.1633853
1.7450778
0.58169264
0.0
0.0
0.58169264
0.58169264
0.58169264
5.235234
1.1633853
0.0
1.7450778
0.58169264
25.01277
0.0
0.58169264
1.1633853
0.58169264
0.58169264
0.0
0.58169264
19.195852
1.1633853
12.461284
0.0
0.0
0.0
27.157583
19.559074
3.262904
12.23589
4.894356
0.0
5.8146033
0.8679865
4.3399324
6.075906
0.0
0.8679865
1.735973
1.735973
4.3399324
0.8679865
3.471946
0.0
0.0
0.8679865
0.8679865
0.0
0.0
0.0
0.0
0.8679865
0.0
0.8679865
0.8679865
1.735973
0.0
2.6039596
22.68075
21.501501
0.0
0.0
0.6506246
0.6506246
1.3012491
1.9518738
69.65557
0.85277236
11.384191
0.14518644
1.669644
1.1614915
0.29037288
0.8601325
0.8601325
54.05634
0.07242291
0.0
0.07242291
16.408892
0.0
1.7891032
0.0
12.14904
0.0
0.0
43.183422
10.210956
1.458708
2.1880622
1.458708
0.729354
15.170046
3.3837876
1.6918938
27.070309
0.8459469
0.8459469
0.0
1.6918938
0.8459469
5.921628
1.6918938
0.0
0.0
49.257816
0.0
0.8874997
1.7749994
1.7749994
3.5499988
20.642395
0.0
0.0
0.0
0.93777055
1.8755411
8.778504
1.9373459
1.0136081
0.7368444
0.0
0.0
15.47373
0.0
1.4736888
1.4736888
0.0
0.0
1.4736888
4.4210668
0.0
0.0
2.2105331
1.4736888
0.7368444
1.4736888
4.4210668
0.7368444
0.0
0.0
0.0
0.0
0.0
2.9473777
0.7368444
109.17644
12.47078
0.8313852
7.4824667
74.56035
34.43891
10.6355505
0.0
69.356
159.17113
39.843365
0.0
0.6805379
0.0
0.6805379
0.6805379
0.0
1.3610758
0.0
2.0416136
15.652373
0.6805379
0.0
2.7221515
0.0
0.49393117
1.9757247
13.33614
0.49393117
47.38927
0.5663607
0.09128301
0.5476981
0.09128301
28.36391
6.2773523
10.708425
23.350073
6.6490626
0.29792652
14.713368
16.362219
0.49478942
0.98957884
0.24739471
0.0
5.6918793
0.74263436
0.0
0.74263436
0.0
0.0
0.0
2.2279031
0.74263436
0.74263436
0.74263436
0.74263436
0.0
1.4852687
0.74263436
0.74263436
5.941075
99.26731
0.026414974
0.0
0.0
0.026414974
0.07924492
0.026414974
0.026414974
0.026414974
0.026414974
0.026414974
0.105659895
0.4226395
0.0
0.0
0.0
0.0
0.31697965
0.0
0.0
0.15848984
0.07924492
0.052829947
0.026414974
0.66037434
6.8959384
0.46580708
0.46580708
9.549044
1.6825151
0.052190535
0.052190535
0.026095267
0.026095267
0.052190535
0.052190535
0.052190535
1.3201678
2.747783
34.04853
0.88396037
10.607525
4.4198017
29.033518
0.3877133
37.98153
1.5158898
0.7579449
1.5158898
4.5476694
1.5158898
12.12712
10.803051
16.208252
0.4758856
0.4758856
2.379428
0.0
0.0
0.0
0.9517712
0.0
0.0
7.614168
0.9517712
1.4276568
0.4758856
0.4758856
0.4758856
0.0
4.2829704
0.4758856
0.0
0.0
0.0
0.4758856
3.8070848
0.4758856
0.4758856
1.4276568
0.0
0.4758856
0.0
0.0
0.0
0.4758856
0.4758856
2.8553135
4.2829704
0.0
5.234741
0.9517712
13.933956
5.149654
0.0
1.4713297
0.73566484
0.0
5.149654
0.73566484
5.8853188
3.6783242
1.4713297
0.73566484
0.73566484
1.4713297
3.6783242
0.73566484
0.73566484
1.4713297
0.73566484
0.73566484
51.116497
27.12304
0.21405411
0.6421623
0.14270274
0.07135137
0.07135137
0.0
40.319073
0.8076464
11.307054
5.4679885
0.8847924
2.1487813
0.1263989
0.0
0.0
0.3791967
0.5055956
0.0
0.1263989
0.3791967
0.2527978
0.3791967
0.0
0.1263989
0.0
0.1263989
0.0
0.1263989
0.1263989
0.1263989
0.1263989
0.1263989
1.124667
0.9982681
0.0
0.9982681
0.9982681
1.9965363
0.9982681
4.9913406
0.0
0.0
8.984413
0.0
1.9965363
0.0
0.9982681
0.9982681
23.958435
0.0
0.9982681
0.0
0.0
10.980949
0.9982681
0.0
2.9948044
0.0
0.0
0.0
13.038788
0.15015621
0.75078106
7.808119
0.15015621
0.15015621
0.15015621
0.15015621
0.0
0.90093726
0.15015621
0.15015621
0.30031243
0.0
0.0
0.0
0.0
0.30031243
0.60062486
0.60062486
0.0
0.0
2.552656
0.15015621
5.7059345
1.351406
0.0
0.0
0.0
0.0
0.0
0.15015621
0.15015621
0.15015621
0.45046866
3.1610394
0.0
235.21718
0.0
4.5313244
4.5313244
3.6250596
26.281689
5.448166
1.8178182
1.8178182
2.4237576
1.2118788
0.6059394
0.6059394
0.0
4.847515
1.8178182
4.2415757
1.2118788
0.6059394
6.0950365
0.0
0.8842153
0.0
0.8842153
0.44210765
16.57268
0.6846309
0.6846309
24.195204
0.0
0.7179075
0.7179075
7.179075
5.0253525
2.1537225
1.435815
0.7179075
39.4849
0.7179075
0.0
0.0
2.87163
0.7179075
57.432575
4.307445
35.895367
0.0
0.7179075
0.7179075
0.0
0.7179075
4.307445
0.7179075
15.793969
14.322459
0.0
0.049278155
0.0
0.024639077
0.049278155
0.024639077
0.14783446
0.024639077
0.0
0.0
0.07391723
0.0
0.27102983
0.024639077
0.12319539
0.024639077
0.024639077
0.024639077
0.09855631
0.0
0.0
0.0
0.0
0.0
0.0
0.0
0.0
0.0
0.024639077
0.024639077
0.07391723
0.024639077
0.024639077
0.22175169
0.11174519
0.55872595
1.0057067
0.0
0.0
0.11174519
0.11174519
0.11174519
0.11174519
0.11174519
0.7822163
0.0
0.0
0.22349039
0.0
0.11174519
1.8996686
7.1746187
0.0
0.99095607
0.0
0.0
0.0
8.625328
0.5453122
0.0
1.0906245
2.726561
0.5453122
6.5437474
6.5437474
3.2718732
2.181249
6.306213
19.520584
1.6267153
2.440073
1.6109598
56.38361
4.8328795
0.8054799
4.8328795
135.7295
2.8508763
1.1086743
0.15838204
0.15838204
0.46146077
10.94872
24.197685
0.059463657
0.059463657
1.2080443
0.73233503
0.0
0.73233503
5.900274
3.213768
0.803442
1.606884
3.213768
1.606884
1.606884
0.803442
0.0
0.803442
3.213768
0.0
0.803442
14.461956
0.803442
0.803442
1.606884
0.0
0.803442
1.606884
0.803442
12.855072
1.606884
0.803442
0.803442
0.0
0.0
5.624094
53.260277
0.0
3.794074
6.323455
12.614548
33.327606
6.5159492
0.25248754
0.25248754
0.31938463
0.066897094
0.066897094
0.066897094
1.0183256
0.88453144
0.88453144
0.0
1.7690629
0.0
0.3798119
0.18990596
0.3798119
0.0
0.0
0.3798119
0.18990596
2.0889657
0.0
2.6343195
0.0
0.0
0.0
0.0
0.16847903
0.0
0.0
0.0
0.0
0.0
0.0
0.16847903
1.5163112
0.0
0.8423951
2.358706
0.0
0.0
2.668464
5.5847335
3.1912763
1.1967285
13.953381
4.5496125
64.98439
0.0
0.31233373
0.0
0.31233373
0.0
7.729399
1.8542665
0.0
0.92713326
0.0
41.720985
0.0
0.0
84.75727
0.0
0.0
2.1727498
0.7242499
0.7242499
0.7242499
11.587998
0.7242499
0.0
2.1727498
0.0
0.0
7.9667487
23.900255
1.4484998
2.1727498
1.4484998
0.7242499
0.7242499
0.0
0.0
0.0
0.0
28.97001
1.4484998
7.242499
1.4484998
0.0
0.0
0.0
2.1727498
3.6212494
0.0
0.0
0.0
6.518249
19.55475
7.9667487
0.0
0.0
1.4484998
4.031602
0.5378808
0.5378808
1.6136423
0.5378808
0.5378808
45.355682
0.7635667
12.031394
0.87914586
1.7582917
0.87914586
6.1540203
0.0
0.0
0.87914586
0.87914586
1.7582917
0.0
0.87914586
0.87914586
0.0
0.0
0.87914586
6.1540203
0.87914586
3.5165834
0.87914586
0.0
0.0
0.87914586
1.7582917
1.7582917
3.5165834
4.395729
0.87914586
0.0
0.87914586
3.5165834
0.87914586
151.71434
8.301619
0.0
0.69180155
0.69180155
0.0
0.69180155
0.0
1.3836031
0.69180155
0.0
0.0
0.69180155
0.69180155
0.0
7.692971
0.0
0.18621287
0.0
0.37242573
1.489703
58.221645
1.4604676
1.4604676
0.0
0.0
0.0
2.1907015
0.7302338
13.874444
30.52631
6.474106
3.8844638
5.8266954
5.1114798
0.17348446
0.17348446
2.2552981
0.17348446
1.2143912
0.34696892
15.2409725
0.51130235
0.17043412
0.0
0.0
0.0
0.0
0.0
3.4086814
2.3860774
0.17043412
0.0
0.0
9.71474
3.9199834
18.011375
0.36932805
0.0
0.0
0.36932805
0.7386561
0.36932805
0.36932805
0.36932805
0.36932805
0.36932805
0.36932805
0.36932805
0.36932805
0.36932805
0.36932805
0.36932805
0.78424454
0.13676527
0.045588426
0.045588426
1.1397105
0.36470744
0.045588426
53.270664
0.0
1.9997425
7.332389
0.66658086
33.443844
11.57471
0.0
0.25162414
0.5032483
0.0
0.25162414
0.0
9.058469
3.7743618
0.25162414
0.0
0.0
0.0
0.0
0.0
1.0064965
0.0
0.0
0.25162414
0.75487244
0.25162414
2.7678654
0.25162414
0.75487244
0.5032483
0.5032483
0.5032483
0.5032483
14.797263
0.0
29.377665
2.78258
2.78258
3.095842
0.008805011
0.008805011
0.008805011
0.008805011
0.29937032
0.052830067
0.0
0.008805011
1.9591045
0.32504994
0.32504994
0.32504994
21.172768
2.427374
0.6068435
8.495809
0.0
0.0
0.0
1.8205304
0.0
0.6068435
7.4304495
0.0
0.0
0.29665563
0.14832781
0.0
0.0
7.0789394
0.38926038
0.0
0.0
0.19463019
0.58389056
0.19463019
3.8926032
0.38926038
0.19463019
0.19463019
12.06708
0.38926038
0.19463019
23.416695
2.452829
0.0
2.452829
1.2264144
0.6132072
0.6132072
0.0
0.6132072
0.6132072
1.2264144
0.6132072
0.6132072
0.0
0.0
0.6132072
0.0
0.0
19.613724
5.8983517
0.0
0.29491758
0.29491758
9.4365015
0.1603178
0.0
0.3206356
0.0
0.1603178
45.022503
1.0793304
0.5396652
0.5396652
77.07413
28.35631
0.36354223
0.0
2.5447958
2.1812534
0.36354223
0.36354223
0.36354223
0.72708446
0.72708446
0.36354223
3.0654743
0.90064406
1.8012881
17.2678
1.3665226
0.6832613
20.8743
0.2986431
0.2986431
0.5972862
0.89592934
0.89592934
0.89592934
1.4932156
0.5972862
0.5972862
0.89592934
0.2986431
0.2986431
12.696148
0.93700033
0.46850017
1.8740007
0.46850017
1.8740007
0.0
0.93700033
0.46850017
0.46850017
0.46850017
0.93700033
0.46850017
0.46850017
0.46850017
1.4055005
0.0
0.0
0.0
0.0
16.945778
0.0
3.1576295
2.3682222
3.9470367
1.354022
1.354022
0.0
0.0
0.0
0.677011
0.3385055
2.3695385
0.0
1.6925275
35.364746
0.0
0.0
0.6259326
6.885259
106.72578
0.42702672
0.85405344
0.0
0.85405344
0.85405344
0.42702672
0.85405344
0.0
0.42702672
0.85405344
1.6968744
0.8484372
1.6968744
0.8484372
1.6968744
5.0906234
0.8484372
0.8484372
0.8484372
0.8484372
1.6968744
0.8484372
1.6968744
2.5453115
8.484372
1.5871584
5.171049
0.73872125
0.0
6.648492
0.0
0.73872125
1.8135524
2.1120377
1.7909123
0.29848537
1.3502488
11.477113
8.101492
0.0
0.0
0.0
0.0
20.893251
2.6648905
0.66622263
0.0
6.662226
92.92731
0.0
0.77151746
0.77151746
2.3145523
0.0
0.0
0.0
0.0
0.77151746
0.0
0.0
6.172139
0.0
0.0
10.029727
37.98037
0.5415021
12.232858
181.5355
0.0
0.05444442
0.4355554
0.05444442
0.10888884
0.4355554
2.395554
0.10888884
1.028766
0.07953734
0.026512446
0.026512446
0.42419913
26.28789
15.675351
0.74163353
0.0
0.18540838
0.18540838
0.0
6.1489553
2.497125
0.0
0.0
1.4269285
1.4269285
7.6516466
0.7935998
0.7935998
0.0
0.0
0.0
0.7935998
0.7935998
66.61343
0.54713655
0.0
0.27356827
7.6599092
0.0
5.012669
3.7980616
2.6224358
6.55609
9.178526
4.5892625
0.0
6.2350483
2.2943654
1.7730601
0.18079175
0.18079175
45.352814
0.0
86.21087
0.0
1.9606994
0.0
0.0
0.0
37.0488
22.936167
0.0
0.657026
1.314052
0.0
0.0
0.657026
2.628104
11.9513235
3.4932253
4.8905153
2.095935
0.0
0.0
1.3972901
0.0
0.0
1.3972901
0.69864506
4.19187
0.0
7.685096
5.5891604
0.69864506
31.94198
0.9413438
0.0
0.0
0.28145772
0.0
7.317902
0.84437317
3.6589499
0.28145772
0.28145772
0.28145772
0.28145772
0.0
0.56291544
2.8145769
1.4072886
1.1258309
0.5810054
1.7430162
0.0
0.0
0.0
0.0
0.5810054
1.7430162
104.28038
1.613339
2.688898
0.0
0.0
0.5377796
2.1511185
0.5377796
0.5377796
0.5377796
4.302237
1.613339
0.5377796
0.0
0.5377796
0.0
1.613339
7.528916
0.5377796
1.0755593
7.7665305
0.0
0.0
40.766823
62.520855
0.30975205
0.10325068
3.4072738
0.0
0.0
0.10325068
54.03205
3.6171288
0.04298056
0.0
0.17192224
0.0
0.04298056
0.08596112
0.55874723
0.77365
0.0
0.386825
0.04298056
20.136559
0.4332285
37.91246
2.289557
0.7631857
0.7631857
0.7631857
0.0
0.0
0.0
0.0
0.0
0.7631857
0.7631857
0.0
0.7631857
8.395041
32.62043
0.41292083
1.6516833
6.6067348
0.0
0.0
0.0
0.0
0.0
0.0
5.367972
1.2387625
2.024217
3.9272716
2.356363
18.850906
0.0
0.0
0.78545433
0.78545433
9.425452
0.78545433
3.9272716
0.78545433
1.5709087
0.0
39.838634
0.8566814
0.0
0.0
0.0
35.12395
17.434885
33.995846
0.03145667
19.214296
59.73465
73.25028
14.914786
153.58641
10.747057
37.831528
12.918079
0.92271996
41.98752
85.27764
0.4977258
7.7147484
130.79604
161.0504
40.44912
1.1192154
0.111921534
14.630438
8.540302
3.4161212
27.085428
2.5191114
5.0382223
18.473482
8.485828
8.485828
1.1314436
8.485828
0.0
0.0
0.0
7.3543844
0.0
0.5657218
0.0
0.0
0.0
0.5657218
0.5657218
4.5257745
0.5657218
12.931865
0.7760634
0.7760634
0.7760634
0.7760634
0.7760634
0.0
0.7760634
0.7760634
13.193075
0.7760634
0.7760634
0.7760634
0.7760634
0.0
1.5521268
18.625519
0.0
0.0
0.0
0.0
2.32819
0.7760634
0.0
1.5521268
0.7760634
14.745201
0.7760634
0.0
26.864594
0.5577332
0.5577332
0.728369
10.197165
0.728369
0.728369
0.0
22.548597
5.9620924
0.0
0.0
0.0
0.0
0.0
1.490523
55.997925
63.01724
0.08634236
0.012334622
0.0
0.024669245
0.0
0.012334622
0.0
0.0
0.0
0.14801547
0.0
0.024669245
0.1110116
0.012334622
0.012334622
0.0
0.012334622
0.012334622
0.04933849
0.024669245
0.024669245
0.259027
2.9024801
0.4755236
0.0
3.5280933
0.23004848
0.5549714
0.0
0.0
0.5549714
12.540121
4.216503
0.0
0.0
0.64200664
0.64200664
26.45624
0.0
0.0
0.0
0.0
0.0048699654
0.0
0.0
0.0
0.0
0.0
0.043829687
0.05843958
0.0048699654
0.0048699654
0.45753595
6.219481
0.0
0.0
3.800794
11.056855
0.9709326
2.9566393
14.143555
0.0
0.0
0.0
0.17295276
0.5720152
0.39906248
0.0
3.072267
1.5857118
4.3946495
0.0
2.360297
0.78676564
0.0
5.242505
0.0
0.82348776
12.352321
0.82348776
1.2352316
0.41174388
0.41174388
0.82348776
0.41174388
0.0
0.0
0.0
1.2352316
0.41174388
0.0
0.41174388
0.41174388
0.41174388
0.41174388
0.0
6.176159
2.4704633
0.0
0.0
0.0
0.41174388
0.82348776
0.41174388
0.0
0.0
0.41174388
0.41174388
0.41174388
0.41174388
0.41174388
0.0
0.41174388
0.41174388
4.2619643
0.0
0.5014075
1.002815
4.763372
0.0
0.5014075
0.25070375
0.75211126
0.25070375
0.0
0.0
0.5014075
10.675431
0.0
0.0
0.0
0.5120196
6.144235
0.5120196
1.0240391
4.0961566
2.0480783
1.5360587
0.0
0.0
20.220423
1.687071
0.42176774
0.0
0.0
0.0
0.42176774
0.0
0.0
0.42176774
0.0
0.42176774
0.42176774
0.0
0.42176774
3.7959096
0.0
1.687071
0.42176774
26.438206
1.2431059
0.0
0.0
22.99747
1.8646588
0.62155294
3.7293177
0.62155294
2.4862118
0.0
0.0
0.5506654
0.5506654
16.637259
0.10200433
12.512
0.06569026
0.0
0.0
0.0
0.0
33.2519
21.117678
1.624437
2.4366555
0.0
0.0
0.0
13.554779
0.0
13.029251
5.4860005
1.3715001
29.080408
0.0
0.0
0.44480664
0.44480664
8.451326
0.0
0.0
0.0
0.8896133
0.0
4.448066
0.0
0.0
0.0
7.8927584
0.54178834
4.3343067
1.0835767
0.54178834
0.54178834
4.876095
15.170069
1.625365
0.0
5.113042
0.07898234
13.506321
9.429452
0.13686547
4.105963
0.13686547
9.72026
0.87121767
0.87121767
0.0
0.0
0.87121767
3.4848707
0.87121767
0.87121767
0.0
2.613653
0.87121767
2.613653
0.0
0.0
1.7424353
0.87121767
0.0
0.87121767
0.87121767
0.0
0.87121767
2.613653
1.7424353
0.0
0.0
6.0985236
1.7424353
0.87121767
0.87121767
0.87121767
1.7424353
2.613653
0.64886075
0.64886075
200.05225
0.6407855
3.844713
1.281571
3.844713
15.861756
0.74491376
134.57394
19.588356
0.0
10.547576
0.75339836
2.260195
0.75339836
0.0
0.0
2.260195
0.75339836
0.75339836
71.553375
3.6231225
0.0
0.0
0.0
0.9057806
9.057807
9.963588
7.2462454
7.2462454
37.773735
0.5741854
0.5741854
0.0
0.0
1.7225561
0.0
0.0
0.5741854
7.46441
1.1483707
0.0
1.7225561
0.5741854
0.5741854
0.0
0.5741854
0.0
0.5741854
0.5741854
0.5741854
0.0
0.0
0.5741854
4.593483
0.5741854
1.1483707
1.1483707
1.1483707
36.065037
1.8566006
8.586453
0.0
0.0
0.98957103
0.0
10.885281
4.947855
26.71841
0.0
0.0
0.98957103
0.98957103
29.078651
0.0
0.9557666
0.9557666
7.646133
1.9115332
0.9557666
2.8672998
6.6903663
10.5447645
27.053902
0.9662106
3.4277482
0.21423423
0.42846847
0.21423423
45.90827
0.6955804
4.869063
2.0867412
10.433706
5.659588
0.0
0.0
1.4939495
0.0
0.42684272
0.42684272
5.975798
0.21342136
0.85368544
0.6402641
0.21342136
0.21342136
11.883009
0.0
0.0
0.17882815
0.0
0.0
0.17882815
0.0
0.0
0.7153126
0.3576563
0.0
0.0
0.0
3.7553918
0.17882815
0.3576563
2.871735
0.8993832
1.7987664
1.7987664
0.8993832
0.8993832
0.8993832
0.0
70.887146
1.8111656
0.7244662
3.6223314
0.3622331
0.7244662
1.0866992
0.29324305
0.0
0.0
0.0
0.3665538
0.3665538
0.29324305
0.07331076
0.14662153
0.21993229
0.0
0.0
0.07331076
0.5864861
0.07331076
0.0
0.07331076
0.0
0.29324305
0.0
0.07331076
0.0
1.3195934
0.07331076
0.21993229
0.07331076
0.8274554
0.8274554
0.8274554
40.5453
15.832876
0.0
0.0
0.5720547
28.60272
132.83603
0.4978959
0.0
0.0
0.0
1.9778134
0.1644353
0.6577412
0.4933059
0.0
0.6577412
1.151047
1.8087881
0.1644353
0.1644353
0.1644353
0.1644353
20.934677
0.0
0.0
0.55585
0.55585
0.0
1.6675501
2.4715667
0.6385722
0.0
0.0
0.0
0.0
0.0
0.0
0.2128574
0.2128574
0.4257148
0.0
0.2128574
0.0
0.2128574
0.0
0.0
2.9800038
17.660872
0.0
5.8574305
0.0
0.0
0.45057163
0.0
0.45057163
0.90114325
0.45057163
0.90114325
1.8022865
0.45057163
0.45057163
1.8022865
0.0
0.45057163
0.0
0.45057163
0.0
0.0
2.2448134
8.074088
0.0
3.2777903
0.7417743
0.7417743
0.7417743
0.0
9.643067
2.9670973
4.450646
6.675969
11.1266165
43.89032
0.9690323
22.187553
0.5654974
0.0
0.0
0.0
0.0
0.04039267
0.0
10.326603
0.56248
1.12496
0.56248
10.521694
1.3168681
0.2633736
0.2633736
0.0
0.0
0.0
0.2633736
0.0
90.36318
2.1238914
8.495566
16.283169
122.46716
1.488615
203.58879
0.8528927
14.072725
7.010093
46.577385
20.001629
4.4448075
15.556823
21.48323
58.523342
19.40435
1.7641222
112.28328
4.1427417
67.15412
5.784399
21.99135
18.161873
4.783846
19.191187
52.70093
10.769966
36.044994
0.0
0.0
3.432864
0.0
5.7565136
0.0
0.0
0.0
0.47970945
2.8782566
0.0
7.1653934
0.7122544
0.0
29.202417
0.7122544
0.7122544
0.7122544
0.0
0.0
0.0
2.136763
0.0
0.0
0.0
0.0
0.0
0.5001707
0.5001707
0.5001707
5.3100443
0.71828383
73.881325
0.0
15.350921
0.0
1.918865
23.02638
0.0
0.9594325
0.0
0.9594325
0.0
2.8782973
0.0
0.0
44.09529
6.217952
0.5604879
0.09341465
0.09341465
0.09341465
0.6539026
0.09341465
0.0
0.0
0.0
0.0
0.1868293
0.1868293
0.28024393
0.0
0.09341465
0.09341465
0.09341465
0.46707326
0.0
0.1868293
0.0
0.0
0.09341465
1.3072423
0.43555978
0.0
0.43555978
0.0
0.0
0.21777989
0.21777989
0.0
0.0
0.0
0.21777989
4.137818
0.43555978
0.21777989
0.43555978
0.0
1.0888995
0.43555978
26.421667
4.624217
0.5138019
0.0
1.0276037
5.138019
2.0552075
3.596613
1.5414057
0.5138019
0.0
0.0
5.138019
2.0552075
0.0
1.5414057
0.0
16.389935
1.2355281
12.973043
10.292368
1.9966974
0.9983487
1.9966974
2.9950461
12.978531
0.9983487
3.9933949
0.9983487
0.9983487
8.985138
3.9933949
0.0
0.0
2.9950461
3.9933949
0.0
9.72512
0.0
0.0
0.0
0.0
0.0
1.281059
0.4270197
1.7080787
4.697216
1.3952945
0.0
0.96827483
2.9048245
6.7779245
0.37988272
0.0
1.8994136
0.37988272
0.0
0.75976545
0.0
0.0
0.0
0.0
0.0
0.37988272
0.0
1.9607751
1.4705813
1.6755505
0.47681785
6.1821175
0.6725802
0.6725802
0.6725802
2.6903207
0.6725802
0.6725802
0.0
0.6725802
2.0177405
0.0
1.3451604
0.0
1.3451604
54.47902
13.4516
6.725802
3.362901
0.6725802
0.6725802
4.035481
0.6725802
48.310757
4.371389
0.0
0.0
0.0
0.0
0.0
2.1856945
0.7285648
2.1856945
7.285648
1.4571296
0.7285648
0.7285648
18.497034
0.0
0.82286847
19.638456
9.801798
0.0
1.8666987
0.0
0.6222329
1.2444658
0.6222329
1.2444658
43.815224
0.2975707
0.2975707
0.2975707
0.2975707
0.2975707
1.7854242
0.2975707
0.0
0.0
0.2975707
13.778334
0.79269326
2.7744262
0.79269326
1.5853865
0.39634663
1.18904
0.39634663
0.39634663
0.39634663
0.39634663
0.0
0.0
0.39634663
0.39634663
0.39634663
0.0
0.39634663
0.39634663
0.79269326
0.39634663
1.5853865
0.0
0.39634663
0.39634663
9.019111
0.91644037
0.5498642
0.5498642
4.3912907
0.055235445
0.055235445
2.9140022
0.0
0.53517646
0.0
0.53517646
0.0
1.6055293
3.5097005
0.0
0.0
0.0
0.0
0.0
0.0
0.6467462
0.0
0.6467462
0.6467462
3.233731
7.114208
0.0
0.0
16.24121
0.503198
0.0
0.503198
0.0
0.0
0.0
0.0
0.0
0.0
0.0
2.012792
0.0
0.503198
0.0
0.503198
0.503198
1.006396
0.0
1.006396
0.0
1.006396
1.5095941
0.503198
1.006396
0.0
12.372796
0.0
0.0
3.640537
0.9928738
0.66191584
0.33095792
0.33095792
0.0
0.66191584
1.3238317
2.3167055
0.66191584
0.0
0.0
0.0
0.33095792
0.0
0.33095792
0.33095792
0.33095792
0.33095792
0.33095792
2.9786212
0.33095792
0.0
0.0
0.33095792
4.302453
0.33440426
0.33440426
0.0
0.33440426
7.356896
1.0032128
0.33440426
0.0
1.0032128
0.0
0.0
0.0
0.0
1.337617
0.0
0.0
0.33440426
1.0032128
4.68166
0.0
0.0
0.0
3.3440425
0.33440426
1.0032128
0.6688085
0.33440426
2.3408298
1.0032128
0.33440426
1.0032128
0.33440426
0.6688085
0.33440426
0.33440426
0.35681823
0.35681823
0.0
1.0704547
0.35681823
0.71363646
0.35681823
0.0
0.0
0.71363646
0.71363646
4.9954553
0.35681823
2.1409094
0.71363646
1.0704547
0.35681823
4.281819
0.35681823
0.35681823
1.4272729
1.0704547
0.0
0.0
0.0
1.0704547
1.0704547
0.35681823
0.35681823
1.7840911
11.061365
26.64394
1.9278104
8.675147
10.163295
0.4752615
5.8595605
0.22860746
0.0
0.0
0.45721492
0.22860746
4.3435416
0.45721492
0.0
0.68582237
0.0
0.0
0.0
0.22860746
0.0
0.0
1.1430373
0.22860746
43.59082
3.9223776
25.237309
0.33268592
2.5503855
0.0
0.22158402
2.2158406
0.0
0.0
0.0
0.44316804
0.22158402
0.22158402
0.0
0.0
0.0
0.22158402
0.0
0.0
0.0
0.22158402
0.8863361
0.22158402
0.22158402
0.48928726
0.0
0.0
0.0
43.057278
5.3821607
29.567646
0.6250902
6.4256654
0.785061
0.785061
0.0
0.0
0.0
39.82573
0.7161102
0.7161102
0.0
0.0
0.0
2.2802815
0.8480612
0.8480612
0.0
0.0
0.8480612
0.8480612
0.8480612
0.8480612
2.5441837
0.0
0.8480612
5.936428
47.81281
0.0
0.32417753
0.0
0.0
0.32417753
69.52326
0.0
0.0
0.0
0.0
0.0
0.6639322
1.9917966
1.3278644
6.6393228
0.6639322
10.978747
1.0436504
0.0
0.41746014
4.8007913
0.0
0.0
12.627987
2.0176823
1.6814018
0.67256075
12.421951
0.0
0.0
0.16651185
0.49953556
0.16651185
0.3330237
0.6660474
0.0
0.0
0.0
0.0
0.49953556
0.0
0.0
0.0
0.0
0.3330237
0.0
3.6410692
7.461587
0.6783261
0.6783261
0.6783261
0.6783261
0.0
0.0
0.0
0.6783261
1.3566521
0.0
0.0
61.38802
26.318516
0.0
0.0
0.0
0.0
0.0
0.743384
1.486768
0.0
0.0
0.0
0.743384
0.0
0.0
0.743384
0.743384
0.0
12.637529
1.486768
0.743384
2.973536
2.2301521
0.0
2.2301521
0.0
0.0
0.0
0.743384
0.0
0.743384
0.0
0.743384
0.743384
0.743384
5.9470716
0.743384
0.743384
0.56520694
16.390997
0.56520694
0.0
0.0
0.0
0.0
0.0
0.0
1.1304139
0.0
1.6956208
0.0
0.56520694
0.56520694
0.56520694
0.56520694
8.554176
1.0553112
0.5276556
0.0
0.0
0.0
0.0
5.962845
7.1410365
0.75083005
1.5016601
0.0
0.75083005
0.0
2.25249
0.75083005
0.75083005
0.75083005
0.0
0.0
0.0
0.0
2.25249
0.0
0.0
0.75083005
2.25249
0.0
3.0033202
30.434395
0.18355623
0.843185
0.10993812
1.3192576
0.10993812
0.0
0.10993812
0.48010164
0.9602033
0.48010164
0.48010164
0.48010164
1.440305
0.9602033
13.981338
1.0679013
30.969145
3.2037036
1.6018519
0.0
0.0
0.0
0.5339506
4.271605
0.5339506
1.0679013
0.5339506
2.669753
0.0
0.0
0.5339506
0.0
0.0
0.5339506
0.5339506
6.941359
0.5339506
0.0
0.0
14.950621
5.3395066
0.5339506
12.475826
3.5800648
19.69035
1.7900324
1.7900324
3.5800648
1.7900324
0.8950162
55.862164
0.74088067
0.0
0.37044033
0.0
0.0
2.9635224
8.0241785
7.405329
2.4684432
4.3197756
0.0
0.6171108
0.6171108
0.6171108
0.6171108
23.684948
0.0
0.0
0.38761035
0.38761035
0.38761035
0.38761035
1.313362
30.113169
0.8921635
1.784327
0.8921635
25.872747
28.491287
6.446316
13.698423
8.1732435
0.11534925
0.0
0.0
0.0
0.0
0.0
0.11534925
0.11534925
0.11534925
0.2306985
0.5767462
2.4223347
0.11534925
0.0
0.11534925
0.11534925
0.0
0.11534925
0.5767462
0.2306985
0.11534925
6.070291
0.0
7.9411335
1.2222502
8.304217
0.0
0.0
5.8994465
0.0
0.0
0.0
0.0
7.6130056
1.9653318
0.0
34.22608
0.0
0.69672567
0.0
0.0
0.0
0.0
2.7869027
0.0
0.69672567
0.69672567
0.69672567
0.69672567
0.0
7.067029
0.79649717
0.79649717
0.91709405
0.91709405
0.91709405
0.91709405
0.91709405
0.9604839
0.9604839
0.9604839
0.9604839
0.0
0.0
0.0
0.9604839
0.0
0.0
11.525806
73.09789
0.0
2.6346893
0.0
0.0
0.4391149
0.4391149
0.4391149
0.4391149
4.3911486
0.0
1.7564596
10.5095
2.9382138
0.0
9.871859
3.0037534
6.0398655
1.5740861
31.563732
7.085815
0.39365643
63.534985
61.277927
57.47292
0.0
4.735833
0.0
55.660446
0.31015095
0.82916623
2.6370165
0.0
0.0
0.052740313
0.0
0.0
0.052740313
0.15822095
5.687298
1.8430257
0.0
0.92151284
0.92151284
0.0
0.0
0.0
1.8430257
0.92151284
1.8430257
3.6860514
0.92151284
2.7645385
23.95933
0.92151284
0.92151284
0.92151284
0.92151284
0.92151284
2.3132892
0.29323876
3.225626
1.4661938
0.0
0.29323876
0.0
0.0
0.0
0.0
4.793187
0.6462115
0.0
0.0
0.0
0.0
0.43080768
0.10770192
0.10770192
0.10770192
0.10770192
0.6462115
0.10770192
0.10770192
0.10770192
0.0
0.0
0.0
0.32310575
0.67069936
0.0
0.0
0.67069936
0.67069936
0.67069936
0.67069936
0.0
4.024196
0.0
0.0
1.3413987
1.3413987
0.9340937
0.9340937
0.0
0.0
0.9340937
9.340936
0.9340937
0.0
0.9340937
2.3037517
0.0
0.0
1.3696579
1.3696579
4.7938023
7.5331173
2.7393157
53.565174
0.0
0.0
1.9534543
0.48836356
1.4650908
0.0
0.0
0.0
0.0
0.0
0.0
5.860363
0.48836356
0.48836356
0.48836356
0.48836356
0.48836356
0.48836356
0.0
1.0513309
0.52566546
17.506922
0.68563014
0.68563014
0.0
0.0
0.0
0.0
0.0
1.3712603
0.68563014
1.3712603
2.2840493
0.0
0.22715878
0.0
0.45431757
0.22715878
1.6630802
0.0
1.2087625
0.0
0.0
5.4804196
0.9680537
0.6453691
0.5554104
0.0
0.0
0.5554104
0.5554104
5.9613276
0.4155209
0.20776045
0.0
1.2465627
0.4155209
30.116467
0.56064683
15.196474
2.8231277
2.8231277
0.0
0.0
2.8231277
5.646255
7.52834
0.94104254
3.7641702
39.52379
0.0
0.0
0.94104254
0.0
10.351468
7.778741
0.0
0.0
0.4439402
0.4439402
0.8878804
0.0
0.4439402
0.4439402
0.0
0.4439402
4.9953504
2.8139474
0.0
1.344948
0.0
0.0
0.224158
0.224158
0.448316
0.224158
0.224158
0.448316
0.224158
0.0
0.896632
0.224158
0.0
0.448316
0.224158
0.0
0.224158
0.448316
0.0
0.224158
0.0
0.0
0.0
0.224158
0.9613393
0.0
0.0
0.0
0.25651163
0.51302326
0.25651163
0.25651163
0.25651163
0.0
0.0
0.0
1.160851
0.9201688
0.9201688
0.9201688
1.6704938
4.5019503
0.750325
10.504552
0.0
0.0
0.0
0.750325
0.0
0.750325
10.504552
0.0
0.0
0.0
8.253576
0.0
1.50065
0.750325
1.50065
1.50065
12.777748
2.607053
3.2588162
0.0
0.65176326
1.9552898
0.0
0.0
0.0
0.0
8.652312
0.57146776
0.57146776
0.57146776
0.0
1.1429355
0.57146776
0.0
2.965107
0.74127674
12.103261
4.373233
0.0
0.0
3.1237378
0.0
0.0
0.0
0.0
0.0
3.7484853
2.4989903
0.0
0.0
1.2494951
19.4978
0.0
21.736246
0.86289984
0.0
0.86289984
42.282093
146.29779
0.65730125
0.65730125
0.65730125
2.7523594
0.3694629
18.800138
17.59077
0.39430723
33.67758
2.1468558
11.720583
0.0
0.0
0.15109602
0.15109602
0.30219203
2.4175363
0.0
0.15109602
0.15109602
0.15109602
0.15109602
0.0
0.0
0.0
0.0
9.821242
0.30219203
0.15109602
0.0
0.60438406
0.0
0.15109602
8.612472
0.0
0.15109602
0.0
2.7197285
13.33652
0.21358542
0.0
1.0679271
0.0
36.246338
0.0
0.8092177
2.427653
0.0
0.0
0.0
1.6184354
4.046088
0.8092177
1.6184354
0.8092177
0.8092177
0.0
0.0
0.0
0.0
0.8092177
0.8092177
0.0
4.8553057
0.8092177
0.0
1.6184354
8.0921755
33.17792
0.0
0.8092177
0.0
0.0
0.8092177
0.0
0.0
5.664523
0.8092177
0.8092177
0.0
0.0
0.0
0.8092177
14.565915
0.0
45.344875
2.969834
0.09260863
0.09260863
0.0
0.09260863
0.09260863
0.09260863
0.09260863
0.18521726
0.09260863
0.09260863
6.2127914
0.34155604
0.34155604
0.34155604
0.34155604
0.34155604
1.0246681
3.4155605
0.34155604
0.6831121
0.34155604
0.34155604
0.34155604
0.34155604
1.3662242
1.0246681
5.1233406
0.34155604
2.8327088
1.175059
0.39168632
5.0919228
0.39168632
0.39168632
0.78337264
0.78337264
0.39168632
0.39168632
0.0
0.0
0.78337264
0.78337264
0.39168632
2.7418041
0.0
0.0
0.39168632
0.0
4.693283
0.38473278
13.556814
3.9331238
58.90057
0.1933941
4.451248
0.64597344
0.12919469
50.066593
12.382853
6.0649753
39.64263
23.545033
36.27019
0.0
0.0
0.0
0.12036654
0.16048872
0.6419548
0.12036654
0.04012218
0.0
0.0
0.0
0.0
0.76209795
2.4259946
0.60649866
0.0
0.0
0.0
0.0
0.0
0.0
0.07540743
9.023108
0.0
0.29567719
0.0
0.29567719
0.29567719
47.62997
1.7767919
4.44198
1.7767919
9.772355
0.0
66.50991
0.0
0.0
0.4146068
2.073034
0.0
0.4146068
7.966836
9.998447
0.0
0.0
0.6665632
9.998447
0.0
2.6662529
1.3331264
0.0
1.3331264
0.36585945
0.07317189
0.07317189
0.8780628
0.07317189
0.0
0.07317189
0.5122032
0.07317189
0.0
1.317094
0.5122032
0.07317189
0.07317189
0.07317189
0.07317189
0.21951568
0.14634378
0.14634378
4.103158
0.35762012
4.2914424
10.219481
0.872407
2.075387
0.69179565
1.3835913
0.69179565
1.3835913
2.075387
0.69179565
0.0
2.7671826
0.0
0.0
0.69179565
0.69179565
0.0
0.0
0.0
6.9179573
0.69179565
0.0
8.610819
0.846431
0.846431
0.846431
0.846431
0.846431
0.846431
0.846431
0.0
0.0
1.692862
3.385724
2.539293
0.846431
0.846431
0.0
0.0
0.846431
7.617878
1.692862
1.692862
0.846431
1.692862
3.385724
0.846431
1.692862
1.692862
3.385724
1.692862
0.0
7.720168
1.7184343
0.0
0.0
0.85921717
12.029039
2.5776515
0.85921717
0.0
0.85921717
0.85921717
0.85921717
0.0
0.0
0.85921717
6.8737373
1.7184343
0.0
0.0
0.0
0.85921717
0.0
0.85921717
0.85921717
0.0
0.0
0.0
0.85921717
0.7656713
0.7656713
0.0
0.0
0.0
0.0
0.7656713
0.7656713
0.7656713
0.7656713
0.7656713
0.7656713
0.7656713
0.0
36.863235
1.1739817
3.521945
2.054468
2.054468
1.1739817
39.46025
0.5271758
11.597869
0.5271758
0.5271758
12.125045
7.907638
4.7445827
16.060658
0.82191455
17.260206
0.0
0.82191455
0.0
0.82191455
0.0
0.0
0.0
0.0
0.0
0.82191455
0.82191455
3.2876582
0.0
0.82191455
0.0
0.0
0.0
0.0
2.4657435
0.0
9.834929
0.0
0.0
0.9101223
5.460734
0.9101223
0.9101223
0.9101223
4.5506115
2.7303667
0.0
0.0
0.0
0.0
4.5506115
3.640489
3.4501712
11.608743
36.088875
6.4639707
1.0773283
0.53866416
1.0773283
0.53866416
0.53866416
0.53866416
0.0
0.0
0.0
0.53866416
0.0
2.1546566
12.454579
2.9045496
0.22342694
0.0
0.44685388
0.22342694
0.22342694
20.598806
1.5350671
0.0
0.0
0.76753354
0.0
0.0
0.0
0.76753354
0.76753354
0.0
0.0
0.0
0.0
0.0
0.0
11.513001
0.0
0.0
0.76753354
2.3026006
0.0
0.0
0.0
0.0
0.76753354
4.6052012
0.0
1.5350671
1.5350671
0.0
0.76753354
0.76753354
0.0
11.513001
0.76753354
0.76753354
0.0
0.0
0.0
1.5350671
0.76753354
9.360596
2.7531826
0.91772753
0.0
0.91772753
1.8354551
0.91772753
19.272282
1.8354551
13.432015
0.9164937
3.6659749
0.9164937
0.0
8.248444
0.0
0.0
0.9164937
0.0
7.33195
0.9164937
0.0
0.9164937
0.0
0.0
0.0
0.0
0.0
1.8329874
0.9164937
0.0
0.9164937
0.0
3.6659749
0.9164937
22.282581
4.2008004
1.800343
0.0
0.60011435
1.138767
0.0
0.0
7.9887757
1.5137643
0.0
0.75688213
11.900413
19.329842
0.24239059
6.435424
4.464103
0.0
0.0
0.0
0.0
0.0
13.392308
2.678462
4.464103
0.89282066
0.89282066
16.07077
0.0
0.89282066
0.0
7.751738
0.0
0.0
0.0
0.50782734
0.0
1.523482
0.25391367
0.50782734
0.50782734
0.25391367
0.25391367
2.285223
0.0
0.0
1.0156547
1.8676713
0.5680111
0.28400555
1.0049967
0.5024983
0.5024983
0.5024983
0.0
0.0
0.0
0.0
0.0
0.0
0.0
0.0
0.0
1.5074949
0.0
5.024983
1.5074949
0.5024983
0.5024983
0.5024983
0.5024983
19.926443
0.0
0.5852046
1.7556138
0.5852046
0.5852046
2.47937
0.99872977
0.99872977
0.99872977
0.99872977
0.0
0.99872977
0.99872977
0.0
0.0
0.99872977
0.99872977
0.0
0.99872977
0.31413326
0.31413326
2.8271992
0.31413326
0.31413326
0.31413326
0.0
0.6282665
0.31413326
0.0
0.0
0.31413326
0.31413326
0.31413326
0.31413326
0.94239974
0.31413326
0.31413326
0.31413326
0.0
0.0
12.174042
0.0
0.8291396
1.1055194
0.27637985
0.0
0.0
0.0
0.0
0.0
0.0
0.27637985
0.8291396
0.27637985
0.0
0.27637985
0.0
0.0
0.0
0.27637985
0.0
4.4220777
0.0
0.27637985
0.8291396
0.27637985
0.0
0.5527597
0.8291396
0.0
0.8291396
0.0
0.27637985
0.27637985
0.27637985
0.27637985
0.0
0.21118984
0.21118984
0.0
0.0
0.21118984
0.0
0.0
0.0
0.21118984
0.21118984
0.21118984
0.21118984
0.0
0.21118984
0.0
0.0
0.0
2.3230882
0.21118984
0.6335695
0.0
0.0
0.42237967
0.21118984
0.0
0.0
0.0
0.7978921
0.0
0.0
0.0
0.0
0.0
0.0
0.0
0.0
0.26596403
13.89896
2.682583
0.0
0.0
0.0
3.5767775
2.682583
0.89419436
0.89419436
0.0
0.0
0.0
0.89419436
0.89419436
19.442753
2.7776384
15.485285
0.8745902
0.0
0.0
0.0
0.8745902
6.122132
0.0
6.996722
0.0
0.0
0.0
0.0
2.6237707
3.4983609
0.8745902
0.0
3.4983609
14.359217
0.034007628
0.034007628
0.10202289
0.034007628
0.0
0.0
0.10202289
0.0
0.0
0.068015255
0.068015255
0.034007628
0.034007628
0.0
0.034007628
10.378514
0.5013961
0.5013961
0.5013961
1.5041883
0.5013961
0.0
0.0
0.0
1.5041883
0.0
3.0083768
0.5013961
0.0
0.0
0.5013961
0.5013961
0.0
0.0
0.0
0.5013961
0.0
0.0
0.5013961
0.5013961
0.5013961
0.0
0.0
0.5013961
0.0
0.5013961
0.5013961
0.0
2.0055845
0.5013961
6.235078
1.3974007
0.0
0.0
0.69870037
0.0
0.0
0.0
0.0
0.0
4.192202
0.69870037
2.7948015
0.0
0.69870037
0.69870037
4.192202
9.781804
0.0
0.0
0.0
0.69870037
0.0
0.0
0.0
0.0
17.074905
4.288055
10.291332
1.715222
22.297882
0.0
0.0
30.040476
0.0
1.6647254
10.820717
1.6647254
2.4970882
0.0
0.0
0.0
15.814896
0.0
0.0
0.0
2.4970882
3.3294508
4.6555257
0.004247951
0.0
0.0
0.012743853
0.0
0.008495902
0.004247951
0.004247951
0.008495902
0.0
0.0
0.0
0.0
0.0
0.0
0.0
0.0
0.004247951
0.008495902
0.008495902
0.0
0.016991803
0.004247951
0.004247951
0.0
0.0
0.008495902
0.0
0.012743853
0.1274385
0.008495902
0.004247951
0.0
0.0
0.004247951
27.07654
0.0
0.0
1.1401591
0.57007957
3.4204774
0.0
0.57007957
2.2803183
0.57007957
7.4110355
19.836079
0.3685007
0.0
2.7732537
0.0
0.0
0.62049997
0.31024998
0.62049997
0.62049997
0.31024998
4.0332503
0.62049997
0.0
0.31024998
1.2409999
0.31024998
0.31024998
0.31024998
0.0
0.0
0.0
6.7110686
1.6916274
9.30395
16.07046
1.6916274
2.537441
10.636165
0.18858474
2.5061684
0.79066795
0.0
0.8021954
0.0
1.6043909
2.4065862
0.8021954
0.8021954
0.8021954
0.0
0.0
0.0
0.0
0.0
0.8021954
3.2087817
0.35933217
0.62883127
0.0
0.0
0.0
0.08983304
0.0
0.0
0.0
0.08983304
0.08983304
0.08983304
0.0
0.08983304
0.08983304
0.17966609
0.0
1.0779964
0.0
1.3837521
0.0
3.9905267
0.0
0.20563588
0.73805475
0.0
0.0
7.1255684
0.0
0.0
0.34967038
0.54554784
0.0
0.0
0.0
0.54554784
0.54554784
0.54554784
2.1821914
0.54554784
1.0910957
0.5576705
2.230682
0.5576705
1.6730114
0.5576705
1.089599
0.0
0.0
0.0
0.5447995
1.089599
1.089599
0.5447995
1.089599
0.0
0.0
0.6987701
0.6987701
0.6987701
0.6987701
0.6987701
1.3975402
0.6508813
0.0
3.742208
0.0
0.0
0.0
0.9761781
0.9761781
5.3689795
0.48808905
0.9761781
12.090058
0.56327325
0.56327325
0.56327325
0.56327325
0.56327325
0.0
0.0
3.4449706
2.5421197
1.3502421
0.0
4.0507264
0.67512107
0.0
0.0
0.0
7.4263325
0.67512107
3.3756053
4.0507264
0.67512107
0.67512107
0.67512107
0.67512107
0.0
0.67512107
0.67512107
1.3502421
0.67512107
0.0
0.0
0.0
0.0
0.0
18.228273
20.253637
12.533542
2.3716838
3.5575259
0.59292096
5.929209
7.115051
0.0
0.0
2.3716838
0.59292096
0.0
0.0
0.59292096
0.59292096
1.1858419
0.0
0.0
1.7787628
0.59292096
0.0
0.59292096
0.59292096
1.1858419
0.59292096
0.0
0.0
0.37121382
0.49495175
0.12373794
0.24747588
0.24747588
0.49495175
0.12373794
0.12373794
0.0
0.12373794
0.24747588
0.12373794
0.12373794
0.12373794
0.12373794
0.0
0.12373794
0.6186897
0.0
0.0
0.24747588
0.12373794
0.12373794
0.0
0.0
0.12373794
0.12373794
0.12373794
0.12373794
0.0
0.0
0.12373794
0.12373794
0.0
0.0
0.0
9.502766
0.0
0.8638878
3.4555511
2.5916634
1.7277756
0.8638878
0.0
0.8638878
0.0
0.8638878
0.8638878
0.8638878
0.0
0.8638878
0.0
12.958317
0.8638878
0.0
0.0
0.0
0.8638878
0.0
0.0
0.0
0.0
0.0
0.0
0.0
1.7277756
0.0
0.8638878
0.0
0.0
0.8638878
0.8638878
0.8638878
0.8638878
0.0
0.0
0.0
1.7277756
0.8638878
0.0
0.0
0.8638878
1.7277756
0.8638878
6.0472145
0.8638878
0.8638878
0.0
0.0
0.0
0.0
0.0
0.8638878
0.8638878
0.0
0.8638878
0.0
0.0
0.0
0.8638878
0.0
0.0
0.0
0.0
0.0
0.0
0.0
0.8638878
16.413868
0.8638878
0.0
0.0
0.8638878
2.5916634
0.8638878
0.0
0.0
6.0472145
13.822205
17.277756
2.5916634
0.8638878
7.77499
6.9111023
0.8638878
14.852795
1.458335
0.7291675
0.7291675
0.7291675
0.0
0.0
3.6458375
3.6458375
0.7291675
2.1875026
0.7291675
0.7291675
2.1875026
0.0
0.0
2.91667
0.7291675
0.7291675
0.7291675
0.0
0.7291675
0.7291675
0.0
1.458335
0.0
0.0
0.7291675
0.7291675
0.0
0.0
0.7291675
11.666682
0.7291675
0.7291675
1.458335
0.0
0.0
0.7291675
3.6458375
0.7291675
2.91667
0.7291675
0.7291675
1.458335
0.7291675
0.7291675
0.7291675
0.7291675
0.7291675
0.7291675
0.7291675
0.7291675
0.7291675
5.0161996
0.17129537
0.17129537
0.17129537
0.34259075
0.34259075
0.0
0.17129537
0.17129537
0.0
0.0
0.17129537
0.17129537
0.17129537
0.0
0.0
0.0
0.0
0.0
0.17129537
0.0
0.0
0.0
0.0
0.34259075
0.0
0.17129537
0.17129537
0.17129537
0.17129537
0.17129537
0.17129537
0.0
0.17129537
0.0
0.17129537
0.0
0.17129537
0.34259075
0.34259075
0.17129537
0.0
0.0
0.34259075
0.0
1.7129539
0.17129537
0.0
0.17129537
0.8564769
0.34259075
0.17129537
0.17129537
0.0
0.17129537
1.5416585
0.0
0.0
0.0
0.17129537
0.17129537
0.0
0.0
0.17129537
0.5138861
0.17129537
1.1990677
0.0
0.0
0.0
0.17129537
0.0
0.17129537
0.17129537
0.17129537
0.17129537
0.17129537
0.17129537
0.0
0.0
0.17129537
0.0
0.6851815
0.6851815
0.0
0.0
0.34259075
0.17129537
0.17129537
0.17129537
0.17129537
0.0
0.17129537
0.0
0.0
0.17129537
0.17129537
0.34259075
0.17129537
0.17129537
0.0
0.0
0.0
0.0
4.963629
0.0
0.6845253
0.6845253
0.6845253
0.6845253
0.0
0.0
0.0
0.0
0.6845253
5.0355473
0.0
0.0
0.0
0.0
0.9939905
0.0
0.9939905
0.0
0.9939905
0.9939905
0.9939905
0.0
0.0
0.9939905
0.0
0.9939905
0.0
0.0
1.987981
0.9939905
5.963943
0.9939905
0.9939905
0.0
0.0
0.9939905
0.0
0.0
0.9939905
0.9939905
0.9939905
0.9939905
0.9939905
0.9939905
0.0
0.0
0.0
0.9939905
0.9939905
0.9939905
1.987981
0.9939905
0.9939905
0.9939905
0.0
0.0
0.0
1.987981
0.9939905
0.9939905
0.9939905
0.9939905
