0.9481125
0.32459238
0.7022396
0.38273695
0.3063699
0.088734426
0.0033659074
0.46364895
0.637053
0.80403006
0.8741488
0.41068444
0.64088607
0.9101937
0.16572395
0.14167519
0.7379193
0.71367264
0.039083097
0.78961307
0.8061299
0.8271371
0.9075159
0.27754655
0.73104197
0.3358868
0.19698833
0.47594523
0.6612574
0.49455768
0.8521899
0.93827206
0.7289884
0.6330903
0.4847756
0.55233693
0.10872046
0.6208933
0.89229524
0.82405025
0.88170874
0.90599674
0.53082246
0.07028969
0.7278361
0.7447568
0.9310854
0.34244132
0.6896837
0.9267038
0.26888487
0.6418402
0.05547747
0.3448319
0.43083677
0.7097021
0.394429
0.7631874
0.7507876
0.14384419
0.8578532
0.993589
0.54026574
0.71918255
0.76903826
0.64708
0.13814251
0.7716353
0.759626
0.75609577
0.6149546
0.90531254
0.19315003
0.63523453
0.30329242
0.93774825
0.83734775
0.7174701
0.5732825
0.66262394
0.9182898
0.8395196
0.831641
0.10993716
0.015980273
0.9610825
0.15921435
0.5085252
0.5958512
0.5511788
0.0446633
0.52136564
0.53830624
0.32730955
0.9629437
0.59194106
0.7686524
0.6228901
0.4888479
0.97964895
0.9421293
0.45827863
0.57919943
0.3531088
0.082993716
0.43994686
0.7561211
0.7491941
0.38278353
0.19514252
0.94548213
0.7862657
0.8947498
0.35810018
0.17326547
0.50657064
0.6200832
0.9503905
0.765493
0.65411496
0.6014019
0.6077044
0.4967292
0.90094304
0.37446192
0.33686244
0.49575388
0.8939488
0.013650416
0.17002264
0.40258682
0.8279798
0.806808
0.2145323
0.96997166
0.250031
0.34703624
0.7528423
0.005346571
0.30673057
0.84891045
0.36513716
0.6216377
0.12893927
0.33302063
0.6561966
0.20054308
0.027390828
0.9248231
0.97623724
0.84364
0.24924234
0.6836906
0.5987433
0.037633933
0.5023671
0.71687305
0.6506911
0.60646445
0.037865162
0.30715457
0.7724201
0.21286234
0.92545164
0.17332526
0.07782667
0.7332317
0.8035182
0.66342884
0.52549404
0.8330373
0.47217914
0.5779347
0.46569562
0.89679474
0.5099813
0.9595301
0.24622513
0.6316492
0.87667507
0.56897426
0.07671461
0.0649414
0.41120863
0.43190715
0.3783302
0.20654532
0.32856205
0.2008654
0.18869056
0.54073036
0.9387553
0.58828145
0.25398874
0.9608308
0.84532785
0.27952027
0.03393477
0.7671448
0.23875116
0.54646397
0.92342645
0.9752761
0.30990374
0.7072655
0.13053448
0.14546713
0.22314687
0.35863063
0.29093596
0.7891125
0.43720308
0.74853903
0.032599736
0.56239575
0.5333348
0.29461357
0.36517683
0.35342732
0.7241913
0.2496843
0.82883114
0.7585954
0.42529145
0.49329722
0.7378572
0.07406351
0.5909487
0.2794909
0.114949085
0.24325152
0.7329908
0.9955873
0.18604448
0.44072288
0.2767471
0.46631935
0.8647811
0.9670511
0.7149045
0.376502
0.9576495
0.73882353
0.20773026
0.63246447
0.57199043
0.80414945
0.87626314
0.9126125
0.78474855
0.87771106
0.6127917
0.67251885
0.8295069
0.08607816
0.18924695
0.68516874
0.5301217
0.11938051
0.8777507
0.011371393
0.13923039
0.14971271
0.5959799
0.5282114
0.005669353
0.43354684
0.8012172
0.07892705
0.40428925
0.08494324
0.3081729
0.99577165
0.28129286
0.70818794
0.021351418
0.24628231
0.69255745
0.21442038
0.34223974
0.3960711
0.8733474
0.92727345
0.7101818
0.7168913
0.76219285
0.2681977
0.44119665
0.2874823
0.28505376
0.27406532
0.5636433
0.9928521
0.18034375
0.41266567
0.32214397
0.35178205
0.19082832
0.9297629
0.5408131
0.35052958
0.5612784
0.84072334
0.88454854
0.706236
0.7752516
0.31847572
0.46981034
0.7847823
0.7249301
0.5876776
0.87680227
0.38873234
0.6262692
0.6650481
0.05035841
0.45406553
0.50290966
0.022356048
0.8430287
0.4049872
0.3044259
0.17858265
0.9632345
0.22802429
0.9874004
0.5831602
0.67060876
0.24814342
0.9580099
0.58306444
0.26836404
0.89323354
0.6380705
0.69357276
0.7582296
0.5219931
0.05551616
0.4886019
0.7372087
0.3296952
0.70854264
0.12528001
0.91909033
0.89287394
0.49342728
0.7522101
0.657452
0.62221485
0.5073471
0.8118354
0.9411752
0.43347853
0.2659025
0.011580499
0.6757029
0.33344308
0.93138325
0.37311268
0.06319579
0.33503392
0.3183168
0.48684573
0.77429366
0.7001226
0.9719476
0.83789986
0.798603
0.37782365
0.56740177
0.55358416
0.25558144
0.42938924
0.963811
0.8222971
0.7832256
0.47747073
0.23255351
0.11430511
0.94646037
0.015144443
0.5480031
0.41071144
0.8765926
0.44346553
0.96560085
0.41045132
0.4097419
0.32385653
0.21601331
0.24239169
0.06829988
0.0361076
0.74481285
0.056167055
0.66574085
0.9368536
0.007418671
0.06855596
0.4724752
0.24103476
0.7033722
0.5566351
0.46410495
0.6852795
0.46819708
0.5861568
0.35007703
0.13241705
0.09418578
0.8386521
0.24142583
0.60110563
0.0053050723
0.2760609
0.9199546
0.22897795
0.13441828
0.76295835
0.24957584
0.66127557
0.29573482
0.0031253
0.8946964
0.052353077
0.08929926
0.66201967
0.85174155
0.00641986
0.30366135
0.33679944
0.19335005
0.12053243
0.59535605
0.52886766
0.5725135
0.5370143
0.8380667
0.5980262
0.81244564
0.109741114
0.984245
0.7961334
0.4086492
0.6324984
0.3173798
0.5457401
0.62100065
0.89639777
0.34506926
0.9801511
0.5687544
0.38427103
0.8366366
0.117713556
0.5705215
0.7523328
0.83343893
0.6644922
0.439305
0.1389437
0.9532519
0.9279063
0.006378191
0.0693008
0.72279555
0.541257
0.109192654
0.29899284
0.33320782
0.153732
0.63519377
0.5206322
0.3147192
0.14256276
0.28663304
0.9295419
0.7077435
0.58794284
0.037091047
0.4229243
0.6503509
0.7837159
0.6268923
0.95993394
0.0057530277
0.76243854
0.524579
0.9558759
0.7328046
0.94362295
0.76180935
0.764513
0.8395198
0.8028464
0.5104881
0.6908816
0.06653991
0.724713
0.17688186
0.9274454
0.8021451
0.12532942
0.19630095
0.9966193
0.16324309
0.8440718
0.3324447
0.73751247
0.34996337
0.5564484
0.40945673
0.7744435
0.24174458
0.52539414
0.12226769
0.5085678
0.11121832
0.66666
0.70352435
0.6742364
0.068273365
0.4691613
0.16338132
0.36513963
0.12037678
0.95700693
0.5334034
0.115025826
0.81300664
0.5593679
0.43687862
0.026543919
0.49094218
0.34236467
0.5540356
0.27866647
0.69654524
0.8473811
0.51181084
0.43318042
0.18664901
0.11832831
0.2379879
0.2950393
0.9793312
0.76356524
0.9755856
0.033679646
0.5534932
0.9279221
0.83379537
0.049242605
0.44245726
0.68146676
0.97599
0.7165302
0.8796244
0.8641253
0.7944659
0.39802882
0.99262524
0.2172475
0.35828418
0.12352103
0.4903672
0.011685361
0.3492694
0.8372171
0.71704316
0.4540111
0.7814819
0.77095264
0.37375334
0.70568603
0.8505081
0.14726639
0.6953141
0.87097764
0.34847835
0.09105015
0.4859874
0.72827417
0.63226926
0.43240142
0.040726997
0.80405235
0.00054175884
0.74265206
0.9239931
0.81945556
0.8297603
0.71176
0.7728613
0.7844764
0.59874594
0.29813963
0.58126247
0.51763725
0.059373688
0.4258925
0.47422856
0.9179289
0.72667384
0.35707754
0.056181066
0.056097563
0.31418028
0.56596255
0.7134252
0.30519983
0.28531405
0.15068713
0.36725667
0.17378877
0.12752813
0.62950283
0.7724567
0.84490246
0.27606767
0.7983475
0.9605887
0.30454513
0.4554033
0.38254023
0.043668516
0.52189016
0.8887032
0.8366887
0.84040254
0.43078938
0.11364984
0.97579724
0.71743935
0.7189322
0.72470343
0.3624931
0.14698617
0.33844307
0.45181158
0.3784712
0.19003153
0.36148468
0.28046647
0.16284764
0.86362255
0.58621734
0.18821503
0.73959863
0.016889999
0.070671335
0.709177
0.4373186
0.31702036
0.59747857
0.7768355
0.38408035
0.46396828
0.6015647
0.9720209
0.98260754
0.8864873
0.8270384
0.58934385
0.5218942
0.02215079
0.2077361
0.5209511
0.61150986
0.35574213
0.82784724
0.5992953
0.24736087
0.2952606
0.11235725
0.69325906
0.6106218
0.14602779
0.57878363
0.18761158
0.9828241
0.8768566
0.41269943
0.939387
0.24447773
0.43945885
0.82543814
0.76160467
0.8367481
0.683973
0.8703703
0.030099237
0.6098919
0.6222897
0.06772172
0.46693876
0.5217632
0.08834854
0.58356524
0.6504613
0.6501245
0.73155874
0.3263538
0.8669232
0.56998223
0.8636931
0.9949649
0.82268107
0.59462404
0.7089859
0.68414986
0.5785151
0.7175898
0.97633976
0.107252225
0.7112667
0.36165264
0.48028758
0.28038794
0.088323206
0.5900103
0.19448762
0.32350388
0.6325233
0.25074637
0.85554975
0.46231446
0.49123344
0.2965487
0.66509545
0.31925768
0.48288518
0.91446036
0.58667904
0.20981526
0.1076885
0.05600343
0.60499823
0.12941512
0.48079118
0.47885534
0.57572424
0.030284021
0.15035865
0.3408809
0.3103939
0.65061796
0.70141184
0.90731514
0.18890145
0.19367084
0.037356317
0.38755313
0.84998125
0.07470566
0.045817986
0.9947329
0.8925169
0.24887924
0.3125081
0.37742135
0.3113478
0.5390008
0.638494
0.39926967
0.9156647
0.44467023
0.9829238
0.10963787
0.5506486
0.1492659
0.21150407
0.48802513
0.44369996
0.9992021
0.05578837
0.5950994
0.95054686
0.7936303
0.50574106
0.43035892
0.020140829
0.4014497
0.8352041
0.75803524
0.25770822
0.12446473
0.75439245
0.85046303
0.685329
0.55545354
0.7654143
0.17638794
0.5760362
0.7575437
0.35959727
0.14022267
0.26971924
0.21381769
0.8366209
0.13878064
0.9370251
0.70193607
0.5376062
0.011772672
0.87288785
0.7277067
0.9063643
0.34741968
0.45848858
0.96268255
0.2872731
0.6815375
0.93848443
0.6627675
0.43490964
0.25963503
0.8876013
0.42260757
0.8498348
0.05775747
0.9070063
0.8228076
0.22638896
0.91967756
0.102720596
0.27351362
0.2841434
0.89850736
0.7709808
0.73027915
0.26739475
0.52075773
0.014724315
0.55078894
0.6478418
0.9100546
0.48985776
0.6230929
0.114930026
0.9268209
0.77953094
0.43314418
0.1792601
0.3068549
0.55864465
0.18364686
0.1727886
0.31631124
0.39476776
0.36344284
0.27163875
0.08738885
0.87962663
0.39042237
0.3093449
0.90675676
0.11419122
0.6349552
0.07532539
0.9532254
0.57480276
0.050127603
0.6703219
0.70162433
0.65506303
0.31211138
0.5283178
0.46247193
0.978642
0.99288523
0.005154492
0.18001412
0.07531766
0.7726299
0.62415093
0.728748
0.16227792
0.97874343
0.033803623
0.09499662
0.2957397
0.09795159
0.92921376
0.17290686
0.9759461
0.46648654
0.5183193
0.6178664
0.70434153
0.47562233
0.9013654
0.9480486
0.94982433
0.40620673
0.66304576
0.9124437
0.44771972
0.6772953
0.41717714
0.17162304
0.37760538
0.16378932
0.66028774
0.5645451
0.6655786
0.2285971
0.77134115
0.49291387
0.6414334
0.42036444
0.53513664
0.11407799
0.091817364
0.44384465
0.5206413
0.23496467
0.405711
0.37124753
0.7689933
0.6805748
0.4148193
0.9744303
0.3373705
0.24919036
0.24782299
0.9299179
0.7170749
0.5469598
0.39406314
0.6214941
0.90539676
0.30570006
0.782589
0.7870168
0.29948086
0.1855811
0.041914098
0.72374755
0.7367532
0.3971925
0.5278931
0.63810927
0.7738989
0.6411628
0.97191787
0.3751136
0.010707709
0.7714236
0.70012194
0.5756771
0.9833685
0.3243819
0.72176194
0.86236006
0.9970412
0.15448254
0.004928585
0.12286435
0.34596905
0.029768834
0.32638913
0.5014255
0.5417592
0.2594733
0.0770012
0.8521334
0.084427774
0.5229068
0.732352
0.8409609
0.6698269
0.88547856
0.54566187
0.8570947
0.84643936
0.5248561
0.97715986
0.6551051
0.13989341
0.81490463
0.04996865
0.6944083
0.62277216
0.39872444
0.66363657
0.87344307
0.27833518
0.42151654
0.8104859
0.6173074
0.38037202
0.8453717
0.04006239
0.7394875
0.44218776
0.797475
0.4608512
0.9773644
0.17331101
0.590963
0.79350525
0.28594032
0.8713919
0.5145745
0.5260964
0.51418227
0.14069347
0.5798676
0.840688
0.26462397
0.17527598
0.30614173
0.320097
0.5862324
0.18151942
0.6642134
0.74548453
0.2593982
0.41731602
0.64938396
0.6235328
0.88434815
0.4451598
0.20310643
0.24667189
0.70067143
0.65326333
0.111800395
0.8967524
0.24043357
0.21980426
0.5171384
0.50290453
0.8808931
0.33122465
0.7040451
0.76164895
0.5058687
0.8939347
0.8191225
0.28928772
0.8448414
0.69015604
0.8989121
0.5269791
0.5443457
0.025770525
0.14421041
0.28118458
0.8159856
0.38266978
0.018882845
0.6185092
0.9218846
0.42126673
0.8542402
0.071777634
0.70151156
0.6999946
0.4168137
0.36492464
0.4123464
0.34005806
0.7525666
0.25383586
0.3222695
0.37383723
0.5812906
0.09834876
0.11927112
0.23083888
0.3668737
0.8056421
0.62187725
0.13692299
0.050630767
0.35324195
0.26665848
0.6206759
0.84752905
0.9211504
0.806337
0.53942513
0.8891192
0.35906607
0.8837949
0.15809649
0.8388102
0.39956754
0.65898716
0.59367085
0.36888605
0.81260365
0.47647443
0.65144694
0.13457325
0.48578483
0.13377258
0.18526387
0.15270111
0.07625546
0.38910437
0.22685064
0.6953315
0.8973062
0.715061
0.8117261
0.2775397
0.028020326
0.8551988
0.9095977
0.40609214
0.6540923
0.20877905
0.08525091
0.3655891
0.48648018
0.8134079
0.4493682
0.044398896
0.9963629
0.67048395
0.4460642
0.48705697
0.85885626
0.93747413
0.6195616
0.60221916
0.16328485
0.7629627
0.72137016
0.36740777
0.4737131
0.7234352
0.4553242
0.12057034
0.79385686
0.26824048
0.4852873
0.028379587
0.5408853
0.5180008
0.75952053
0.49184012
0.48365602
0.8258625
0.42560905
0.0020645154
0.6689967
0.90525234
0.42238596
0.7153883
0.8561999
0.49644276
0.80382514
0.43623868
0.90287644
0.90387815
0.5489846
0.089810796
0.08080905
0.9578281
0.42120537
0.03134864
0.112442546
0.44476023
0.2754638
0.19222516
0.25042868
0.2499147
0.7608702
0.90365463
0.10321296
0.18932489
0.98682415
0.4770149
0.1609425
0.4563746
0.9013128
0.15805885
0.8425931
0.6979879
0.65128475
0.9393864
0.71461576
0.17859782
0.00970328
0.91895574
0.39434355
0.12002527
0.29721716
0.84001523
0.04337373
0.17823108
0.9997396
0.50111264
0.7689911
0.012867003
0.8192172
0.98145956
0.30968702
0.51378614
0.41526955
0.7259918
0.11130617
0.0763058
0.93096775
0.30338895
0.54424506
0.25133368
0.46257576
0.48680618
0.16403815
0.81401587
0.25212294
0.3529579
0.2932113
0.8341964
0.9294309
0.57352954
0.9240524
0.86579514
0.029356722
0.30603892
0.72964966
0.039650694
0.7986728
0.83295137
0.91971385
0.8083509
0.18167803
0.18930307
0.6251694
0.8174228
0.9960658
0.42937508
0.18685748
0.19665673
0.83577657
0.7370175
0.31491193
0.8661526
0.55725616
0.6899391
0.16299558
0.79789776
0.018115334
0.6058294
0.5540363
0.072298355
0.96187925
0.5435523
0.83267033
0.32840315
0.98342377
0.7129305
0.32389796
0.74292654
0.92315537
0.6920613
0.6945024
0.37176245
0.23287399
0.050627347
0.21493343
0.3249687
0.93727887
0.08971532
0.83089536
0.3017998
0.55104166
0.14867061
0.19003204
0.8922339
0.8117189
0.23116888
0.85726917
0.5523291
0.18754359
0.30141503
0.8378781
0.50276655
0.56941885
0.09766625
0.920443
0.64934295
0.47352546
0.37457025
0.86992884
0.53093934
0.73608875
0.15981479
0.7434099
0.24155809
0.3803641
0.35717678
0.78330845
0.2906015
0.17882286
0.3457793
0.81787294
0.5343484
0.3299358
0.28256467
0.09919062
0.95661503
0.6198227
0.88804287
0.33727384
0.35398954
0.18168475
0.9594728
0.056597255
0.6515012
0.059166998
0.5196251
0.89217675
0.9739469
0.48541036
0.8912397
0.17430295
0.79027337
0.15352331
0.647363
0.23509023
0.11498676
0.71078277
0.50247395
0.85777974
0.80803734
0.695442
0.791833
0.7271612
0.22815868
0.025182998
0.18232396
0.96482307
0.601773
0.27038512
0.5624473
0.2772521
0.06835559
0.43438855
0.20723495
0.6784016
0.7261541
0.5894994
0.665287
0.8302284
0.8140784
0.9825646
0.9027937
0.16196515
0.042200305
0.88682604
0.3436796
0.9275403
0.44422922
0.30193242
0.956889
0.6632693
0.51519185
0.34623295
0.617962
0.6605797
0.9893307
0.75441587
0.28931403
0.8433038
0.38076285
0.88644624
0.09023309
0.7601191
0.44341615
0.85937893
0.5063417
0.04074201
0.36781803
0.0071928515
0.7692583
0.27762142
0.31814918
0.42703074
0.32827058
0.84765446
0.62807614
0.29622132
0.18836097
0.7585075
0.19964087
0.7246106
0.6263161
0.00839249
0.68284804
0.32776615
0.5550641
0.7358963
0.59040004
0.8948169
0.22554287
0.6284015
0.8753747
0.47131172
0.009947072
0.9634493
0.4297905
0.0685757
0.63509285
0.7692412
0.31020066
0.89336514
0.5885945
0.5609653
0.2941431
0.4511936
0.84493303
0.21833402
0.16200641
0.745286
0.8244542
0.5433439
0.6236426
0.64012146
0.23629181
0.27616557
0.5276278
0.81677693
0.13125998
0.50770247
0.53931427
0.6529323
0.32420552
0.83670247
0.44553375
0.5599804
0.54010826
0.35202622
0.3320052
0.73511744
0.7316571
0.008577998
0.8089598
0.87510026
0.06847126
0.63725287
0.11853689
0.7100253
0.2378189
0.21561135
0.013218835
0.8973468
0.79012173
0.5319833
0.16840085
0.25239882
0.6289977
0.40185934
0.15399994
0.27788514
0.6240253
0.2260548
0.3612291
0.18545596
0.64215916
0.6786019
0.27266535
0.9347214
0.18627232
0.7437507
0.8962282
0.33147815
0.6709687
0.2113192
0.09102859
0.54081273
0.092157535
0.2311755
0.3448983
0.21796215
0.90152425
0.91153896
0.062079303
0.20360336
0.22983383
0.081131004
0.28245962
0.47999573
0.9558779
0.3443635
0.65908015
0.020268392
0.78733456
0.7453643
0.81613386
0.10335678
0.15367496
0.3811264
0.0020504838
0.37694663
0.8225561
0.081527084
0.082323976
0.6700541
0.08849667
0.89102924
0.16357625
0.9120757
0.9221629
0.32426852
0.95752454
0.7732321
0.95229757
0.41383943
0.59539676
0.09940891
0.85063624
0.89696777
0.7310756
0.4783318
0.64686483
0.16514592
0.11316313
0.4116081
0.47444353
0.709059
0.56509024
0.6321917
0.7223634
0.96508056
0.15269254
0.196626
0.3835013
0.9834849
0.868658
0.99182904
0.23828559
0.33591053
0.8968757
0.4432543
0.07694757
0.5646291
0.16952065
0.8358718
0.8000123
0.7839297
0.19072156
0.9810287
0.21517958
0.62187636
0.60551363
0.44518834
0.5055463
0.43621883
0.64991176
0.88575613
0.27161613
0.07682152
0.6170899
0.7839068
0.7949412
0.26566973
0.34746704
0.8242829
0.5198554
0.97162
0.6041489
0.51022416
0.5640813
0.9653615
0.36262077
0.37495884
0.027471064
0.112841964
0.4101683
0.58906174
0.8443339
0.7900363
0.6276446
0.5379063
0.46602917
0.21975678
0.16208264
0.7119096
0.9246727
0.732101
0.32696941
0.39793363
0.56430167
0.12091798
0.30241704
0.09099457
0.46991885
0.9142317
0.0476063
0.054749276
0.7661593
0.17090283
0.35963842
0.3152106
0.537844
0.8697227
0.73434454
0.9051005
0.74139476
0.9843334
0.34317955
0.9582963
0.68112993
0.19376107
0.11753944
0.908277
0.32384655
0.091859065
0.6507119
0.7148062
0.87496924
0.22833528
0.8433397
0.6351149
0.18122189
0.3258124
0.5310831
0.7647054
0.7132978
0.43297315
0.14487378
0.76225
0.13947333
0.08539809
0.29908657
0.1281001
0.15482557
0.41953167
0.33588436
0.98495466
0.9483656
0.2955821
0.1368628
0.8726701
0.6724663
0.5761704
0.07710481
0.09752525
0.2919238
0.26755524
0.038465075
0.06980074
0.8871418
0.3223906
0.8228029
0.84940356
0.40241858
0.19891585
0.61262566
0.5750881
0.6749579
0.7792881
0.6141971
0.86803174
0.74374986
0.31657502
0.78811604
0.6128403
0.167284
0.8057876
0.31918138
0.10389023
0.015914092
0.6548229
0.26283425
0.58055604
0.7992813
0.8980075
0.98017603
0.482113
0.5381485
0.67647934
0.12097522
0.029556597
0.51585895
0.29104787
0.36954588
0.23537157
0.7182933
0.8127981
0.17562413
0.49870154
0.8932589
0.24602294
0.98028237
0.9677752
0.68537676
0.830768
0.67616516
0.6075282
0.9712376
0.5890867
0.44398215
0.1589035
0.8954685
0.113690875
0.77707475
0.6681621
0.41538098
0.8940112
0.07591574
0.5587848
0.5564452
0.931923
0.8751248
0.22262941
0.9471085
0.1649781
0.31289375
0.39398676
0.056817204
0.80243605
0.18055466
0.8617602
0.06473261
0.13215579
0.23012681
0.9649639
0.09431614
0.8742527
0.543329
0.62043047
0.99108094
0.077861585
0.49663624
0.8549452
0.3378073
0.86048263
0.75332344
0.34204274
0.4807043
0.3634043
0.027766911
0.50492525
0.322099
0.15877578
0.91279346
0.9298969
0.2160407
0.3513734
0.9437006
0.80347145
0.23097728
0.8586179
0.37010637
0.22341055
0.5356899
0.03164475
0.35154375
0.8148159
0.1918813
0.23611854
0.21150716
0.6034535
0.40164655
0.008235334
0.3897709
0.35016936
0.80186564
0.027242709
0.07268129
0.895628
0.48584872
0.6743527
0.13743135
0.6946042
0.78098834
0.5920278
0.026395548
0.053180557
0.8941556
0.72893196
0.034387402
0.7497213
0.4683705
0.18774943
0.18917507
0.10973097
0.16486724
0.4758137
0.66675293
0.6313174
0.013202457
0.7394196
0.9310886
0.30354616
0.32101664
0.63008285
0.21928231
0.25959978
0.043824162
0.059613947
0.09275053
0.2600777
0.4433645
0.14708644
0.344879
0.47113115
0.9143802
0.16473348
0.08428419
0.88259757
0.98824006
0.79411983
0.36923409
0.46463028
0.41978702
0.71322787
0.10555582
0.20241047
0.5293945
0.4758649
0.045632802
0.43620262
0.8658477
0.05386349
0.44609094
0.3454095
0.47661957
0.9168614
0.1411198
0.7369808
0.80626684
0.8582335
0.91143525
0.5125615
0.26916677
0.74133265
0.35922274
0.92942995
0.26320794
0.6431414
0.8657658
0.79717875
0.25199464
0.05535227
0.035037573
0.2983089
0.866412
0.4572003
0.3585316
0.8236515
0.78481025
0.49088743
0.018108353
0.3638808
0.4641844
0.8388188
0.941362
0.62568164
0.026015768
0.66774315
0.5503124
0.7161323
0.7139379
0.26781914
0.85276407
0.39781487
0.27379662
0.39522412
0.36193392
0.1638325
0.6775624
0.43712044
0.3346852
0.5990314
0.6157544
0.6052434
0.14421919
0.34061602
0.86471486
0.4921043
0.6643048
0.7359872
0.24848586
0.35791376
0.03589089
0.590839
0.55313885
0.18650597
0.6817267
0.10463206
0.93617374
0.33192235
0.45755124
0.1628668
0.2708481
0.36329648
0.27551776
0.015150884
0.18428263
0.33424923
0.016556103
0.019923545
0.6115823
0.70550287
0.42363724
0.45992792
0.81779236
0.6379371
0.69325155
0.83398664
0.6333493
0.968836
0.7483194
0.07920512
0.7551638
0.37502453
0.05027287
0.5891137
0.73928666
0.6850614
0.06923314
0.6904979
0.9222375
0.42331538
0.24251725
0.44605052
0.85593235
0.51716095
0.03776632
0.3608941
0.48615155
0.06289704
0.4992669
0.79642355
0.5799599
0.4115087
0.15009843
0.059238885
0.47696954
0.60375625
0.22311097
0.42731488
0.47191435
0.81756246
0.8011684
0.1895913
0.8942588
0.9521593
0.8629152
0.8931778
0.38010055
0.15736581
0.47678837
0.44525927
0.34353518
0.114151016
0.29791945
0.44735712
0.02676643
0.2932501
0.88104826
0.005507342
0.01858622
0.50076216
0.35076126
0.41215616
0.35556704
0.165162
0.9529847
0.14760262
0.44983184
0.37284836
0.7223306
0.8865702
0.69604206
0.12964588
0.6287156
0.9567595
0.08213265
0.49550244
0.18796876
0.7897256
0.53142357
0.8329495
0.52374375
0.5029525
0.5577682
0.27314287
0.6195041
0.8269312
0.025456466
0.52222216
0.6729675
0.5627994
0.76753825
0.9006214
0.4665884
0.043966793
0.22615172
0.28371567
0.29985398
0.2240187
0.28162056
0.5030618
0.58645016
0.93005985
0.9004227
0.48684877
0.5211412
0.06657897
0.213728
0.14648366
0.057419993
0.54788333
0.15987477
0.6172216
0.07535164
0.52574253
0.7782102
0.71712947
0.22443329
0.24298525
0.4132004
0.18509139
0.51820666
0.56435674
0.16433644
0.5210561
0.405431
0.38579556
0.6991794
0.96264493
0.9846749
0.13424492
0.89941
0.84933615
0.19107775
0.8450679
0.7370447
0.55569416
0.46339986
0.48678368
0.5965645
0.7820819
0.74297017
0.9979275
0.13928069
0.7006285
0.7603903
0.66789794
0.46564233
0.7388535
0.61591315
0.3418223
0.3849826
0.6825231
0.25446075
0.81327933
0.4389882
0.2718885
0.73307097
0.88839746
0.25961775
0.07737063
0.47843692
0.28432003
0.7416787
0.3187451
0.75075674
0.62401664
0.48272872
0.8171013
0.584241
0.78076595
0.7801808
0.7093218
0.8365809
0.048518755
0.17591584
0.686662
0.20980197
0.043928377
0.3779754
0.6161991
0.26611403
0.9527606
0.20442826
0.93128854
0.86500907
0.4021248
0.70156145
0.1227004
0.80318785
0.76723975
0.14889859
0.121870756
0.19191843
0.081324525
0.4784343
0.81889576
0.07392254
0.32011038
0.6971652
0.63638264
0.733264
0.682762
0.099262066
0.43621245
0.70238876
0.14677885
0.9239734
0.9226307
0.3110577
0.19947787
0.30802563
0.580127
0.2612072
0.36981308
0.22498085
0.50745654
0.6659036
0.13634644
0.84792596
0.26187223
0.4312937
0.03274349
0.4656551
0.36534578
0.8475869
0.8608261
0.643144
0.13264717
0.52888644
0.7958321
0.9626214
0.38981384
0.2633733
0.49966657
0.5345455
0.24552578
0.01671194
0.8102978
0.053732906
0.058637068
0.1126544
0.32630846
0.162545
0.8623348
0.1236655
0.25029212
0.16184661
0.30659828
0.575755
0.54710853
0.74024683
0.78788936
0.49258953
0.463321
0.3636229
0.9141316
0.3375619
0.86620426
0.01085157
0.51551074
0.17818591
0.19059484
0.10807157
0.6555422
0.59719193
0.36290815
0.86079764
0.7848375
0.08343382
0.29797524
0.7032686
0.5422323
0.9870333
0.38496044
0.38430342
0.21783698
0.9556783
0.8707487
0.25056374
0.3992882
0.05643835
0.56535834
0.51729447
0.4120617
0.7484031
0.69295394
0.6416502
0.5272885
0.4011843
0.36191988
0.6467103
0.0654232
0.9281377
0.5522428
0.8099062
0.7977803
0.052300766
0.12047892
0.56428427
0.5744441
0.15395094
0.9118297
0.021969287
0.82573104
0.49853444
0.32232437
0.1540092
0.4499843
0.22613743
0.96523863
0.56757504
0.17657802
0.89530724
0.8846453
0.27603737
0.7281783
0.0688391
0.85659635
0.24278326
0.7358511
0.6114332
0.8973271
0.42101064
0.22747236
0.57063323
0.5877298
0.8324733
0.0034564042
0.73584014
0.580393
0.32329342
0.41873044
0.51979995
0.8280507
0.6538013
0.42162076
0.7061713
0.5808536
0.07717625
0.9745384
0.24312633
0.6018703
0.9613548
0.62392116
0.5501994
0.34327638
0.33848488
0.34355566
0.5740297
0.086407885
0.9789086
0.14995404
0.86097413
0.9789289
0.46877828
0.30318797
0.29721552
0.25512066
0.4662467
0.3852372
0.71098864
0.31890103
0.18326887
0.08800143
0.8532813
0.048812125
0.24411587
0.85299903
0.021203458
0.10855663
0.59205616
0.15904653
0.28508404
0.25752172
0.74492294
0.7645402
0.8819839
0.9840715
0.22313166
0.48470786
0.8667379
0.1970944
0.71286863
0.058784686
0.08566982
0.8471485
0.26135278
0.4725874
0.17788431
0.12799442
0.4929359
0.22680525
0.35200772
0.9381534
0.05275124
0.5108521
0.92481565
0.7573239
0.015764164
0.5244285
0.2857702
0.305349
0.57949996
0.8349272
0.7447368
0.66903394
0.17457137
0.21773787
0.42699468
0.90400267
0.14749569
0.21373639
0.12088319
0.9842784
0.81735563
0.6090619
0.049716987
0.026106171
0.07287589
0.1768897
0.63040876
0.061129935
0.31265172
0.076829284
0.9788633
0.081158765
0.5587394
0.711531
0.83831066
0.34425265
0.63837063
0.793093
0.9678402
0.7686572
0.40455917
0.79505366
0.20677434
0.2958672
0.83454096
0.583034
0.48154473
0.11953775
0.7238737
0.081843905
0.041136283
0.9989149
0.67067236
0.29994488
0.3701789
0.36620292
0.18561475
0.572693
0.5810731
0.41986865
0.6862166
0.39172933
0.61223507
0.5234151
0.9780272
0.6534146
0.4825763
0.3425187
0.70003617
0.9535165
0.086516805
0.90906227
0.38713786
0.27669367
0.50740516
0.5896405
0.7732809
0.35941085
0.5961691
0.20495184
0.17609029
0.49364057
0.9753375
0.035974674
0.88212377
0.3560337
0.104593076
0.03521598
0.08973463
0.85500395
0.77640736
0.23522086
0.21668199
0.6711598
0.9982607
0.7260326
0.49251825
0.05940374
0.5684208
0.5108796
0.34670475
0.65604395
0.055367213
0.6360233
0.71338594
0.12929781
0.72627014
0.43971547
0.58242553
0.9627712
0.8201734
0.7287516
0.14462993
0.74858236
0.8089722
0.24400747
0.18922178
0.5617315
0.6679262
0.71636486
0.8952124
0.91598976
0.5717031
0.9745461
0.6744655
0.6285356
0.94593936
0.2693251
0.924482
0.0067096944
0.26007313
0.5375414
0.57842606
0.049258135
0.6446382
0.25976992
0.25989765
0.7293894
0.0022855403
0.51201016
0.46017048
0.69183344
0.41095105
0.8528533
0.82513905
0.13034073
0.88971245
0.7889152
0.18018205
0.59897
0.7935272
0.47885126
0.6476734
0.081056334
0.8695692
0.94217753
0.76477987
0.063050434
0.29319495
0.37881938
0.8392223
0.6227435
0.40656295
0.2820575
0.07165696
0.34489822
0.097735055
0.6784055
0.9131818
0.99555147
0.6017059
0.9054565
0.9466865
0.80941427
0.11326088
0.19915994
0.44166362
0.1174865
0.97931314
0.22023574
0.39206254
0.31509987
0.45619196
0.38837054
0.18791513
0.5769214
0.88568556
0.7192165
0.9443532
0.85001767
0.32397613
0.87721556
0.43957007
0.6264791
0.105220966
0.76870567
0.6618215
0.78087026
0.82103527
0.5408682
0.23674485
0.903225
0.549318
0.19709235
0.17891279
0.42395273
0.3831978
0.8628688
0.07263957
0.29284313
0.05981032
0.070546225
0.6550983
0.94747114
0.41221628
0.03396516
0.2970525
0.8905528
0.32409513
0.10969725
0.049207065
0.6091151
0.726421
0.22530459
0.834427
0.25994712
0.18060416
0.8716865
0.38163254
0.91775835
0.9324914
0.10232364
0.42581907
0.1863373
0.25124472
0.78266984
0.58461636
0.42425662
0.077118434
0.30890226
0.6401891
0.97239035
0.7612989
0.23301986
0.6369174
0.22159499
0.43798125
0.083232544
0.7380634
0.91379714
0.32018104
0.5763402
0.33882982
0.29100925
0.8469198
0.40678364
0.25645593
0.18509404
0.93957764
0.011545475
0.14726214
0.76097804
0.7437379
0.53615874
0.428798
0.0018637148
0.2959021
0.7164931
0.38257173
0.14162765
0.19950405
0.037114285
0.40734017
0.19180343
0.71074134
0.26130238
0.20025209
0.15501407
0.23556416
0.5733572
0.4055967
0.26848686
0.11494114
0.550027
0.36580494
0.17146464
0.062289745
0.9228612
0.7624031
0.4589848
0.74501896
0.71107686
0.23251511
0.6025245
0.9752674
0.997846
0.41996202
0.41564202
0.38019162
0.30660427
0.27847618
0.0931741
0.5773761
0.44131815
0.31762427
0.13367563
0.36731595
0.56993353
0.22992289
0.1542106
0.7289018
0.19181535
0.119872965
0.23498142
0.8871225
0.5538086
0.027175322
0.6870881
0.22590779
0.6871432
0.37938476
0.97244364
0.7666025
0.95291173
0.32495013
0.73478
0.8483057
0.34724346
0.5652942
0.8115433
0.79181874
0.6278948
0.5778255
0.67143136
0.9228517
0.04489235
0.16738018
0.8968116
0.30766773
0.28188488
0.23794086
0.3441916
0.7008815
0.389521
0.755883
0.9263451
0.6410364
0.17782186
0.94279116
0.3560729
0.0468082
0.62568235
0.5026064
0.7432722
0.34500334
0.8243388
0.64323413
0.20628853
0.07406329
0.14461486
0.82830983
0.9855624
0.91632736
0.73057765
0.42808923
0.33697286
0.7348163
0.68808013
0.013438344
0.4160234
0.7354411
0.5859928
0.18252994
0.10443097
0.95889354
0.4311508
0.7571595
0.43315384
0.17900524
0.39830902
0.41417205
0.50350213
0.9162564
0.24864368
0.6024733
0.29097676
0.010342375
0.7857636
0.9031546
0.2757486
0.8049753
0.23858465
0.34689477
0.75047266
0.961331
0.070369355
0.045875385
0.87938726
0.63249195
0.14351018
0.29162455
0.44148964
0.37831673
0.10818778
0.7242088
0.5755909
0.90170324
0.50461847
0.24460512
0.14015542
0.31686127
0.9193818
0.14365423
0.9402977
0.25667325
0.1862372
0.37437305
0.8412149
0.83495134
0.75764126
0.45269284
0.08075213
0.79132175
0.6843873
0.82095385
0.66046065
0.26391262
0.62739503
0.77545017
0.32622504
0.3834483
0.8246008
0.7938367
0.82091963
0.07679006
0.70326024
0.74629295
0.9670758
0.542046
0.030114708
0.28905144
0.7286747
0.44584543
0.54126793
0.044000477
0.030862035
0.29855245
0.8936091
0.41309872
0.2582255
0.29562297
0.80019563
0.48818585
0.9386021
0.47619566
0.3360517
0.7762433
0.4784534
0.4414454
0.68753564
0.24323992
0.012085603
0.7877931
0.03648343
0.13463183
0.09032083
0.07340653
0.35427487
0.39449406
0.91923594
0.42678556
0.18173006
0.1300708
0.9035882
0.6970027
0.6212579
0.7792675
0.22726135
0.99780697
0.4749485
0.9552801
0.41842347
0.015707444
0.62745124
0.22987315
0.7259213
0.13168849
0.9820676
0.45070124
0.13039863
0.7535641
0.7766438
0.696899
0.52880377
0.7618481
0.07848591
0.2820845
0.2999658
0.922438
0.47163
0.9535769
0.3558445
0.79885435
0.044954177
0.18275571
0.08358235
0.3031683
0.76801205
0.10441094
0.7384689
0.16021648
0.15822522
0.69499725
0.65774703
0.1765671
0.5780339
0.74358964
0.7237715
0.46685666
0.6039098
0.28219634
0.032112602
0.96960646
0.64737797
0.08042221
0.7689398
0.96209526
0.9339063
0.21992709
0.94135946
0.7032299
0.57535267
0.41997263
0.4054012
0.028547805
0.51991004
0.54230404
0.66165185
0.32569337
0.6700043
0.97303927
0.7070734
0.7764152
0.17446847
0.2425896
0.50838464
0.5435555
0.47586176
0.9083924
0.6416884
0.7371114
0.7758572
0.84436995
0.11592466
0.32448414
0.6560589
0.9549402
0.9481078
0.011051046
0.40497833
0.89758
0.5387288
0.23025605
0.6065864
0.46962035
0.9822749
0.60449266
0.6660489
0.98507833
0.89353347
0.5480277
0.3431424
0.5116177
0.8768807
0.29651338
0.38858518
0.47266102
0.8352016
0.92562157
0.4795053
0.82636726
0.33992952
0.5382207
0.11295968
0.5393462
0.62129575
0.531718
0.9824785
0.75688505
0.026325902
0.4055647
0.06818243
0.4192737
0.9324049
0.75008005
0.08789711
0.8067469
0.38376236
0.73727643
0.46261454
0.763035
0.10942075
0.95666075
0.54324996
0.18121721
0.60897934
0.21849492
0.6225143
0.6878682
0.5431784
0.2962097
0.019447101
0.8190071
0.87283325
0.118401766
0.7232779
0.7145664
0.5474114
0.9220085
0.98559904
0.7279972
0.2663634
0.7518155
0.48323682
0.81535083
0.98745775
0.692353
0.59226316
0.20331262
0.14788926
0.67066723
0.0018660345
0.9636235
0.2468591
0.30926743
0.62426275
0.6298248
0.8908362
0.19702603
0.036774065
0.10140125
0.8121714
0.85822517
0.56805587
0.42011154
0.9012999
0.68929505
0.30310923
0.37724754
0.2142257
0.87716323
0.8129984
0.89714265
0.3896433
0.61350715
0.1650181
0.1167652
0.73712075
0.3682117
0.0056957183
0.27981415
0.32847264
0.64034975
0.0011474517
0.9912939
0.4129483
0.6216473
0.8572731
0.622728
0.35158664
0.68000424
0.66882473
0.06227409
0.97028244
0.7930623
0.07772236
0.9845799
0.91367
0.69928074
0.4458004
0.32144317
0.61137825
0.08689611
0.8204437
0.74136394
0.93048424
0.21601892
0.9600437
0.7519754
0.9059427
0.44554377
0.3366182
0.45027435
0.1910423
0.20002154
0.2604349
0.3921992
0.19525564
0.34928098
0.11650758
0.95740277
0.5719147
0.17608044
0.8011258
0.07101135
0.26929918
0.006852543
0.03925916
0.27658153
0.29616985
0.0894763
0.47602132
0.44792393
0.1425278
0.7851
0.42922443
0.45554364
0.9060408
0.9444041
0.57749724
0.54417723
0.030797666
0.09162339
0.5920096
0.80894065
0.39531234
0.90024287
0.42526567
0.18931143
0.35777938
0.94248873
0.8560886
0.009718326
0.93212795
0.49341637
0.7123682
0.7629146
0.85695267
0.927239
0.31771216
0.093224786
0.30246016
0.5993675
0.7481158
0.6063088
0.28785306
0.7806964
0.15408161
0.8381551
0.5031999
0.18284856
0.2754361
0.7487345
0.32373372
0.85335016
0.035827782
0.793116
0.93781096
0.6009037
0.025173072
0.32955214
0.44287917
0.51553136
0.32800236
0.89563656
0.6907324
0.7883164
0.7396205
0.07123493
0.28617963
0.5656983
0.34869155
0.119546376
0.9210636
0.22513926
0.55203336
0.8125068
0.38103026
0.06371813
0.89637554
0.17054184
0.20208885
0.67719173
0.029561397
0.2718326
0.95419234
0.75453484
0.36217743
0.53581583
0.7628392
0.7195947
0.6448395
0.51991296
0.57307947
0.7169739
0.52462494
0.35117772
0.44480693
0.50934774
0.53493994
0.20110744
0.9426103
0.25407112
0.64372444
0.99200165
0.8463959
0.56551945
0.31539744
0.26241305
0.78300995
0.08124551
0.42598972
0.78631216
0.14323509
0.13987097
0.35859212
0.8956955
0.46379742
0.07011849
0.5721121
0.84043187
0.6116206
0.73576874
0.0069695106
0.013198104
0.33068264
0.51645184
0.89067644
0.813703
0.11002482
0.018301321
0.48749042
0.15116191
0.09607255
0.012926793
0.8450246
0.93698436
0.56823486
0.7857314
0.6456158
0.12884931
0.9195138
0.049527638
0.12522255
0.18882628
0.95919997
0.061041363
0.95368975
0.20741458
0.64805436
0.6835739
0.35252547
0.06558462
0.9334779
0.588683
0.85615396
0.8921019
0.16048968
0.91566384
0.6037262
0.7006613
0.35961357
0.34020305
0.044430096
0.21886244
0.69916004
0.1479849
0.56444716
0.39564267
0.5415551
0.8862517
0.079820216
0.45768747
0.074684925
0.07835863
0.8934099
0.49077243
0.019162366
0.9113285
0.48317087
0.5434389
0.75931996
0.23179021
0.20869745
0.8039739
0.015333686
0.16272955
0.017072475
0.13806574
0.92030543
0.122107446
0.7337942
0.056285936
0.9140237
0.44599238
0.707543
0.039024368
0.53018993
0.13037296
0.4995513
0.059568338
0.85201323
0.41054752
0.9668676
0.19420394
0.655334
0.5436134
0.76727116
0.21449515
0.5474385
0.11732505
0.4796945
0.62929046
0.030524973
0.6444876
0.9274702
0.16549157
0.88896674
0.56430584
0.8182631
0.8555713
0.44261965
0.5866628
0.4145307
0.05926899
0.72076714
0.010040062
0.9078592
0.56576306
0.29384795
0.2085982
0.9298096
0.054561622
0.88568455
0.6437016
0.7893123
0.3948544
0.028231844
0.77448165
0.13148955
0.36354744
0.60419554
0.93810093
0.086090766
0.46846613
0.978838
0.22157261
0.3067803
0.7800995
0.43467495
0.7322973
0.7962933
0.4723966
0.016388003
0.33200943
0.93892294
0.60558295
0.5470531
0.57114094
0.7065487
0.18221827
0.16004655
0.28287926
0.8590542
0.2940122
0.8171984
0.10827116
0.14596526
0.087015316
0.91602844
0.6548103
0.5406935
0.3744012
0.5770499
0.48172846
0.41617206
0.86907905
0.31582588
0.032562647
0.025895378
0.6531008
0.26730952
0.24158151
0.11203459
0.67655325
0.47273874
0.6914793
0.54144585
0.39410317
0.42654043
0.581228
0.33948776
0.4711541
0.42280746
0.8130249
0.15670606
0.3028363
0.8154841
0.866514
0.19799094
0.5718735
0.25595757
0.3083475
0.12725571
0.590995
0.2538936
0.19106878
0.7197676
0.8663358
0.10191572
0.1552343
0.5050112
0.9405539
0.243427
0.80974174
0.13460606
0.23755614
0.5794394
0.24626023
0.42346925
0.5250654
0.06327107
0.63363385
0.0076970668
0.23226567
0.4564505
0.03364036
0.68202275
0.8011208
0.27634448
0.61956406
0.42730248
0.27653265
0.1654585
0.16187377
0.42887726
0.60175484
0.38145465
0.9095508
0.56827044
0.94106376
0.38784128
0.20191969
0.8422071
0.71043414
0.26598793
0.012756384
0.5727661
0.8112531
0.4605839
0.9482165
0.47682193
0.780444
0.56509554
0.47747362
0.13793617
0.20289165
0.9735104
0.102933824
0.71049345
0.8191694
0.93190706
0.93536645
0.17033488
0.315508
0.9876559
0.9052845
0.9869805
0.5849146
0.65423745
0.16311868
0.47454622
0.35876146
0.5823621
0.43291247
0.19631019
0.8430203
0.35800904
0.7109432
0.4900745
0.7527664
0.5713782
0.9188521
0.13619277
0.6820751
0.40790066
0.7649788
0.6755921
0.4011254
0.2640377
0.21058914
0.9024094
0.33358938
0.6715982
0.29338634
0.2570997
0.90770227
0.8106512
0.012737065
0.35329214
0.29859027
0.4361932
0.64015657
0.9567395
0.21576534
0.8043328
0.40558866
0.071236774
0.48851204
0.39733288
0.6085814
0.17698354
0.42438206
0.18886288
0.518897
0.84043217
0.7795108
0.77915305
0.80006045
0.8894664
0.32826912
0.05675366
0.8270753
0.71322817
0.575678
0.89219064
0.13944039
0.48939696
0.48659936
0.24067943
0.24406126
0.44285035
0.36230516
0.6875886
0.6788507
0.536213
0.45232186
0.7554757
0.21758729
0.67274517
0.5403446
0.17623116
0.047567856
0.047682174
0.71516645
0.9983566
0.94485104
0.24775204
0.50637364
0.074055344
0.071200974
0.67869914
0.74504274
0.91453457
0.8231193
0.26082462
0.6903036
0.36609718
0.15161741
0.47400722
0.13576643
0.0956899
0.7847603
0.1411695
0.859226
0.16343105
0.33000538
0.93508947
0.14831507
0.14817186
0.15119725
0.73012686
0.55085087
0.12211422
0.7694086
0.0863232
0.71924937
0.25492036
0.509185
0.33745614
0.30552778
0.88071287
0.39700758
0.13145827
0.64204663
0.8370592
0.483687
0.95576835
0.58151436
0.37355155
0.67022187
0.62249476
0.22108732
0.51817304
0.9568303
0.94697994
0.3140282
0.19392523
0.22941685
0.88183427
0.98110145
0.462824
0.79772955
0.976529
0.87679124
0.09033438
0.7938505
0.6278746
0.28996626
0.05599459
0.40848005
0.7588208
0.26063743
0.58283377
0.04490078
0.20687886
0.51496875
0.46103168
0.84151566
0.13836919
0.85512733
0.35714793
0.4097147
0.81831753
0.16490617
0.37693465
0.650505
0.6574565
0.07239796
0.30603117
0.14922461
0.8042207
0.8391252
0.08265195
0.1956339
0.4326533
0.42659548
0.2304766
0.6506556
0.2556491
0.019263152
0.54570407
0.48233983
0.92144084
0.6469344
0.505286
0.24605408
0.28002492
0.9984892
0.7007185
0.5746495
0.72914815
0.7908646
0.64188635
0.53319603
0.2802305
0.6179833
0.4729069
0.6675626
0.62594604
0.37879723
0.9051884
0.9703338
0.7896469
0.47792128
0.6106521
0.38065732
0.8033001
0.96278447
0.6122899
0.27077407
0.3114267
0.35975823
0.19020678
0.3429719
0.32493576
0.9898001
0.5818544
0.813844
0.9058555
0.30231485
0.71784323
0.7163836
0.70241416
0.20483305
0.44708893
0.9677768
0.47941068
0.2801323
0.26581234
0.14952147
0.3956937
0.63526416
0.2412906
0.68090945
0.5737223
0.6747869
0.6645662
0.817998
0.077427104
0.86661094
0.19568442
0.036728844
0.28431365
0.44414434
0.8070948
0.107196555
0.17364049
0.39451978
0.96674573
0.74260986
0.08057846
0.5171159
0.5670424
0.5403351
0.108798474
0.07342889
0.11674596
0.9115053
0.9357635
0.5070093
0.03995292
0.2522476
0.33393952
0.8997374
0.08783514
0.7190951
0.8451423
0.17489079
0.5375947
0.771618
0.13851765
0.49857083
0.98978394
0.5078899
0.9870974
0.87280416
0.6602462
0.65345937
0.13633317
0.2076836
0.37605086
0.29327035
0.7092112
0.4677421
0.878158
0.43661675
0.33509943
0.34293556
0.1751524
0.0045460337
0.17668495
0.29763305
0.7047403
0.8691424
0.05690971
0.3740702
0.06961764
0.5933682
0.64493084
0.64801055
0.043239288
0.036717232
0.85887706
0.54731756
0.73696715
0.9052376
0.9911313
0.6823902
0.066823505
0.04020346
0.6178991
0.225069
0.9712161
0.22218485
0.5165239
0.27341613
0.13809125
0.8174082
0.16638637
0.86205566
0.30931348
0.26678917
0.3019668
0.15674461
0.2868591
0.95420486
0.65231943
0.42698374
0.035731893
0.6960739
0.08899722
0.55856985
0.3083083
0.48946828
0.3396004
0.9220739
0.054118708
0.9204493
0.48412645
0.7499711
0.31381074
0.5034195
0.71004295
0.03735252
0.06840631
0.0060062115
0.53505063
0.3814991
0.055497956
0.92221653
0.24464534
0.8695197
0.33101943
0.046499092
0.84913963
0.6081226
0.5077835
0.99737495
0.7106618
0.57599753
0.8289248
0.96593297
0.22137083
0.3933858
0.22445542
0.75411874
0.4725643
0.1163591
0.12345186
0.026528807
0.46475887
0.53030175
0.94251925
0.93055356
0.806514
0.7630235
0.83246875
0.96398
0.3119543
0.106768765
0.012722168
0.7340556
0.58922267
0.14261946
0.4403946
0.4906289
0.37870398
0.7421961
0.2664956
0.41100585
0.43399385
0.90221924
0.8253437
0.61993086
0.8987464
0.7201029
0.6178007
0.48587638
0.85980606
0.88048124
0.4714033
0.98315704
0.30086637
0.39128166
0.91260356
0.85882014
0.029175626
0.5170066
0.9531974
0.96094143
0.07880043
0.439037
0.5356655
0.2764921
0.33617955
0.819093
0.20540053
0.70833373
0.15517977
0.10280841
0.27674586
0.7650777
0.36986035
0.5467361
0.6803829
0.87472963
0.3625653
0.41501635
0.061450187
0.6817884
0.20989573
0.057435215
0.19932264
0.61383075
0.1865141
0.9128758
0.8420454
0.54755735
0.6960856
0.7253143
0.8688058
0.5586859
0.0071117757
0.98585963
0.07631818
0.16273206
0.95536315
0.11850122
0.66850334
0.7912492
0.6613127
0.97303534
0.043729614
0.3338373
0.816241
0.042111155
0.84386086
0.2905326
0.4379986
0.31822616
0.35753196
0.48611394
0.05407059
0.48400658
0.86397004
0.26678687
0.46668682
0.20081238
0.42841887
0.18653099
0.9130763
0.20807317
0.10049258
0.77872485
0.19154334
0.41612342
0.6198145
0.8545193
0.109087944
0.6522634
0.44155294
0.5147436
0.53841615
0.60442746
0.9464961
0.26243865
0.09341306
0.0465557
0.6705525
0.89231724
0.113341056
0.6176799
0.66949666
0.40919006
0.91623557
0.27430725
0.8491576
0.9617163
0.26830366
0.60278267
0.011783371
0.980674
0.984307
0.6601883
0.47473392
0.7101146
0.41951552
0.19329542
0.16122355
0.39329773
0.36921352
0.81870073
0.5870442
0.8139918
0.7733114
0.32867202
0.658034
0.58883774
0.47834337
0.928099
0.25716737
0.90695286
0.22642751
0.053016685
0.062354874
0.8149275
0.15867166
0.94886994
0.71284676
0.8086807
0.87508255
0.026938312
0.92576665
0.19796553
0.037108514
0.93523103
0.023645403
0.26048365
0.6092115
0.91658986
0.21974197
0.46427193
0.7155239
0.71225804
0.25142324
0.98076963
0.55600375
0.19644009
0.21929097
0.034193367
0.29539135
0.8936962
0.620099
0.75715286
0.6687292
0.40246895
0.72433317
0.25036615
0.9227159
0.14136386
0.99044484
0.50053483
0.86574346
0.38968903
0.78196263
0.41585267
0.376468
0.24031052
0.48247263
0.6026067
0.99076474
0.52838826
0.8590685
0.10628813
0.35856533
0.5155322
0.8263849
0.93148917
0.44851896
0.32655203
0.7269533
0.5595394
0.7553033
0.57508457
0.03907599
0.35719764
0.766689
0.98044586
0.5685618
0.46248722
0.041162852
0.9881659
0.028052477
0.09108407
0.8447413
0.5046714
0.15313324
0.22409984
0.052518286
0.56960195
0.077609956
0.9035442
0.33595717
0.1761504
0.0053496826
0.7405576
0.93419755
0.4934601
0.2975308
0.34225252
0.8830453
0.9999761
0.08914185
0.67117864
0.31056893
0.05186133
0.32254598
0.3503309
0.11851232
0.90462923
0.27406025
0.6756678
0.88061494
0.040352177
0.5058789
0.12628599
0.69396937
0.8354954
0.050318137
0.08950017
0.10182151
0.72829264
0.73994696
0.5250973
0.44476718
0.6353347
0.32759067
0.5637317
0.3779859
0.032266
0.9510661
0.24731016
0.32897395
0.4204333
0.53840476
0.43949756
0.30374452
0.7159147
0.60259044
0.8828456
0.28818667
0.48299906
0.4159185
0.94368714
0.5344767
0.14690572
0.46527198
0.78288317
0.7074427
0.8601392
0.17591628
0.5375641
0.8054311
0.45471492
0.3499184
0.14909196
0.19677797
0.6120206
0.507408
0.83688116
0.31321576
0.7818198
0.46529284
0.99544555
0.085389555
0.5088211
0.32308894
0.09310706
0.709154
0.57682455
0.28865418
0.92118394
0.5533089
0.42203885
0.4091917
0.5034152
0.37163395
0.3676318
0.5912783
0.38606325
0.9518445
0.008919653
0.048507985
0.340338
0.42820325
0.90796316
0.630032
0.3040296
0.17545488
0.7268508
0.24302684
0.09877246
0.0666629
0.13400662
0.46271467
0.51893455
0.19925018
0.76547974
0.45741197
0.7719583
0.37099588
0.7022593
0.66149163
0.0057318425
0.13632666
0.2977381
0.39121452
0.926419
0.52855164
0.7462312
0.22057232
0.4276119
0.13921757
0.83285475
0.46623862
0.9860583
0.85760105
0.61976075
0.35559988
0.71280694
0.2780689
0.47241297
0.94465464
0.7632383
0.43274564
0.030660376
0.68683875
0.07418123
0.4100954
0.28641748
0.82720447
0.7610525
0.0039909873
0.8639249
0.5359047
0.768377
0.9157279
0.9741803
0.8946488
0.98014605
0.8655569
0.74941057
0.011739083
0.7390468
0.5765986
0.08543091
0.2294536
0.34364438
0.9306567
0.24659675
0.24040344
0.7019792
0.21683721
0.74285066
0.803615
0.03968921
0.7560104
0.68841857
0.42539477
0.92733854
0.9583759
0.81720793
0.19627042
0.7560128
0.15009122
0.11340882
0.27974355
0.59786475
0.13331626
0.35746303
0.57553047
0.14576966
0.54485166
0.9230444
0.50742894
0.6652841
0.036970947
0.47438878
0.80471456
0.74900925
0.16481514
0.843886
0.79446137
0.029314114
0.53584915
0.48851678
0.8491118
0.39130357
0.7586238
0.29296327
0.51790726
0.09632749
0.45352936
0.24293657
0.54711527
0.06033366
0.39015427
0.70367944
0.3625109
0.27029064
0.14218462
0.3775438
0.74148047
0.439317
0.6659068
0.66618603
0.6003809
0.60407656
0.81128556
0.4413718
0.7138961
0.1228586
0.13733654
0.27793738
0.23350139
0.7706981
0.62905884
0.21937972
0.759579
0.9507597
0.81156576
0.8940384
0.24265803
0.9297408
0.06311661
0.4138297
0.87671244
0.39502043
0.04109062
0.6842872
0.6304526
0.7260212
0.74075407
0.22736983
0.9497722
0.3787578
0.23806022
0.38028377
0.80083907
0.72071856
0.09941741
0.92132753
0.28087735
0.01447817
0.8096612
0.20384473
0.23889847
0.011257117
0.5267378
0.66972965
0.18855132
0.054214552
0.31945622
0.5349671
0.9051511
0.13917641
0.38000268
0.4805878
0.5112015
0.06411922
0.6208632
0.56436974
0.19184645
0.39935338
0.3340643
0.74073637
0.7860985
0.26945972
0.9418208
0.5060861
0.18485388
0.71947753
0.9268175
0.7161364
0.5266321
0.81219363
0.6129461
0.16848113
0.95240325
0.99198353
0.6681356
0.90401983
0.8499744
0.6474313
0.9206838
0.5698127
0.17111874
0.5711419
0.19800393
0.095051065
0.46028125
0.3045724
0.6817661
0.7021813
0.513108
0.8716005
0.7035861
0.7774081
0.60275114
0.71371055
0.16358334
0.85539263
0.08883674
0.6752131
0.81905925
0.71198225
0.11447333
0.3141189
0.6863737
0.048870876
0.03079617
0.20388609
0.38855186
0.8084205
0.8050815
0.8081619
0.88886994
0.83882946
0.5685418
0.60725945
0.7343775
0.084357545
0.1589348
0.45678326
0.58568186
0.67080617
0.1378009
0.92311966
0.076749325
0.35225692
0.8357424
0.08043078
0.798687
0.51683444
0.08197608
0.014220164
0.4343512
0.8844601
0.67392254
0.4432583
0.8479705
0.115392484
0.41725576
0.04842757
0.7935903
0.1177527
0.9532149
0.16342697
0.51312625
0.8880085
0.98359674
0.08114049
0.023499897
0.5060275
0.34065762
0.9347908
0.13142896
0.8588785
0.891849
0.10883403
0.5869569
0.62102145
0.09105187
0.05756075
0.4259986
0.74153936
0.72227514
0.040017467
0.5728904
0.3088573
0.30240065
0.71391004
0.17201428
0.36315423
0.13842046
0.3963976
0.21968907
0.6130427
0.38307482
0.3023619
0.7776342
0.904504
0.38668382
0.73684996
0.07953641
0.49020422
0.51669616
0.8444665
0.8005246
0.01704304
0.81431365
0.83795625
0.18833692
0.8540432
0.07577168
0.62552476
0.42430675
0.48620442
0.221014
0.3048311
0.66581523
0.7803889
0.75285274
0.98300683
0.89387536
0.4357351
0.24689174
0.16026421
0.71789217
0.7936532
0.28324068
0.80958873
0.41253582
0.90737337
0.733063
0.19771394
0.33679545
0.1333837
0.3900609
0.24467531
0.021224227
0.7380839
0.91522795
0.20707971
0.8610214
0.23260218
0.24223712
0.9128522
0.10249541
0.88426137
0.8500661
0.7231745
0.5765699
0.55256194
0.63064265
0.5249362
0.6691425
0.0013731397
0.08275875
0.75016123
0.055862974
0.8502963
0.0057974183
0.52975607
0.46981493
0.62091273
0.67466325
0.003504006
0.20855886
0.7548937
0.43412718
0.2621006
0.00038460782
0.043190736
0.7799215
0.58678466
0.5515351
0.25209144
0.63947916
0.44104123
0.15092015
0.15318991
0.7626448
0.80924785
0.21697988
0.5076708
0.39674628
0.9595658
0.18153071
0.30847564
0.045415085
0.32623905
0.60875404
0.98196864
0.75269914
0.7237582
0.15116328
0.20218107
0.29559395
0.9485511
0.076956995
0.54922575
0.6188349
0.20010918
0.4601642
0.6222495
0.8429963
0.25820494
0.16336702
0.2675407
0.62215155
0.76865935
0.63582015
0.4205762
0.89737153
0.89527214
0.43386957
0.6075756
0.4967746
0.07515549
0.9421942
0.3010319
0.07345467
0.30831322
0.012516527
0.74099696
0.58733463
0.92607045
0.14571819
0.25836593
0.9992957
0.7096758
0.054254618
0.864808
0.8912323
0.8543995
0.42886367
0.2101855
0.43415427
0.8641009
0.08678676
0.31497607
0.5923639
0.93365943
0.19105946
0.8266453
0.8575416
0.6144639
0.10732035
0.42528126
0.097960904
0.14350624
0.3056791
0.061579734
0.56816036
0.18329251
0.84878314
0.30312493
0.76261616
0.5240888
0.9742008
0.44655985
0.1423714
0.5366612
0.5804179
0.5348243
0.59366494
0.7262277
0.9377192
0.7542262
0.58259594
0.18447159
0.35961843
0.5372635
0.704368
0.10955774
0.008844986
0.42496893
0.5593461
0.668927
0.3801424
0.016798832
0.41486132
0.44787663
0.691336
0.89969355
0.65375656
0.30050373
0.13575485
0.22275509
0.10892885
0.10388987
0.7479777
0.9350704
0.4758801
0.2512488
0.45726174
0.2556563
0.5356927
0.77379537
0.57903147
0.7269502
0.51741225
0.58490133
0.32292724
0.96656215
0.06244105
0.5201407
0.80809265
0.41597903
0.65884364
0.72736156
0.37509704
0.1447723
0.41107127
0.21243873
0.31100795
0.42398638
0.653397
0.4811976
0.5223721
0.9610092
0.8694962
0.19880874
0.5973105
0.9824612
0.93277246
0.5179774
0.4498097
0.34511325
0.8098544
0.6889478
0.8169544
0.99395573
0.48369488
0.21943471
0.448806
0.3443649
0.5616624
0.024652723
0.07524341
0.8011824
0.61319834
0.40173802
0.07210899
0.626533
0.7535021
0.9163246
0.3766219
0.37366885
0.9346547
0.57074195
0.44454092
0.15497054
0.9439555
0.85031325
0.1801887
0.99582803
0.9059253
0.84589297
0.77331924
0.48049223
0.81120455
0.42194545
0.39438212
0.6954002
0.9245573
0.91162944
0.2713045
0.35743526
0.20656234
0.8720644
0.15228117
0.5598746
0.7595488
0.8804732
0.13592482
0.10770771
0.70666945
0.83439374
0.09362051
0.73204917
0.8821208
0.6684624
0.43802306
0.49039993
0.113891214
0.74388754
0.94294196
0.11608096
0.26600876
0.5269371
0.30104133
0.71808726
0.5389934
0.43439096
0.7829589
0.08336509
0.49638653
0.80403924
0.81338423
0.5153037
0.65920126
0.11794914
0.07637441
0.121884204
0.91514266
0.61610794
0.008165904
0.93116504
0.46772122
0.7649811
0.29060242
0.2660584
0.9606968
0.4664865
0.85505056
0.4094642
0.40450686
0.3602177
0.30384326
0.07945732
0.28795257
0.92606854
0.5466646
0.13469347
0.51510227
0.1228502
0.14972198
0.7716878
0.25191784
0.27914634
0.2238989
0.7304741
0.49624246
0.6524528
0.5859509
0.29488614
0.45424366
0.69864655
0.8551227
0.41486707
0.72333914
0.7815523
0.11571108
0.9609688
0.21474916
0.9560914
0.17086428
0.3304689
0.7114612
0.109395556
0.31818175
0.79683846
0.6753632
0.3082385
0.28542653
0.08924461
0.0151060615
0.28626823
0.6124412
0.32863748
0.95013577
0.8323257
0.013171345
0.1875018
0.2216413
0.627041
0.7923307
0.33098108
0.44948745
0.6346576
0.59734625
0.46274707
0.48552653
0.32537365
0.4020804
0.17910677
0.3637864
0.48337898
0.7269194
0.5315938
0.56052583
0.36347577
0.052891668
0.0170158
0.8521444
0.3954887
0.48150417
0.51184136
0.61743
0.5122793
0.13332272
0.7735736
0.93484044
0.28238076
0.5871007
0.20138961
0.6286237
0.93782353
0.94198316
0.4606933
0.41824967
0.3261091
0.19021933
0.5725659
0.33012262
0.16790581
0.53151083
0.18143941
0.09547726
0.16383758
0.68519956
0.59640014
0.20231637
0.48719832
0.10378014
0.6012655
0.6414212
0.14601363
0.25196874
0.12652166
0.1319786
0.88270473
0.9707474
0.32741544
0.023277352
0.02283537
0.67385733
0.3787811
0.3617438
0.626032
0.7306576
0.022087956
0.32284528
0.9538804
0.9437092
0.97370183
0.652855
0.79855585
0.016472097
0.8800812
0.54979295
0.39189905
0.82485324
0.4534268
0.07088208
0.6349728
0.42780444
0.997531
0.9106248
0.7165545
0.319028
0.72152734
0.56029654
0.11791225
0.38432562
0.16999988
0.87369007
0.44517463
0.988837
0.6989582
0.15199639
0.8175697
0.78347576
0.044389144
0.725145
0.9689985
0.43605608
0.7016044
0.9758665
0.22335948
0.4540688
0.45941043
0.19034249
0.34831002
0.73580635
0.56655914
0.23284239
0.5149674
0.855156
0.6098247
0.8084363
0.19951433
0.76874584
0.98040956
0.030703647
0.14235483
0.9619518
0.2278399
0.13998303
0.62596685
0.18883277
0.8844093
0.9495977
0.22473238
0.8768415
0.17582169
0.140087
0.20021121
0.8047983
0.08034054
0.17419621
0.80314124
0.04861925
0.35519204
0.82199585
0.56773376
0.6433052
0.5968336
0.7186297
0.8581225
0.848783
0.47780296
0.14128056
0.28783324
0.7625108
0.8939823
0.24492735
0.53214866
0.24493814
0.15277727
0.54166603
0.03496813
0.32379615
0.53982353
0.91211003
0.58169264
0.3298226
0.0536887
0.10488705
0.8014246
0.9610732
0.42768925
0.31309047
0.9113859
0.6261111
0.7901517
0.9406792
0.03463217
0.70110404
0.6419613
0.8768264
0.9311202
0.2632821
0.15095943
0.33144385
0.23933867
0.8332247
0.91496164
0.19055769
0.815726
0.23397805
0.40522462
0.64254856
0.024543634
0.15864629
0.63612944
0.8005138
0.24137507
0.4868663
0.8201059
0.70175016
0.06865693
0.23223485
0.76151067
0.9561643
0.6541564
0.5397408
0.31397393
0.35894516
0.5640441
0.7036511
0.74184316
0.37151885
0.6599819
0.61533636
0.36317357
0.99127346
0.6132446
0.26647374
0.8679865
0.015806992
0.32830825
0.59975487
0.29340318
0.9810847
0.70551056
0.81844294
0.20616268
0.6506246
0.9903462
0.85277236
0.28236187
0.69639534
0.23122542
0.07259322
0.40600625
0.8601325
0.65529823
0.6798849
0.45998973
0.54322267
0.45418295
0.98367804
0.75243664
0.49148536
0.6503751
0.6449343
0.017344292
0.15572795
0.8992433
0.8120894
0.8721716
0.07242291
0.6601218
0.25558618
0.26821497
0.874702
0.45195577
0.56445646
0.921058
0.12694442
0.83613074
0.47763285
0.3935006
0.041276034
0.3000938
0.3057043
0.03000143
0.6527197
0.58535844
0.040141884
0.729354
0.62381256
0.8459469
0.75941557
0.18637998
0.8874997
0.66680413
0.12940976
0.59323484
0.881377
0.52772605
0.93777055
0.2767637
0.7368444
0.04555152
0.45392522
0.71137583
0.99978936
0.6553859
0.04508251
0.25240743
0.8313852
0.19435056
0.16144143
0.4398108
0.0662996
0.3142519
0.95738137
0.60418344
0.40853035
0.4087743
0.70118403
0.58885705
0.5289026
0.48355392
0.07308524
0.8381522
0.541457
0.38917455
0.5064548
0.82829845
0.78879756
0.21764067
0.030287268
0.9746645
0.84876376
0.7104352
0.5899378
0.106618576
0.15879534
0.87183064
0.7619843
0.19966444
0.52294606
0.729779
0.35738897
0.053937875
0.54960275
0.30617043
0.96728957
0.23127386
0.30562782
0.10705963
0.30376086
0.6549461
0.88601357
0.65135103
0.9297844
0.32433522
0.77997506
0.81201434
0.27428767
0.40141958
0.9826063
0.6805379
0.34701118
0.8353791
0.49393117
0.30585122
0.8490076
0.6804024
0.009569035
0.7377075
0.36575234
0.42535123
0.13157976
0.08902174
0.05912152
0.891591
0.2489061
0.870735
0.11876942
0.09128301
0.516513
0.48912725
0.57162803
0.016757749
0.64514303
0.36925602
0.78011423
0.9395908
0.36525658
0.00860731
0.43994933
0.31465355
0.6451113
0.604745
0.8312367
0.37592372
0.76833135
0.93530756
0.29792652
0.53649276
0.006503142
0.43042478
0.003106661
0.5622029
0.82414204
0.6710167
0.24739471
0.73631656
0.7402588
0.74263436
0.42284453
0.21091245
0.4767898
0.22768058
0.86769897
0.88305974
0.7120311
0.811903
0.28529376
0.43560326
0.5528421
0.8573396
0.23848245
0.069761306
0.23966028
0.7961655
0.91515964
0.8137873
0.4631148
0.026414974
0.6504596
0.6157061
0.13305089
0.33677745
0.61532253
0.65883833
0.23290354
0.7907626
0.026095267
0.007855347
0.06620251
0.029081067
0.35521042
0.40490094
0.44150713
0.49726814
0.39254043
0.26582393
0.39407092
0.095862545
0.88396037
0.7875441
0.5656373
0.89080846
0.3877133
0.9965127
0.659732
0.369497
0.19585839
0.21538484
0.5662007
0.7579449
0.3983446
0.2675188
0.39895833
0.39019144
0.6016393
0.43720293
0.066833764
0.8721119
0.5671512
0.70354193
0.21043801
0.64169323
0.68980974
0.29673174
0.8287619
0.23210415
0.052533712
0.1795591
0.8445426
0.118287526
0.19372681
0.7356027
0.4758856
0.73566484
0.1819974
0.29106706
0.8493982
0.8520189
0.8370957
0.48229206
0.49650493
0.5154699
0.07135137
0.52481663
0.071674205
0.7404887
0.02225963
0.48585206
0.12992978
0.48038584
0.9768646
0.06351763
0.11709611
0.26921546
0.1263989
0.8859407
0.11085893
0.051441815
0.9982681
0.646014
0.038476117
0.34402126
0.44992456
0.43345377
0.15015621
0.42374378
0.19253682
0.042129077
0.019501245
0.6776427
0.34499875
0.5851786
0.61277926
0.70077425
0.22171478
0.72452044
0.78371334
0.13823976
0.42360365
0.9703897
0.9158177
0.5191813
0.7981491
0.59605175
0.10390029
0.6595622
0.32436413
0.9062649
0.18351294
0.6219122
0.61208236
0.5227071
0.90671486
0.6059394
0.26847103
0.9501898
0.8264949
0.18389982
0.8721211
0.44210765
0.6846309
0.6650756
0.9828213
0.9610249
0.44523856
0.7570569
0.0664332
0.09749741
0.7179075
0.64792615
0.5216383
0.44573057
0.5282365
0.8124406
0.88944274
0.55714965
0.024639077
0.11174519
0.529935
0.7396662
0.87502307
0.92127097
0.60490775
0.06970893
0.42487186
0.99095607
0.8398818
0.5453122
0.8358233
0.4388829
0.02999923
0.70291173
0.53963447
0.029619394
0.8347469
0.8691203
0.32641488
0.48616567
0.5145371
0.81335765
0.24537185
0.043324005
0.8054799
0.9386292
0.490488
0.8197047
0.24334015
0.82290715
0.20450385
0.74922174
0.85932267
0.5079351
0.54203343
0.7712333
0.8241979
0.15838204
0.24539836
0.30307874
0.7727679
0.86188006
0.92717254
0.12830861
0.059463657
0.73233503
0.2883862
0.34285444
0.012490384
0.66080374
0.27931756
0.8254199
0.3311207
0.16939637
0.6060311
0.10836799
0.543857
0.803442
0.20916799
0.5216596
0.17873439
0.6325041
0.060105696
0.1770536
0.4556613
0.85026413
0.076311015
0.71490216
0.50369775
0.12428497
0.89290553
0.31617284
0.935813
0.16997269
0.88612103
0.7242871
0.91166717
0.6678221
0.84724
0.347336
0.4615366
0.48639148
0.07872448
0.92710894
0.9135278
0.3946905
0.636076
0.02878415
0.09148686
0.6590212
0.77880144
0.052478727
0.20734179
0.29373336
0.45222664
0.028290436
0.5059459
0.3767566
0.398284
0.25248754
0.066897094
0.79613304
0.29852116
0.6542127
0.88453144
0.9062978
0.7710729
0.0038368106
0.27958968
0.9545445
0.18908095
0.18990596
0.31264108
0.41075116
0.16847903
0.79584825
0.7319942
0.9352624
0.99478775
0.21009728
0.3989095
0.84486175
0.33330256
0.85420245
0.9209977
0.9116085
0.80599153
0.33243924
0.9324172
0.31233373
0.34130237
0.22796316
0.9144511
0.6179513
0.5101312
0.46518645
0.75338864
0.4415099
0.048155177
0.95074743
0.92713326
0.2903649
0.72089684
0.2714437
0.7178894
0.18263546
0.94798523
0.41052532
0.7242499
0.69544405
0.78309035
0.5378808
0.23374504
0.62257826
0.3506354
0.7144256
0.24684209
0.7635667
0.01658021
0.87914586
0.82499105
0.86158437
0.19092964
0.0117897475
0.49123973
0.46121395
0.9212657
0.32197267
0.7423903
0.8822746
0.20950876
0.1295454
0.81399465
0.10090991
0.13062178
0.69180155
0.7947047
0.6610745
0.88804924
0.530171
0.09735588
0.18621287
0.3995167
0.63191295
0.5501658
0.7302338
0.045384888
0.9435286
0.64741063
0.09134096
0.17348446
0.1880198
0.36133912
0.1417607
0.012973282
0.17043412
0.7505267
0.38845167
0.8967587
0.36932805
0.6934597
0.045588426
0.65218127
0.039515175
0.8484248
0.3562379
0.95640135
0.7310983
0.60488904
0.39710763
0.78285676
0.0016182379
0.33113444
0.006221422
0.2415199
0.34268767
0.9808079
0.768879
0.66658086
0.4227158
0.25162414
0.51417387
0.9959618
0.8220702
0.38646308
0.48051602
0.36309364
0.13171995
0.36729252
0.9542376
0.5068944
0.62695557
0.036134645
0.047205333
0.18526204
0.5410118
0.9275266
0.76267505
0.06442167
0.72277176
0.106390506
0.20837703
0.008805011
0.53697306
0.54089737
0.32504994
0.618996
0.6068435
0.382498
0.14832781
0.3967849
0.3273437
0.21926701
0.63771147
0.47655296
0.26115936
0.9057608
0.58317834
0.26249477
0.55528915
0.19463019
0.219075
0.67321527
0.6132072
0.0039401045
0.29491758
0.48838618
0.5927892
0.0397573
0.91218746
0.9017643
0.05237786
0.17358704
0.20051765
0.95687294
0.1603178
0.19661173
0.61694753
0.11990752
0.5396652
0.84586924
0.2251219
0.6911938
0.59279656
0.09585686
0.33834463
0.16734633
0.4337826
0.25854108
0.36878017
0.0864905
0.28078145
0.41261858
0.4767615
0.8117144
0.849824
0.240318
0.46589676
0.6761338
0.36354223
0.90064406
0.32962206
0.60679024
0.5357718
0.6832613
0.76263195
0.37951988
0.68281674
0.83956504
0.587044
0.26505974
0.032364707
0.04521629
0.24006523
0.9463597
0.08103938
0.30659613
0.79781544
0.2986431
0.45647517
0.46850017
0.7619404
0.76916987
0.5462226
0.1429695
0.4201336
0.893809
0.009284815
0.7894074
0.19203064
0.60273874
0.87606287
0.3385055
0.8099443
0.41116762
0.7640526
0.72367287
0.52087027
0.05341564
0.59144413
0.5710027
0.6259326
0.7773902
0.76548296
0.5458105
0.42752576
0.47382534
0.11696406
0.84032625
0.815987
0.84775597
0.69062364
0.84862214
0.32322899
0.95202667
0.17013946
0.9559603
0.7855414
0.030193347
0.05403873
0.42702672
0.48984078
0.8484372
0.23627701
0.3230821
0.3750903
0.73872125
0.9067762
0.51666355
0.9163844
0.9217397
0.29848537
0.76513296
0.6751244
0.66622263
0.35605836
0.63590676
0.6756391
0.1311954
0.18012959
0.8585716
0.3019606
0.9762881
0.291301
0.19113995
0.508061
0.42838812
0.1887428
0.17705432
0.9731841
0.37697914
0.19367082
0.9768585
0.13544542
0.38257545
0.39988786
0.42054605
0.34521484
0.5350158
0.8608771
0.86243653
0.25916797
0.9279171
0.032550756
0.5997439
0.66784406
0.6234579
0.77151746
0.9869033
0.86158806
0.9358409
0.38733247
0.06481895
0.811706
0.7276677
0.84111917
0.5415021
0.8445675
0.68104136
0.42289364
0.6069664
0.65132654
0.59239125
0.6294356
0.6702213
0.35917744
0.1767584
0.14075653
0.5661056
0.25105894
0.8434884
0.8937448
0.25456056
0.74435633
0.22257556
0.96147215
0.27651283
0.038012724
0.087633915
0.29533893
0.21011928
0.51290244
0.579862
0.5430809
0.5382745
0.4430982
0.48905087
0.81695
0.9737567
0.50840825
0.05444442
0.42374042
0.41865456
0.39560258
0.22292201
0.36154607
0.3044735
0.026512446
0.9316636
0.96919924
0.72859585
0.8331874
0.80002165
0.21707372
0.72599244
0.4547479
0.5903593
0.16639115
0.7356074
0.056235444
0.093312606
0.53411067
0.20078833
0.18540838
0.35673213
0.7935998
0.20390545
0.2076034
0.55207235
0.27356827
0.9619684
0.057779655
0.12888771
0.8765464
0.35528758
0.25982505
0.099808455
0.57447976
0.9904452
0.65560895
0.249302
0.4353857
0.22943653
0.18079175
0.3976683
0.80177516
0.2972382
0.26048404
0.5107748
0.15617841
0.6818367
0.26241386
0.9278788
0.70958436
0.5530746
0.3544386
0.77844065
0.013307017
0.71400756
0.09748378
0.5176472
0.8208546
0.49017486
0.07526576
0.5617027
0.15325633
0.9140983
0.8014608
0.5978477
0.47905073
0.657026
0.80224776
0.9379152
0.53143525
0.60127866
0.54009014
0.69864506
0.5604336
0.215869
0.12049108
0.38098773
0.3232001
0.9172504
0.6251253
0.65988606
0.28145772
0.5810054
0.36466312
0.3040036
0.053354193
0.00053221575
0.15400745
0.5377796
0.65658706
0.8225203
0.49030548
0.29844573
0.9886562
0.43163547
0.8922083
0.10325068
0.7684461
0.959529
0.8720467
0.04298056
0.4332285
0.64803135
0.6216285
0.7631857
0.38357145
0.7742169
0.78586185
0.70448285
0.41292083
0.78545433
0.8566814
0.47291377
0.49277967
0.1171852
0.3855708
0.042337168
0.803244
0.76472515
0.64433885
0.39969614
0.0052427785
0.99781567
0.8319286
0.4938186
0.2630269
0.6614772
0.8190935
0.4113878
0.081163876
0.40268353
0.3056316
0.037082024
0.92129546
0.7133402
0.23923117
0.50140184
0.8004464
0.59275275
0.38212675
0.79855484
0.5956019
0.24003789
0.9704434
0.16421722
0.6458854
0.18654536
0.8236444
0.23317714
0.26470405
0.39977905
0.43765935
0.9312562
0.78651553
0.7575079
0.1711689
0.17896135
0.1284543
0.12126646
0.48578948
0.76566774
0.21638744
0.17658103
0.0806364
0.55961245
0.7507594
0.7840721
0.45483947
0.8382372
0.3339585
0.7443453
0.059727326
0.05399393
0.17345434
0.74867976
0.04286364
0.21420233
0.9467361
0.42084965
0.92271996
0.69764733
0.32271665
0.22763795
0.21950513
0.61746377
0.8788815
0.20881847
0.17741975
0.797315
0.48135272
0.61501443
0.6054703
0.36984685
0.024245694
0.6033301
0.71522945
0.51047355
0.7548218
0.6166649
0.044194583
0.9307062
0.4853076
0.26856118
0.9415011
0.85253525
0.30314752
0.8218881
0.37277573
0.559367
0.46961343
0.2488629
0.55679786
0.5257649
0.24308299
0.47628367
0.2413836
0.34210014
0.942786
0.92003757
0.42067632
0.07376465
0.15454417
0.1670852
0.27299747
0.6049376
0.11482979
0.81302786
0.7905404
0.8438552
0.6870596
0.24338028
0.13423733
0.016030764
0.118453555
0.8005636
0.078445956
0.4174512
0.22298926
0.55067337
0.250976
0.32192466
0.47859815
0.19456016
0.5465372
0.20015933
0.5925936
0.6995407
0.8440713
0.5415459
0.34901342
0.34817111
0.25409168
0.40922695
0.96753925
0.89131236
0.55883855
0.79295003
0.40709785
0.35694966
0.42090213
0.8585635
0.9892514
0.63277733
0.66168827
0.113189206
0.34601521
0.46158245
0.4544166
0.3038372
0.7639148
0.77647364
0.13547477
0.25787106
0.7937842
0.13604003
0.3010075
0.8618104
0.1746749
0.83530855
0.4301791
0.111921534
0.8272421
0.8540303
0.8397038
0.80546916
0.9519395
0.5657218
0.9663297
0.7760634
0.4139688
0.26985577
0.49631318
0.60702777
0.26659417
0.7976892
0.34366
0.9250008
0.073389396
0.32560286
0.79508334
0.72420466
0.22317833
0.49638855
0.2788666
0.9655357
0.728369
0.113009356
0.2251367
0.34462383
0.54913574
0.5330193
0.7452615
0.89103514
0.6449355
0.99583423
0.6086675
0.17001984
0.6049114
0.25706545
0.3768854
0.47844073
0.78488123
0.79429734
0.08731076
0.95705575
0.94713056
0.012334622
0.66455114
0.59414315
0.4755236
0.96422875
0.49970236
0.061040185
0.54423463
0.2846081
0.26612586
0.8641576
0.23004848
0.566125
0.40628302
0.7159364
0.5549714
0.53966004
0.96036
0.9076353
0.87196565
0.03888775
0.238112
0.36431247
0.5545164
0.63207245
0.7473587
0.06178618
0.04480451
0.6048458
0.5783351
0.30638453
0.011412982
0.70172876
0.743748
0.5805557
0.02810264
0.5799401
0.8520625
0.18296504
0.010539459
0.30412978
0.3780672
0.9049963
0.9805534
0.64200664
0.7260377
0.44427684
0.6414429
0.067770325
0.5034134
0.6508685
0.45505396
0.07998676
0.0048699654
0.34552673
0.026564093
0.92703485
0.9709326
0.30884025
0.2982756
0.06301701
0.98554647
0.17295276
0.39906248
0.09799425
0.5685355
0.5085882
0.78676564
0.582122
0.9490064
0.42953956
0.6474467
0.60881424
0.46728742
0.76271707
0.47174194
0.18307728
0.6490337
0.5048252
0.41174388
0.25070375
0.7146671
0.18300126
0.2576362
0.6908535
0.74071926
0.004856984
0.40927425
0.8772511
0.95027155
0.598432
0.6623501
0.93352723
0.33401302
0.20975651
0.5019371
0.6890068
0.89741725
0.8191756
0.00536951
0.9934946
0.20844056
0.36221048
0.10647063
0.5120196
0.9968256
0.4863095
0.42176774
0.009533392
0.012033914
0.519083
0.8263048
0.62155294
0.7556014
0.111714154
0.02552638
0.9067326
0.5506654
0.9373257
0.20912027
0.10200433
0.019100128
0.31674576
0.70882094
0.52622205
0.5465196
0.03284513
0.19599783
0.5328506
0.97401774
0.6247596
0.9327767
0.6592295
0.9824592
0.0055030063
0.29452562
0.49058297
0.17717987
0.5840133
0.93133837
0.3684154
0.2572896
0.7132394
0.29447588
0.4196471
0.7813551
0.849741
0.6474686
0.11600173
0.50610006
0.6777733
0.63764095
0.01958116
0.35468987
0.52272224
0.1762075
0.95538914
0.28386766
0.9394893
0.7045881
0.13112433
0.24378742
0.67592174
0.8215269
0.33135545
0.042407762
0.23769298
0.8244869
0.012745255
0.34810168
0.80315375
0.043279722
0.80589646
0.46959758
0.8122185
0.8731907
0.9738698
0.68575007
0.83272016
0.37842748
0.44270375
0.7006627
0.8380591
0.44480664
0.106273495
0.54178834
0.8343314
0.14440626
0.062222324
0.48884216
0.9212172
0.07898234
0.65608186
0.9594616
0.8833823
0.6766643
0.41653898
0.7327996
0.17481045
0.13686547
0.6370896
0.6105089
0.87121767
0.75271666
0.0352454
0.12758239
0.9647069
0.64886075
0.5176663
0.66230196
0.41233587
0.33064783
0.41927004
0.32276195
0.44028825
0.85597414
0.44761968
0.49402046
0.7948618
0.893921
0.8694426
0.046422902
0.48090735
0.77262175
0.27286375
0.06970559
0.33196497
0.6342749
0.6714678
0.5400529
0.03810107
0.13818392
0.33803993
0.8950625
0.2705006
0.73353094
0.44314933
0.54986525
0.8520411
0.26259628
0.22422196
0.63593864
0.5723116
0.73879004
0.11144084
0.9879748
0.25988904
0.09810071
0.086800635
0.50921047
0.43821633
0.45943296
0.13543776
0.6748202
0.97673225
0.6407855
0.14169829
0.4846903
0.06704104
0.5981112
0.5373263
0.74491376
0.70713645
0.32416165
0.34944746
0.160483
0.96783006
0.32985842
0.80900383
0.92504585
0.3705802
0.4757688
0.5192344
0.1459053
0.07870319
0.32691747
0.29911125
0.27889666
0.8190126
0.12580751
0.035884853
0.73619235
0.86654043
0.75339836
0.12119026
0.124775
0.9057806
0.18490125
0.84900206
0.10693324
0.8306876
0.28777215
0.29568684
0.5741854
0.2509812
0.54020435
0.292464
0.8422078
0.41117066
0.8994697
0.09331702
0.6617943
0.21749893
0.22672202
0.9469485
0.89296997
0.84794456
0.6140066
0.73672813
0.07390765
0.12235782
0.46006513
0.20614134
0.2359517
0.2417208
0.07190098
0.9283003
0.013786993
0.5942821
0.34314466
0.3576189
0.70252013
0.64041275
0.7035131
0.040735766
0.1299004
0.92416424
0.033097055
0.4694472
0.16497885
0.7552081
0.6397754
0.21342447
0.049370952
0.4889556
0.33612102
0.6151327
0.2950171
0.33014032
0.5200606
0.84947634
0.7707196
0.020857649
0.97430116
0.98957103
0.22133903
0.9047058
0.36556935
0.50589025
0.3162734
0.111955896
0.13480094
0.5282595
0.5431755
0.18107754
0.34808025
0.9557666
0.94351727
0.74802184
0.6994262
0.61400795
0.16649672
0.6383818
0.9662106
0.38634026
0.21423423
0.42495778
0.8446852
0.5759664
0.7653291
0.6955804
0.0010321683
0.058334194
0.21342136
0.41926157
0.14729936
0.94325423
0.9320034
0.17882815
0.7804236
0.8993832
0.24718228
0.091409534
0.9603044
0.41737816
0.14615768
0.82912767
0.65782595
0.38492098
0.88025385
0.013093174
0.29225656
0.6666818
0.3622331
0.81531894
0.3798362
0.1945554
0.07331076
0.8274554
0.330793
0.15577418
0.3304478
0.053595174
0.8266493
0.13358305
0.6386384
0.6883391
0.86977786
0.4101809
0.87076086
0.58995575
0.32385024
0.45534787
0.19952711
0.5720547
0.63371146
0.018659243
0.24671353
0.871761
0.3001354
0.8280569
0.92345655
0.87281656
0.64664257
0.04970535
0.42475903
0.9223052
0.073743984
0.54492885
0.7595991
0.88331765
0.6092757
0.062250674
0.14207922
0.9961267
0.93805957
0.62651145
0.42451584
0.89904284
0.5998374
0.85267264
0.81353456
0.80117637
0.85382557
0.7367509
0.18182997
0.99974424
0.73457277
0.55512846
0.64585006
0.07189899
0.084841155
0.4978959
0.018123597
0.1644353
0.28342032
0.43691987
0.55585
0.091073714
0.2128574
0.8185866
0.45057163
0.7828611
0.20195484
0.4184002
0.63689744
0.55532765
0.89712083
0.060540035
0.702704
0.5496352
0.1402913
0.5179049
0.4443229
0.741426
0.05261548
0.052710723
0.0056863353
0.9826391
0.7417743
0.7888644
0.30763018
0.93977803
0.26693845
0.36966294
0.9690323
0.5465621
0.23452272
0.7100675
0.18751569
0.41227207
0.61262834
0.92484415
0.7278284
0.8053407
0.44245145
0.57653904
0.074515864
0.96916753
0.8208742
0.9655294
0.36522016
0.42777425
0.64232177
0.96533465
0.07685534
0.18582714
0.397598
0.04039267
0.56248
0.2633736
0.31986097
0.2966049
0.78504294
0.6424754
0.61627746
0.7079638
0.056497354
0.022022123
0.058714148
0.94819427
0.12616019
0.81772023
0.15863934
0.72220355
0.2365463
0.6555578
0.44137275
0.91777486
0.08989916
0.7122642
0.513792
0.13259229
0.9880092
0.9091258
0.89609593
0.5417566
0.94061416
0.12357019
0.16128579
0.93612695
0.43111938
0.9231969
0.37755486
0.24747196
0.7443075
0.013922141
0.6458891
0.3298703
0.07827335
0.12854974
0.51187694
0.68204516
0.38290155
0.45209113
0.5887191
0.63513446
0.27869475
0.7393675
0.5562611
0.984664
0.359959
0.46504295
0.7786523
0.14519233
0.6838985
0.642114
0.24168538
0.4801043
0.60801214
0.05525535
0.2427682
0.424992
0.913314
0.6340884
0.55563176
0.76176435
0.09020034
0.67914784
0.9116652
0.42644635
0.7328934
0.08522142
0.8917856
0.6133971
0.6905763
0.9018059
0.7305351
0.39983162
0.88677186
0.7408013
0.52202034
0.73601806
0.21443777
0.3941588
0.5711889
0.92670786
0.061881777
0.8905836
0.058352303
0.9387093
0.020479925
0.16112477
0.992398
0.44081888
0.67100656
0.66352856
0.7532435
0.72005045
0.50090545
0.67957395
0.10130919
0.7211087
0.8741482
0.44134772
0.9596254
0.3985868
0.066930376
0.56508726
0.37689397
0.41532505
0.8820611
0.98676103
0.70870674
0.1976996
0.6168043
0.41087586
0.30618644
0.23918857
0.8657116
0.5046614
0.21679261
0.7388256
0.12526406
0.68308717
0.04444866
0.52656376
0.38024247
0.70278686
0.5435721
0.050543096
0.22151887
0.8285483
0.44545224
0.18853244
0.9490359
0.13246235
0.6451615
0.3829533
0.14268568
0.8365954
0.7942697
0.026919307
0.3582014
0.6953458
0.95951
0.8075142
0.52788615
0.83307797
0.86637795
0.5121591
0.12895022
0.9527299
0.45170546
0.12291141
0.13718225
0.12145072
0.99587154
0.104734324
0.6011683
0.053887393
0.34564736
0.18922105
0.44255084
0.9978215
0.89669776
0.27767974
0.20383814
0.61625284
0.22323
0.5490115
0.96741945
0.29152712
0.8524502
0.026945408
0.40849966
0.53706473
0.15202485
0.39977056
0.8354069
0.38559347
0.59763736
0.3992195
0.65188164
0.85121506
0.9793689
0.625823
0.15863068
0.42645124
0.35089964
0.81417626
0.9351165
0.5076794
0.18772721
0.8424277
0.9386962
0.03968588
0.5582951
0.26770678
0.25710502
0.6881171
0.15754424
0.59731585
0.4653076
0.2745334
0.47970945
0.0807295
0.20237117
0.7179003
0.3874285
0.039124176
0.7122544
0.7269815
0.016140226
0.002165851
0.5001707
0.71828383
0.02212799
0.93676114
0.59191906
0.9594325
0.6165852
0.058352146
0.5718008
0.5280223
0.4556723
0.09341465
0.8669858
0.08062512
0.21777989
0.5138019
0.056458198
0.8921797
0.8702121
0.6279306
0.30888203
0.9983487
0.17455873
0.7971727
0.4111917
0.25924498
0.24612083
0.18601032
0.42404333
0.3069959
0.7348902
0.6711168
0.9942256
0.6886572
0.4270197
0.93763906
0.96827483
0.37988272
0.11314
0.27551377
0.24509686
0.03195074
0.5961415
0.12137847
0.47681785
0.15272668
0.8946515
0.8725713
0.56054515
0.5034745
0.91561985
0.3873271
0.5630989
0.7266379
0.29690495
0.6234896
0.18001436
0.5965003
0.4111261
0.9222879
0.67277384
0.42444074
0.17913632
0.6725802
0.7285648
0.62543744
0.008428396
0.21835087
0.4255595
0.89456373
0.8092674
0.82286847
0.7468029
0.42546606
0.43454218
0.49892545
0.15278198
0.96043134
0.013509537
0.9794813
0.6294779
0.5704888
0.77124846
0.07422957
0.21874449
0.22970694
0.6222329
0.9383304
0.6019067
0.5667893
0.29620686
0.2975707
0.59149516
0.90428096
0.7569496
0.7202783
0.29639855
0.4518729
0.92599046
0.84047467
0.39634663
0.42067602
0.14130479
0.21388976
0.18328807
0.56228215
0.055235445
0.09198914
0.6866409
0.5469981
0.6540551
0.20982774
0.012177718
0.95338064
0.7704473
0.19352733
0.86531156
0.7561927
0.66305596
0.7820768
0.43137056
0.53517646
0.28650582
0.02981073
0.28686953
0.28054124
0.15665682
0.9152502
0.6467462
0.71407706
0.7215954
0.05193055
0.503198
0.18352993
0.30558935
0.7373397
0.69537795
0.7989032
0.33095792
0.44699767
0.974865
0.32970628
0.23087932
0.43137488
0.33440426
0.35681823
0.93651026
0.5973845
0.9167029
0.4819526
0.3393352
0.39098364
0.47855607
0.06431248
0.0046609426
0.4752615
0.1554636
0.69115245
0.83702946
0.6337088
0.57899445
0.22860746
0.070193216
0.17930198
0.01704895
0.7844755
0.2603973
0.274983
0.19015412
0.6748291
0.7490504
0.011769208
0.46327034
0.33268592
0.78566426
0.76244426
0.22158402
0.48928726
0.71474606
0.14934506
0.5508853
0.079940766
0.59524316
0.1534836
0.6250902
0.17383482
0.785061
0.100411385
0.62299585
0.0400315
0.32950312
0.5824184
0.9036974
0.12102554
0.8352564
0.7143795
0.38976792
0.83329076
0.7161102
0.95747954
0.9964372
0.27038354
0.44953752
0.015733035
0.28137365
0.12861665
0.5407352
0.8480612
0.8387811
0.4405279
0.32417753
0.2706014
0.092220366
0.5335616
0.31649953
0.79354733
0.2391382
0.8106049
0.25555494
0.68334466
0.3591071
0.045644645
0.6802652
0.7779695
0.56776667
0.6639322
0.49280718
0.71935266
0.25494134
0.24079742
0.20034583
0.80607826
0.14845107
0.8446209
0.69631594
0.8975377
0.20873007
0.008962518
0.20041706
0.8051518
0.3349799
0.22030354
0.36058483
0.33628038
0.045978356
0.6391498
0.8065343
0.08410627
0.7190329
0.5802551
0.581269
0.36589763
0.06037473
0.26245445
0.50128466
0.31252372
0.5329087
0.3257921
0.8157192
0.9906042
0.88670176
0.44319263
0.2438384
0.3551252
0.47750834
0.66645443
0.12393925
0.03317405
0.9319404
0.5758594
0.61654925
0.16651185
0.28741685
0.26602966
0.7144742
0.9421471
0.5017369
0.9796556
0.6783261
0.8110887
0.71072537
0.81840396
0.013545067
0.743384
0.09708763
0.56520694
0.78579766
0.0681971
0.27125007
0.8159264
0.2638278
0.26938432
0.9101765
0.19178258
0.75083005
0.6402371
0.24303477
0.7029696
0.7291444
0.4346209
0.94019234
0.6117674
0.37579072
0.5196863
0.18355623
0.10993812
0.5207852
0.9040487
0.27261987
0.7824665
0.74569315
0.59237725
0.5654127
0.45714507
0.9293458
0.15410332
0.8639128
0.18435308
0.33194274
0.48010164
0.46622303
0.33683434
0.037208773
0.5339506
0.39204228
0.27178574
0.7731525
0.09165508
0.4529873
0.55503446
0.28849167
0.64623433
0.004205497
0.6151581
0.6975195
0.060395148
0.005078309
0.97565633
0.2441769
0.8950162
0.16904157
0.95065737
0.38326496
0.0733283
0.69063365
0.46938363
0.37044033
0.6171108
0.30733553
0.5442319
0.38761035
0.9257517
0.95711786
0.9561134
0.17701021
0.5426441
0.8675906
0.63018835
0.75384223
0.5743394
0.010887036
0.4051219
0.8921635
0.7727912
0.48344675
0.005089215
0.75832206
0.7006425
0.3503577
0.24907894
0.2979821
0.109784536
0.025829276
0.8641122
0.8057895
0.11534925
0.64169043
0.7299491
0.17481801
0.39392528
0.9585478
0.55034274
0.5532267
0.55776125
0.7719971
0.47331747
0.82186645
0.15667054
0.72507924
0.64639306
0.17418697
0.1491301
0.2637024
0.42151523
0.976531
0.20084696
0.60430163
0.81444496
0.0009641555
0.16855559
0.9681962
0.5471361
0.7751895
0.26132748
0.4837602
0.66501987
0.32850602
0.40123764
0.2802313
0.41504934
0.2711104
0.4547609
0.81993103
0.3439974
0.51552814
0.27170846
0.07046628
0.6551106
0.8743738
0.7070573
0.06356903
0.15105155
0.2965453
0.44758347
0.988746
0.6239234
0.2873999
0.43493405
0.41880396
0.07226331
0.6278886
0.4842917
0.16166767
0.2854666
0.23765588
0.77198184
0.22357145
0.6160315
0.8038956
0.25983655
0.4702286
0.6241188
0.64086455
0.6583047
0.14973645
0.69672567
0.79649717
0.15680072
0.63984483
0.6157356
0.10113621
0.034598403
0.3620232
0.91709405
0.9115661
0.45419168
0.9604839
0.44148397
0.35854217
0.7632067
0.24269304
0.47501874
0.95983976
0.501233
0.055697456
0.045948233
0.33340123
0.45618078
0.18671808
0.4391149
0.9970518
0.7614352
0.12996842
0.48622915
0.6751401
0.0631063
0.11303486
0.4436919
0.23918696
0.8584047
0.44562024
0.27606213
0.9430598
0.8185012
0.2272212
0.8921492
0.8993251
0.09888856
0.33810955
0.36331055
0.1397371
0.74622476
0.73107904
0.6566028
0.46763146
0.19536304
0.95491034
0.94726855
0.29620513
0.60329205
0.9803793
0.35502774
0.77019376
0.85249025
0.78704304
0.3764159
0.71157223
0.009234549
0.28717273
0.09440115
0.0627324
0.39365643
0.18484302
0.112738326
0.31699583
0.8058438
0.13485475
0.91271
0.823389
0.15060566
0.5245639
0.13151024
0.505201
0.67657584
0.76683444
0.6098698
0.9221302
0.44915408
0.59337795
0.719048
0.23438182
0.36925623
0.4571956
0.99276865
0.6657982
0.6227097
0.79341185
0.93425506
0.8947107
0.45285916
0.471643
0.4329244
0.32884902
0.65899616
0.560241
0.79142165
0.8262944
0.0016124573
0.49274477
0.5212997
0.3607217
0.52186346
0.07583472
0.66358584
0.30959684
0.5043241
0.7793773
0.3490594
0.48917156
0.3761085
0.8662895
0.8923187
0.30697775
0.7620795
0.95454973
0.10589968
0.6114689
0.05518835
0.281891
0.17503284
0.9259974
0.9273957
0.4826939
0.21469909
0.89964646
0.93898815
0.90346736
0.09513994
0.59448695
0.37410295
0.8749841
0.2405591
0.9471667
0.23453921
0.8610504
0.33459747
0.2064838
0.7425044
0.45277494
0.22393455
0.6485965
0.3135153
0.52020556
0.05639623
0.06787194
0.044098914
0.12710334
0.5110143
0.9691552
0.7559687
0.06451897
0.67612094
0.7907281
0.75422716
0.66148
0.49827576
0.09985028
0.51466054
0.7875499
0.10338365
0.93073654
0.78108007
0.052740313
0.4407496
0.27788475
0.48648095
0.9104664
0.92151284
0.35839325
0.40025294
0.29323876
0.13888504
0.10770192
0.1276115
0.67069936
0.7518934
0.9930634
0.00093539787
0.9340937
0.31963786
0.31044498
0.68482894
0.5556356
0.33253255
0.8716959
0.41863698
0.21580963
0.4524712
0.41249466
0.20854527
0.06437403
0.95256305
0.9972208
0.6347748
0.7229495
0.48836356
0.81936806
0.69755644
0.6643144
0.78443426
0.27754337
0.58576024
0.9396502
0.52566546
0.68563014
0.18410215
0.9348542
0.38988724
0.44720098
0.27999693
0.34447083
0.60244817
0.1436674
0.51219815
0.19340482
0.22715878
0.24197814
0.60438126
0.118115805
0.2016132
0.32268456
0.5554104
0.13462617
0.20776045
0.24846585
0.13779828
0.0103384275
0.82007676
0.6126385
0.8355322
0.7543935
0.56064683
0.0633149
0.3772513
0.05428028
0.26514944
0.4529457
0.90484416
0.8372501
0.053785723
0.60351104
0.61569756
0.9450406
0.38067386
0.0865705
0.4944471
0.48154625
0.24387626
0.48013145
0.52425534
0.15228584
0.93298566
0.002818808
0.36062792
0.53422576
0.6010406
0.69706136
0.16626364
0.21573731
0.94104254
0.824167
0.05625231
0.6708929
0.18509355
0.7859422
0.87196183
0.31263494
0.22307281
0.8283357
0.21189347
0.040078737
0.5805693
0.4439402
0.56138986
0.910282
0.66868234
0.99338335
0.15082394
0.224158
0.25651163
0.35382137
0.030146651
0.13074124
0.81980294
0.7265104
0.23540741
0.5521543
0.9043393
0.8561755
0.9201688
0.83984727
0.750325
0.5587013
0.65176326
0.14924107
0.9411584
0.29329917
0.24640913
0.57146776
0.9467807
0.84493077
0.74127674
0.18450831
0.6990045
0.07550826
0.020237891
0.79594386
0.93711907
0.58759975
0.84012556
0.6247476
0.65815663
0.40480444
0.37355915
0.15609473
0.33541626
0.70448065
0.35820282
0.28844303
0.5760007
0.4998829
0.7372156
0.8910842
0.4580773
0.79314375
0.75746727
0.39257005
0.5107714
0.78836715
0.9480515
0.11765886
0.46925038
0.89699674
0.6886282
0.86289984
0.43732154
0.93371123
0.26947784
0.1344552
0.92374384
0.9122233
0.45461047
0.65730125
0.34710294
0.9336926
0.9882702
0.82309717
0.448548
0.1231543
0.75424606
0.22833139
0.042598423
0.97524726
0.15062682
0.22021434
0.9247586
0.72600114
0.31293783
0.66082364
0.6671557
0.6720279
0.98747855
0.21919337
0.8430814
0.14750649
0.46026173
0.08175211
0.21590436
0.008651708
0.9909495
0.6153861
0.043548618
0.032570284
0.30424047
0.3507586
0.604129
0.11563266
0.79472345
0.9646455
0.56832916
0.87313044
0.19093567
0.79082745
0.42551875
0.31502002
0.6362561
0.41487998
0.81923455
0.1311581
0.5019651
0.8425695
0.53658754
0.81404644
0.8273815
0.43709418
0.6162299
0.8320129
0.028013961
0.32695642
0.7156186
0.7256776
0.15109602
0.8710008
0.42397273
0.81833863
0.21358542
0.95244056
0.8603785
0.5958427
0.96081007
0.8282269
0.011806191
0.0076265554
0.8092177
0.0068868347
0.10238709
9.884982e-05
0.8121974
0.27595186
0.85305035
0.09911133
0.36151806
0.7266078
0.7454304
0.2911262
0.32575667
0.15544547
0.39517596
0.09260863
0.53850746
0.34155604
0.3735461
0.39168632
0.12824427
0.579931
0.6645348
0.10768711
0.61560386
0.7363732
0.81030387
0.30679873
0.4903691
0.6951572
0.18729159
0.9670761
0.380872
0.045018263
0.8350392
0.048175167
0.00868064
0.82860214
0.21176533
0.81504387
0.6724272
0.48635545
0.096512295
0.05587819
0.53235304
0.7862714
0.57447124
0.35596132
0.25567824
0.46293956
0.13909118
0.33793962
0.9682618
0.68435514
0.2873998
0.055206735
0.3830933
0.26049247
0.95057744
0.38507602
0.9663563
0.66232157
0.1933941
0.12919469
0.6417791
0.66532683
0.13662638
0.3905854
0.27528995
0.027924916
0.12286943
0.55369896
0.39737958
0.10649278
0.6276385
0.595497
0.076230526
0.87296474
0.9862638
0.79890066
0.3762824
0.4734306
0.43546835
0.4914025
0.59808886
0.7957695
0.4542247
0.36030042
0.92805916
0.7069806
0.5710829
0.68064785
0.27579215
0.69116145
0.039667748
0.90788686
0.9819686
0.59237254
0.78182256
0.88006103
0.79157835
0.028226892
0.06500378
0.030001014
0.6001392
0.045762695
0.3851508
0.71429473
0.7999911
0.6314688
0.04268109
0.20154953
0.84833235
0.7796872
0.31273243
0.46772033
0.18728848
0.53847045
0.08772963
0.37293985
0.2335641
0.67327285
0.37471998
0.6985293
0.22057451
0.22547409
0.683516
0.22065406
0.5562666
0.97833717
0.6603649
0.7139837
0.8607732
0.870763
0.6073721
0.99786526
0.30997097
0.9796766
0.74500304
0.0107099125
0.95623446
0.2799005
0.8056554
0.24229674
0.2245337
0.35434446
0.07679905
0.71993715
0.14964786
0.5149102
0.42819968
0.537921
0.64023066
0.52972776
0.40148458
0.8731472
0.45146066
0.55123603
0.817328
0.69134563
0.5787329
0.20062718
0.95341927
0.04012218
0.4948396
0.72197574
0.05665275
0.60649866
0.43481743
0.31329998
0.7501893
0.07540743
0.35766223
0.4991232
0.7660439
0.58637804
0.3408565
0.29567719
0.88839597
0.78601056
0.41062033
0.9776609
0.16069712
0.40584287
0.2521222
0.23783623
0.21636586
0.44250605
0.8515283
0.38552755
0.81784284
0.45049217
0.51722133
0.17539941
0.6116904
0.20569235
0.9082382
0.6778662
0.4128904
0.60838825
0.97327924
0.4146068
0.40041214
0.6665632
0.23388088
0.89444673
0.7559748
0.07317189
0.81851006
0.5077868
0.55878615
0.2825916
0.2684828
0.74846196
0.6043826
0.82055855
0.67300016
0.031625804
0.13415557
0.1716404
0.15403447
0.2524695
0.2933138
0.17881006
0.6544328
0.872407
0.17785856
0.6693334
0.69179565
0.7644089
0.846431
0.2602161
0.3226838
0.20020862
0.25240555
0.8342627
0.87207913
0.6680942
0.11353223
0.85921717
0.88426095
0.34510154
0.7656713
0.9905208
0.2520542
0.41971296
0.07744738
0.8298498
0.47870615
0.5530716
0.29349542
0.36930376
0.5955065
0.17336948
0.40911704
0.24843226
0.772599
0.9874072
0.33538738
0.21310945
0.7007085
0.39671865
0.4916672
0.4868823
0.40645686
0.28049317
0.12634504
0.68479735
0.32155728
0.9300122
0.22283968
0.26284564
0.5840023
0.9448208
0.47568846
0.48559237
0.5271758
0.36950937
0.82191455
0.28929004
0.9101223
0.7198045
0.06815315
0.66580206
0.86015403
0.57023776
0.14310747
0.13178459
0.5111093
0.5819682
0.27206743
0.28542602
0.34434694
0.4789234
0.8774597
0.53866416
0.36120373
0.6640761
0.48986003
0.5064307
0.9153445
0.36820304
0.7154752
0.19959511
0.1082471
0.36212602
0.493308
0.31480342
0.6768743
0.98714584
0.71863395
0.9431144
0.062294256
0.99334055
0.22342694
0.68442976
0.10794571
0.06437592
0.43479645
0.6786739
0.83115757
0.3355507
0.08134675
0.8315376
0.26692718
0.6144236
0.8795303
0.9287889
0.4166017
0.76753354
0.80911285
0.45215967
0.97373205
0.91772753
0.8218846
0.22409295
0.58676964
0.6772594
0.5499247
0.46713197
0.46188787
0.59863675
0.88390875
0.9520746
0.47309107
0.4694662
0.5483984
0.9164937
0.7827777
0.69096184
0.39218876
0.9425485
0.72842425
0.43490967
0.68591505
0.2792667
0.5478922
0.38364756
0.89010245
0.24210009
0.60011435
0.07350716
0.5693835
0.6239465
0.10573281
0.1758751
0.8867057
0.38333532
0.97982174
0.07185075
0.37844107
0.20522918
0.99410903
0.7882322
0.8148469
0.8855769
0.28595805
0.6537672
0.77704775
0.7597278
0.68560445
0.13797176
0.38993374
0.660589
0.4356778
0.80673903
0.24989317
0.015173109
0.99607974
0.39283893
0.31815293
0.9936349
0.9812032
0.7832913
0.21760292
0.65016896
0.56760794
0.11821042
0.3949314
0.622477
0.8032881
0.31139845
0.15001087
0.18274586
0.84824646
0.24239059
0.9614672
0.6631169
0.5694291
0.28014767
0.89282066
0.6575271
0.25391367
0.8269004
0.6120102
0.04884667
0.66382176
0.76779634
0.28400555
0.5024983
0.7063003
0.27839413
0.8827962
0.44285113
0.052699525
0.9593293
0.18976164
0.25192413
0.84878004
0.9804722
0.09157958
0.60887444
0.11945575
0.2936337
0.76437086
0.09864271
0.45164502
0.76979643
0.65709215
0.87877584
0.06690462
0.5852046
0.94558555
0.2972101
0.6544804
0.4554284
0.7654538
0.99872977
0.7302765
0.023645556
0.8392441
0.31413326
0.7345215
0.21633996
0.6672693
0.8888758
0.55904263
0.24508621
0.8079155
0.583343
0.39050743
0.23369904
0.5441364
0.0063314144
0.6211386
0.6625936
0.19182196
0.15588121
0.18513814
0.47338063
0.79032093
0.9257797
0.15116104
0.8907415
0.67435426
0.90357155
0.29045236
0.692417
0.019326124
0.87062824
0.9870099
0.37864885
0.9475657
0.7494866
0.4843458
0.5162264
0.55338246
0.46189544
0.17836031
0.27637985
0.21118984
0.77147466
0.26596403
0.091073535
0.08028309
0.9043087
0.89419436
0.014316141
0.4144458
0.40082327
0.3086265
0.8978894
0.8745902
0.1901282
0.8561658
0.11675113
0.2727252
0.61135346
0.5558606
0.034007628
0.3325491
0.22771
0.3005455
0.22325276
0.21482497
0.7252598
0.02026549
0.9426551
0.95774335
0.41017655
0.414917
0.20346314
0.24793673
0.077838086
0.7559819
0.36484298
0.031188488
0.61946166
0.6026517
0.85285646
0.60389775
0.5013961
0.07354471
0.3413826
0.43422577
0.3884677
0.69870037
0.59120214
0.48805422
0.71037084
0.5759536
0.626839
0.857611
0.2008314
0.51148623
0.21778968
0.8323627
0.87099856
0.44899046
0.32581604
0.567054
0.4909788
0.64963734
0.94204015
0.53949046
0.32681474
0.14779226
0.40901488
0.52503335
0.75370437
0.004247951
0.8888156
0.22911221
0.47984582
0.004517222
0.83462876
0.5230155
0.19628891
0.076864146
0.24767107
0.49255118
0.8487748
0.95385426
0.9303408
0.8559988
0.6383051
0.12666242
0.57007957
0.9513623
0.55439276
0.3685007
0.34007335
0.15792333
0.36540812
0.9938676
0.0405756
0.6130969
0.31024998
0.5609341
0.07681556
0.39210135
0.7616985
0.8458137
0.6058848
0.18858474
0.16817227
0.35421982
0.06750172
0.3899354
0.95965207
0.6315955
0.9040597
0.9102272
0.039990317
0.7825136
0.0718789
0.7971098
0.40218496
0.87690616
0.013273201
0.75874084
0.35001007
0.8625192
0.87547785
0.8021954
0.6351261
0.12295615
0.08983304
0.4450375
0.23653723
0.026849538
0.50722295
0.6577386
0.8424491
0.89208126
0.8039332
0.47693273
0.66381085
0.88380873
0.604417
0.23607121
0.6650878
0.44056243
0.98361766
0.18660243
0.34088624
0.69484156
0.6574399
0.28258628
0.20563588
0.5058665
0.6897206
0.47313014
0.5324189
0.02443892
0.34967038
0.007398133
0.00878524
0.014051847
0.53726196
0.54554784
0.5576705
0.5447995
0.6987701
0.6508813
0.48808905
0.56327325
0.5959388
0.67512107
0.59292096
0.12373794
0.8638878
0.7291675
0.17129537
0.6845253
0.9939905
