0.0
0.0
16.15151
7.8562536
10.663925
65.5817
3.9773743
64.79008
43.554993
59.186947
487.7401
34.44661
9.974991
104.084946
23.399136
14.444155
23.784763
7.4696875
14.813132
122.50607
29.5585
1.1974866
9.551754
152.15979
17.631073
3.0969737
30.697647
50.07139
93.04103
2.859952
10.920197
3.1389942
15.910698
3.0639586
27.80159
27.190231
1.6988648
1.1892054
3.482674
4.577689
14.869096
61.30714
3.4933896
37.48855
5.7351303
42.840214
44.84162
4.007395
2.8624249
6.366269
22.31431
0.9297629
36.260757
6.5083404
59.504852
19.980614
7.0305696
18.527447
70.14276
4.228293
0.0
10.282854
0.7249301
0.7249301
1.4498602
29.975395
9.990519
111.06279
0.0
0.0
43.47518
80.27977
6.5955124
46.931984
12.783469
0.97369146
17.884264
23.194386
19.207872
24.745329
3.9494662
0.11430511
0.9144409
0.11430511
0.11430511
52.46456
116.92157
0.5861568
16.998547
34.45089
0.5521218
1.3803046
0.2760609
19.871983
0.4579559
0.4579559
0.0
1.8318236
5.4954705
1.1448898
3.663647
2.2128506
14.253942
20.57898
2.5552247
7.665674
2.5616446
0.01283972
69.06767
33.3481
2.0097227
0.0693008
40.355118
0.24174458
0.72523373
0.48348916
0.24174458
0.24174458
0.24174458
3.3522046
4.661242
77.85899
0.7944659
2.3833976
23.039513
7.4458466
84.98485
45.88038
2.9706082
10.0171585
0.0
26.7958
8.391836
1.6595206
5.0379353
17.478664
0.056181066
16.428
11.624672
12.195015
0.56596255
10.237621
41.65438
0.0
0.7860332
0.043668516
17.31141
0.0
0.8887032
17.447533
68.44261
13.045509
0.3624931
22.073753
7.853062
1.1218659
15.680087
4.1035213
0.58621734
0.58621734
12.1227
3.107342
6.9915195
6.214684
2.3305066
53.38997
0.0
5.4140825
1.8046942
0.0
53.851883
59.45938
177.81606
0.5217632
0.5217632
20.348764
11.715273
53.317375
9.689697
49.302628
2.4129367
51.662193
0.0
0.0
0.4290089
0.0
10.126973
0.8411638
0.28038794
0.5607759
3.3014417
3.6952643
4.0842395
0.9724381
0.19448762
0.19448762
2.9134612
0.32350388
5.499566
0.32350388
6.5087204
3.9905727
20.617958
9.477335
10.973524
0.91446036
0.91446036
5.486762
9.144604
0.91446036
1.8289207
0.91446036
0.91446036
0.0
12.468008
0.44802743
0.05600343
0.11200686
0.0
0.0
0.5600343
0.22401372
1.0640651
0.7280445
0.05600343
1.4000858
0.28001714
0.3360206
0.0
0.3360206
3.6077008
2.9765482
0.12941512
0.12941512
0.25883025
10.987673
21.57045
1.7271727
0.57572424
2.333181
0.24227217
0.060568042
0.060568042
0.36128533
0.45107594
0.15035865
2.7741919
0.3103939
4.6559086
0.0
3.6562052
0.0
0.70141184
20.006136
27.331894
0.45817986
0.3665439
0.27490792
19.044298
2.264528
3.0193708
0.0
8.303269
0.37742135
9.982149
4.0475216
0.3113478
0.9340434
9.340434
4.3588696
0.0
0.0
2.1794348
0.0
17.43548
2.1794348
0.6226956
0.0
0.0
23.66244
0.0
12.597872
1.0780016
3.7730057
3.234005
0.0
0.5390008
0.5390008
0.5390008
41.950325
13.974436
2.395618
1.197809
0.39926967
1.9963484
3.9926968
0.39926967
0.79853934
0.0
0.0
0.39926967
5.1905055
1.197809
15.088068
1.0448613
170.18756
1.3485962
69.607895
0.45848858
153.1945
141.42294
129.72168
36.104275
0.9532254
36.745415
1.9651891
88.08489
0.48683375
95.97513
2.8434472
11.481258
0.0
0.66304576
9.282641
16.576145
7.9565496
5.304366
8.619596
3.9782746
0.66304576
3.4003768
0.0
1.8248874
28.119492
30.442022
9.27142
0.2285971
0.2285971
46.162033
9.546633
19.450966
0.8296386
1.6592772
1.244458
6.453674
58.155815
6.2961345
16.527353
0.7870168
1.5740336
8.657185
3.6703997
1.7968851
0.0
0.29948086
4.479458
0.3711622
0.0
0.0
0.0
0.0
0.1855811
0.5567433
2.5981355
1.4846488
2.5981355
0.92790556
0.1855811
0.1855811
0.0
31.136992
2.1115725
0.0
1.5836794
0.5278931
23.322144
0.0
0.0
0.0
0.0
1.2823256
0.6411628
41.09027
0.97191787
0.0
2.9157536
10.691097
0.97191787
0.0
0.0
0.97191787
0.0
0.97191787
0.0
19.335594
0.0
0.3751136
2.2613893
0.06424625
0.1284925
0.010707709
0.0
7.8790255
4.3118005
17.46229
18.0256
23.896294
0.34596905
0.6919381
2.0758142
0.34596905
8.353545
0.5014255
1.5042765
2.005702
1.002851
4.51283
0.5014255
0.0
0.0
0.0
0.0
3.5099785
2.1597044
44.064568
9.536151
5.0457654
0.0
4.2048044
4.2048044
0.0
98.43948
0.0
5.142568
0.0
0.8570947
0.8570947
0.8570947
6.8567576
6.8567576
0.8570947
0.0
0.8570947
1.3819509
2.0994244
0.5248561
7.8728414
0.5248561
7.889831
0.97715986
0.97715986
0.0
0.97715986
8.794439
3.9086394
4.8857994
436.18408
2.9819381
0.0
2.2364535
2.9819381
2.325601
2.5038962
0.0
9.77519
0.0
7.4823933
0.6235328
7.0177736
0.0
0.0
0.88434815
0.88434815
0.0
0.0
0.88434815
0.0
0.0
7.074785
0.88434815
0.88434815
0.0
0.0
0.0
0.0
0.88434815
0.0
3.5373926
4.4217405
0.88434815
0.0
0.88434815
2.2138562
1.3354794
2.6709588
0.0
0.8903196
0.8903196
6.232238
0.0
3.4591584
0.98668754
0.0
0.24667189
0.0
0.0
0.24667189
0.0
0.24667189
0.0
0.7400156
0.0
0.98668754
0.0
0.0
0.24667189
0.0
0.0
0.24667189
0.24667189
1.2333593
0.24667189
0.24667189
0.0
0.24667189
0.0
0.24667189
0.24667189
0.24667189
1.7267032
0.24667189
0.24667189
0.0
0.98668754
0.0
1.2333593
0.0
0.0
0.49334377
0.24667189
0.7400156
1.7267032
0.24667189
0.49334377
5.9201255
42.397762
0.24043357
0.24043357
0.9617343
0.24043357
0.24043357
0.48086715
5.2895393
1.4426014
0.7213007
74.46747
0.8808931
0.8808931
3.5235724
6.0931916
3.0465958
0.76164895
0.5058687
7.58803
0.5058687
0.0
1.0117373
0.5058687
0.5058687
2.3624475
0.8448414
4.224207
0.8448414
4.224207
2.5345242
0.8448414
0.8448414
0.8448414
3.3793657
16.95586
0.0
4.903154
3.7494712
0.72105205
0.1819761
0.24547696
0.33989117
0.41542253
0.0
0.15106276
0.94076747
11.062615
0.9218846
0.9218846
1.8437692
0.9218846
1.8437692
0.9218846
0.9218846
102.82997
1.2111592
0.13457325
0.0
1.076586
0.13457325
0.50510097
0.0
0.5557916
0.0
0.18526387
0.0
0.18526387
0.37052774
1.8526387
10.968726
0.38910437
0.0
4.280148
0.0
5.447461
0.38910437
0.0
0.0
0.77820873
1.6334076
26.511162
0.0
0.8551988
0.0
0.0
0.0
0.8551988
41.9339
99.90931
30.947079
5.33816
8.476919
0.028379587
22.6633
3.6210093
1.8105047
2.715757
41.64161
14.784489
12.831571
14.555397
26.089031
1.6076503
20.02265
65.665695
1.8077563
1.0979692
1.0979692
0.5489846
0.5489846
0.0
0.5489846
3.2939076
6.9191084
0.0
0.84241074
0.84241074
33.406563
1.4617531
0.7870978
0.22488509
2.1364083
0.22488509
0.112442546
0.0
0.0
0.112442546
0.5622127
1.7990807
0.112442546
0.112442546
0.22488509
0.112442546
0.33732763
0.0
0.0
0.33732763
0.112442546
0.22488509
0.0
31.598022
0.0
2.2238011
32.36985
2.8181593
20.97188
2.1438472
0.71461576
0.0
84.3246
4.2876945
56.91289
1.3202779
0.96020216
0.0
0.48010108
0.0
0.12002527
47.648216
23.52043
38.99735
105.188034
34.62122
0.51378614
27.702278
0.25133368
4.77534
1.0053347
0.0
5.780675
0.25133368
0.25133368
0.25133368
1.0053347
0.25133368
0.25133368
174.9379
0.9960658
3.9842632
5.9763947
1.9921316
13.487697
0.9832837
0.19665673
6.6863284
0.19665673
2.7039864
6.3899355
0.7370175
0.7370175
2.94807
125.99457
4.348418
0.0
0.0
0.0
65.7609
0.0
0.6920613
1.3841226
0.0
0.0
0.6920613
29.157793
0.0
0.3249687
0.3249687
0.3249687
0.6499374
0.3249687
0.0
0.0
0.6499374
27.287807
0.23116888
2.8128319
27.616455
42.022453
8.981684
0.0
380.49637
0.9739469
1.9478939
91.58104
2.37082
2.2008147
0.70527065
0.23509023
0.23509023
0.47018045
0.23509023
0.0
0.0
0.0
0.47018045
6.862238
7.7200174
0.85777974
159.34457
0.3436796
0.6873592
4.1241555
56.261192
128.93727
0.0
13.459093
0.65654117
0.0
5.9088707
20.941616
4.551045
3.7925375
10.946397
0.6263161
1.2526321
3.7578964
2.5052643
3.7578964
3.7578964
29.201988
0.0
0.6284015
2.513606
0.0
26.058144
2.626124
2.626124
156.66049
1.3535808
0.9023872
13.084617
0.0
0.9023872
0.21833402
3.4933438
0.21833402
2.3453465
2.430096
0.32401282
85.254425
145.03218
2.3703651
0.0
0.0
2.3703651
9.481461
2.3703651
0.0
0.0
0.79012173
20.543165
3.160487
23.60706
0.0
1.2981918
18.620064
27.163952
0.9347214
40.522736
0.8962282
0.0
0.8962282
4.460306
0.0
2.6838748
1.3419374
26.167782
10.735498
54.792377
1.8230779
70.915115
0.0
0.0
2.646844
1.6288269
3.257654
0.68950146
1.1491691
0.0
44.20365
0.0
0.9558779
0.0
10.514656
14.522913
1.1958349
0.5877834
3.936673
0.78733456
0.0
0.78733456
1.5746691
0.0
26.430653
0.15367496
0.0
1.0757247
0.46102488
0.0
1.0757247
0.46102488
0.15367496
0.3811264
0.3811264
0.3811264
0.3811264
0.3811264
0.0
0.0
2.2867584
9.9092865
0.3811264
3.811264
17.975628
4.1127806
0.0
1.6451122
0.8225561
77.29745
0.82767886
0.0
3.724555
3.724555
4.966073
0.82767886
12.623049
8.07271
2.6909032
6.2787743
5.860138
1.9133272
0.4783318
8.13164
0.4783318
4.783318
3.8811889
75.5818
0.15269254
0.15269254
0.0
1.0040221
0.196626
8.95846
0.0
0.0
1.9669698
0.9834849
17.702728
0.0
21.63667
0.0
13.499382
0.67182106
0.0
0.33591053
34.050583
0.0
7.3022604
4.9051437
0.0
55.06956
5.8098497
6.2402086
1.7214366
1.9366162
0.21517958
0.0
0.0
7.3161073
0.0
9.037543
0.64553875
0.0
2.582155
9.207615
10.146271
1.9497353
1.9497353
2.599647
0.64991176
0.0
10.398589
3.249559
1.2998235
8.79994
42.625214
0.0
1.6485658
29.674177
6.022837
0.5198554
0.0
53.66825
0.0
0.97162
11.062994
21.07238
0.36262077
2.5383453
2.1757245
9.153416
0.56537735
157.43752
0.0
0.0476063
0.0
0.0476063
144.14314
24.624424
0.0
107.23631
0.0
4.6447678
0.6193023
9.289538
0.15482557
0.15482557
2.7868602
1.8579068
0.77412784
72.41652
0.0
4.625962
25.134495
1.6053314
1.6053314
1.8728867
6.1537704
0.0
0.0
0.26755524
0.26755524
0.5467582
0.06980074
0.0
0.06980074
0.97721034
0.6282067
2.8618302
0.8871418
0.0
5.322851
6.209993
69.22157
0.0
14.806476
29.432697
4.462499
18.563297
3.7989004
0.0
31.7422
0.7258513
0.7258513
0.12097522
5.927787
1.8517501
0.62068856
0.26600936
0.029556597
1.147561
0.17562413
0.35124826
0.5268724
21.29671
22.940266
1.9948062
0.0
0.0
120.69853
0.0
0.0
0.8954685
1.790937
0.8954685
1.790937
91.74313
4.6062403
4.605253
0.39772043
0.28408602
0.11363441
0.17045161
0.0
0.056817204
0.056817204
0.056817204
0.0
6.1432533
52.512577
0.0
0.0
1.150634
0.46025363
1.150634
0.23012681
0.92050725
0.46025363
1.150634
0.92050725
1.8410145
0.46025363
0.23012681
1.8410145
0.46025363
0.0
0.0
0.46025363
0.46025363
2.301268
0.23012681
80.20542
227.17151
5.7036047
0.7027468
0.3513734
5.2706013
4.3470154
0.9437006
2.831102
1.8874012
0.9437006
0.9437006
0.9437006
0.9437006
22.267544
0.22341055
1.3404633
2.1929743
0.03164475
0.0
0.0
0.0
0.0
0.03164475
0.0
0.0
0.0
0.63289505
1.170856
0.0632895
7.6144896
3.069541
32.446106
0.895628
0.0
28.103151
237.58968
2.000259
67.36907
0.0
18.975616
0.2782516
0.18550105
0.0
0.18550105
15.33737
12.801322
6.4006615
1.8287604
0.9143802
2.7431407
0.9143802
0.0
7.124346
272.3052
0.0
0.0
0.5264159
0.26320794
0.22140908
0.11070454
0.05535227
0.11070454
1.3284545
0.05535227
0.0
0.0
2.1587386
0.7195795
334.79883
31.491325
2.035709
17.359997
0.8472745
0.42363724
0.42363724
0.42363724
0.42363724
0.42363724
0.42363724
0.42363724
0.42363724
4.2363725
0.42363724
0.42363724
2.9654608
3.812735
41.88918
25.64891
0.0
2.0551841
1.3701228
0.6850614
2.7402456
0.0
0.0
18.77359
0.06923314
0.34616572
0.62309825
0.20769942
0.27693257
0.13846628
11.756802
11.765529
7.112726
6.9992657
24.315722
0.44735712
0.44735712
11.631286
0.44735712
0.44735712
81.62922
14.951854
0.660648
0.165162
0.330324
24.969028
0.44983184
0.0
0.0
0.37284836
0.0
62.576317
0.0
0.69604206
0.69604206
0.69604206
0.69604206
0.69604206
7.6564627
0.69604206
4.552106
0.08213265
0.08213265
1.149857
2.7958279
6.3392982
85.79379
4.997697
0.8329495
0.8329495
0.0
24.824352
5.5948515
2.5147624
1.005905
5.0295253
4.02362
44.30558
10.966663
0.0
0.0
0.0
1.0444443
26.633335
0.52222216
0.52222216
0.6729675
0.6729675
0.6729675
27.749672
1.1255988
4.502395
1.1255988
0.0
0.5627994
0.0
0.0
29.617693
0.22615172
0.22615172
0.0
0.45230344
0.22615172
0.22615172
0.22615172
0.22615172
0.22615172
0.0
17.656818
76.54591
2.1029701
5.2574253
4.2059402
0.0
10.514851
14.186619
32.23021
0.0
0.0
0.0
1.2379302
2.6306016
0.5415944
9.070341
0.3187451
0.3187451
2.868706
24.224617
0.3187451
1.5937254
0.0
0.9562353
0.3187451
0.3187451
0.3187451
139.14053
2.0993576
0.0
0.8392079
0.20980197
0.41960394
0.41960394
0.20980197
0.20980197
0.20980197
1.2588118
1.5812379
0.26611403
0.53222805
88.668465
3.818296
0.0
7.6365914
0.0
0.63638264
0.63638264
3.818296
0.63638264
1.2727653
1.909148
0.0
3.818296
0.63638264
1.2727653
0.43621245
35.824867
4.493805
0.19947787
0.9790827
2.900635
1.740381
1.160254
2.320508
1.160254
1.160254
0.580127
1.740381
0.0
0.0
1.160254
52.504246
0.22498085
35.68212
4.0903935
1.0907716
0.40903932
2.726929
62.25474
13.100368
1.929432
11.682014
0.38981384
1.5592554
0.0
0.0
2.7286968
0.38981384
15.592555
10.840809
0.2633733
0.2633733
0.0
0.0
1.0534931
154.96536
3.464817
0.86620426
28.58474
12.12686
0.86620426
29.495491
20.777668
9.217949
2.168929
20.0626
10.642029
21.58252
0.51729447
1.1640048
0.0
20.69473
0.6467103
1.2934206
2.586841
5.8203926
79.933914
0.0
0.4499843
0.4499843
0.4499843
1.3499529
1.3499529
0.0
1.3499529
0.4499843
0.4499843
0.8999686
1.3499529
0.4499843
0.4499843
0.4499843
0.4499843
0.0
0.0
0.0
0.0
5.8497963
0.0
0.0
18.449364
5.3998117
0.45227486
0.22613743
1.8090994
22.93272
0.0
0.42101064
0.8420213
98.534256
1.2561913
0.8374609
0.41873044
0.41873044
0.41873044
1.0725317
0.0
0.6538013
0.0
0.6538013
5.884212
0.6538013
26.805851
13.076028
1.961404
1.3076026
0.6538013
1.961404
4.576609
0.6538013
0.6538013
0.6538013
1.961404
0.6538013
0.0
0.6538013
0.6538013
0.6538013
3.2690067
0.6538013
0.6538013
0.6538013
0.6538013
31.382458
16.852942
0.0
4.6468287
13.940484
6.389389
11.61707
4.065975
76.217575
37.9168
0.086407885
15.895624
1.9578172
0.0
0.0
0.0
0.0
0.0
43.07265
0.9789289
25.45215
48.353558
0.0
0.0
0.0
46.567566
0.31890103
20.409666
0.0
0.0
65.05008
0.22313166
0.22313166
2.2313166
104.668304
8.316804
1.3608315
0.63301486
2.532059
2.004547
0.10550248
0.15825371
1.5352417
2.9789472
23.72004
0.3537794
0.0
0.1768897
2.830235
0.1768897
0.1768897
0.0
0.0
0.1768897
0.1768897
0.1768897
0.0
0.1768897
0.5306691
43.362686
50.054478
0.061129935
0.24451974
7.169983
1.2506069
0.31265172
0.31265172
0.62530345
3.439169
0.0
0.0
0.0
0.62530345
0.62530345
0.31265172
10.412488
6.560875
0.40579385
0.081158765
0.081158765
44.82229
0.63837063
0.0
0.63837063
0.63837063
17.874376
3.1802146
318.26062
21.31102
0.50740516
46.60318
12.319669
5.2927427
69.687775
0.0
0.0
0.88212377
0.88212377
2.6463714
0.88212377
0.0
0.0
1.7977391
0.28172785
3.3100135
0.0
0.08973463
0.2692039
0.35893852
15.420178
0.6934095
0.0
0.34670475
0.34670475
0.34670475
0.0
0.34670475
0.34670475
0.0
0.34670475
4.507162
42.53689
0.65604395
66.91648
0.0
3.2802196
0.65604395
8.528571
0.65604395
0.65604395
19.681318
0.0
74.78901
0.0
19.025274
0.0
0.0
1.9681318
0.0
2.5440931
0.6360233
10.176373
2.5440931
6.360233
1.9080698
1.2720466
228.45108
0.25989765
3.118772
0.25989765
14.173097
12.792799
52.303574
106.15057
0.80941427
0.80941427
0.0
3.237657
0.80941427
35.69219
15.354416
30.869513
0.0
0.9123839
0.9123839
0.45619196
6.789427
0.0
1.438433
4.315299
2.607923
0.0
0.9443532
0.9443532
0.9443532
0.9443532
2.8330598
33.996716
0.0
1.8887064
0.9443532
0.9443532
45.328953
1.8887064
4.7217665
17.94271
0.0
0.0
0.9443532
0.9443532
0.0
1.8887064
0.0
0.9443532
0.9443532
0.0
8.499179
0.9443532
0.9443532
47.705082
3.7588744
0.6264791
1.7251151
0.549318
0.549318
21.20906
4.314344
0.0
15.531638
0.8628688
0.0
0.0
6.9029503
1.7257376
0.8628688
1.7257376
2.5886064
0.0
3.4514751
1.7257376
0.8628688
1.7257376
7.765819
0.8628688
0.8628688
5.1772127
21.57172
1.7257376
1.7257376
15.782213
0.8785294
1.7570589
0.29284313
0.29284313
1.1713725
6.3623238
0.070546225
0.070546225
12.699272
88.453384
0.0
0.41221628
0.41221628
8.786002
0.438789
3.7297058
0.10969725
0.6581835
0.10969725
0.98727524
0.10969725
0.10969725
0.54848623
0.10969725
0.6581835
8.534761
0.0
0.49207065
0.6888989
0.049207065
0.6888989
0.049207065
0.049207065
0.049207065
0.0
0.0
0.049207065
1.2698708
3.470329
0.077118434
1.3881319
3.2389739
4.2415133
0.077118434
0.077118434
0.6940659
0.23135531
0.077118434
0.077118434
0.6940659
0.46271062
0.077118434
0.6169475
0.077118434
0.539829
0.23135531
15.685402
8.70379
0.0
8.599903
0.0
0.32018104
7.3641644
0.32018104
33.389603
8.57854
1.0723175
2.6807938
0.53615874
1.0723175
19.516745
0.38257173
0.76514345
1.5302869
10.329437
37.10948
0.0
25.632317
0.38257173
0.0
53.573193
0.5733572
0.0
0.5733572
0.0
0.5733572
4.586858
0.0
0.0
3.4401433
1.1467144
32.68137
0.5733572
0.5733572
0.0
0.0
0.0
6.306929
1.1467144
0.0
17.774075
0.0
14.907286
13.767314
6.1081066
0.550027
0.0
30.224072
15.248061
0.0
0.0
14.485659
0.7624031
1.5248061
0.7624031
6.0992246
87.20906
1.9505348
0.9752674
42.86222
3.991384
25.886702
44.039845
0.0
4.15642
0.0
0.0
0.0
37.40777
2.9094942
4.4302607
18.629393
0.0
0.38019162
0.38019162
0.76038325
0.76038325
0.76038325
1.1405749
0.937144
1.6708571
1.6708571
0.27847618
32.26244
9.118936
9.497934
23.802837
0.5538086
1.1076173
0.5538086
0.0
0.0
0.5538086
0.5538086
0.5538086
23.063805
6.070156
0.37938476
0.0
0.0
0.37938476
0.37938476
0.0
8.1109705
0.97244364
7.779549
0.97244364
2.917331
0.97244364
0.0
1.9448873
0.97244364
0.0
5.834662
0.97244364
1.9448873
17.68862
2.2998075
0.7666025
0.7666025
3.8330126
0.7666025
6.8994226
25.297882
2.2998075
0.0
0.0
9.965833
0.0
0.7666025
0.7666025
0.7666025
0.0
38.201923
3.811647
1.9058235
34.304817
0.95291173
0.95291173
31.166641
4.2415285
0.0
0.8483057
0.8483057
33.6412
0.5652942
0.0
3.391765
0.5652942
0.5652942
0.5652942
0.0
0.0
0.5652942
0.5652942
0.5652942
5.087648
0.5652942
0.0
0.5652942
1.6958826
0.5652942
1.1305884
18.654709
0.5652942
0.5652942
11.305884
63.312954
0.0
0.5652942
118.52907
1.2820728
3.205182
14.454929
0.3560729
0.7121458
2.4925103
0.3560729
0.3560729
5.3410935
0.3560729
0.3560729
0.3560729
2.4925103
0.0
4.6289477
0.3560729
0.3560729
1.7803645
0.3560729
0.0
1.0682187
0.7121458
0.7121458
1.4242916
3.487979
8.812735
0.0
0.0
10.0050955
1.03501
0.0
0.0
0.34500334
0.0
0.0
0.34500334
0.34500334
0.34500334
1.7250166
10.695102
0.0
4.4850435
3.10503
6.21006
10.695102
0.6900067
0.0
0.0
0.0
115.62717
0.0
0.0
0.64323413
3.8594048
8.761593
0.20628853
0.41257706
9.69556
0.41257706
5.9823685
0.0
1.4440198
11.5521555
3.5069053
0.0
0.20628853
0.20628853
5.310784
19.218864
13.252958
2.4849296
0.82830983
2.4849296
0.82830983
72.89126
0.0
0.0
0.82830983
33.247604
0.9855624
62.090454
0.0
0.9855624
0.0
0.0
0.9855624
47.301308
19.725594
2.191733
2.191733
0.73057765
7.3057766
0.73057765
9.497509
0.73057765
1.4611553
0.73057765
0.73057765
0.73057765
0.0
0.73057765
0.73057765
0.73057765
0.73057765
0.73057765
0.73057765
0.6739457
0.33697286
0.33697286
0.33697286
7.413404
0.33697286
0.33697286
0.6739457
2.695783
1.6848643
0.0
0.33697286
2.0218372
0.6739457
0.0
0.6739457
0.33697286
0.0
0.013438344
0.0
0.040315032
0.053753376
0.013438344
0.18813682
0.013438344
0.040315032
0.0
0.013438344
0.013438344
0.013438344
0.053753376
0.0
0.053753376
60.081345
2.8178418
0.8623016
21.65569
0.0
1.2994615
1.7326154
9.797069
0.9031546
6.3220825
70.38256
0.0
0.0
0.0
0.0
0.2757486
0.0
0.0
0.0
0.8049753
0.8049753
1.6099505
8.049753
20.24891
0.34689477
0.34689477
2.0813687
0.34689477
0.34689477
2.7751582
2.4282634
7.640473
0.045875385
0.2752523
0.09175077
0.3211277
0.0
1.0092584
0.045875385
0.0
4.114723
0.28702036
0.28702036
1.5786119
0.0
0.0
0.5740407
8.966694
0.87487364
1.1664982
0.29162455
2.0413718
11.373358
3.9322457
2.1637557
2.488319
52.790573
4.596909
74.69382
0.82095385
0.0
0.0
0.0
2.4628615
0.82095385
2.4628615
2.4628615
27.554989
3.0675864
0.3834483
0.3834483
40.157738
3.6151567
43.636635
0.4784534
0.0
0.4784534
1.4353602
0.0
0.9569068
0.9569068
0.4784534
11.00443
23.673763
0.07340653
0.07340653
0.07340653
0.14681306
0.07340653
0.0
1.1362312
1.4170995
0.0
0.35427487
14.525267
0.0
0.0
7.100893
8.767498
0.5451902
0.0
0.36346012
0.18173006
0.0
0.0
0.18173006
0.5451902
20.252525
1.8071764
5.6651616
6.590578
0.22726135
15.542538
0.99780697
16.962719
2.9934208
2.9934208
0.99780697
0.99780697
1.9956139
0.99780697
0.99780697
2.9934208
0.0
60.866207
0.99780697
2.9934208
0.99780697
0.99780697
0.99780697
4.9890347
11.973683
2.9934208
0.0
2.9934208
3.9912279
2.9934208
0.99780697
1.9956139
0.99780697
0.0
0.99780697
0.99780697
0.0
13.926771
0.0
0.0
29.613688
9.7111
0.0
0.22987315
0.22987315
0.6896194
4.993894
0.45070124
4.9577136
0.45070124
0.45070124
0.0
0.45070124
0.45070124
6.7605186
1.3521037
15.323842
15.042536
3.0142565
0.7535641
85.9579
21.563465
23.0658
11.442924
28.779922
9.335665
0.18275571
11.51303
105.60312
0.032112602
0.96960646
86.73676
10.765158
2.3068194
0.7689398
0.0
0.0
6.1515183
0.0
0.0
20.98452
0.6597813
13.317539
12.657759
0.0
3.452116
13.92705
95.03444
15.899727
36.219116
0.40497833
0.40497833
0.40497833
0.40497833
0.0
13.354852
0.23025605
0.23025605
0.23025605
0.23025605
0.4605121
0.23025605
0.0
7.2704525
0.0
14.232645
0.0
9.488428
2.372107
1.1860535
0.0
0.29651338
0.59302676
1.4825668
0.29651338
0.0
5.0407267
1.7790803
1.1860535
0.29651338
4.151187
75.17499
0.11295968
0.11295968
0.22591937
1.0166371
0.22591937
0.22591937
91.01015
39.312344
49.41445
0.5474114
0.5474114
0.5474114
0.0
0.5474114
0.0
2.1896455
3.8318796
0.5474114
1.6422341
0.7279972
0.7279972
0.7279972
0.7279972
2.1839914
0.7279972
2.1839914
1.4559944
1.4559944
2.1839914
1.4559944
2.1839914
8.292341
78.36737
2.077059
1.384706
114.91205
0.0
84.81206
0.0
0.6569453
0.6569453
11.825015
0.0
0.32847264
0.32847264
0.32847264
0.32847264
3.4367092
0.0
2.4865892
0.0
3.1082363
4.351531
0.6216473
0.0
2.4865892
0.0
0.0
1.2432946
0.0
0.6216473
1.2432946
0.6216473
0.6216473
0.6216473
30.572794
4.2190394
0.0
0.7031733
1.05476
0.35158664
0.0
2.0408227
9.363546
27.855423
1.450914
7.8766394
16.73786
126.71618
0.93240625
28.543251
1.232563
0.35216087
0.17608044
26.277409
7.0017796
0.0
1.0771967
12.249549
0.27658153
19.637299
0.27658153
0.0
14.30071
0.0
0.0
10.923705
0.44792393
0.44792393
0.89584786
0.44792393
0.44792393
1.7916957
0.44792393
0.44792393
0.44792393
0.0
17.082413
0.2850556
0.0
0.1425278
0.2850556
0.2850556
0.1425278
0.1425278
0.2850556
3.6241632
0.0
0.0
30.805391
101.662094
0.092392996
0.061595332
0.18478599
0.123190664
14.047387
4.1440673
0.5920096
0.5920096
0.0
0.0
0.0
0.0
0.5920096
0.0
0.0
6.5121055
0.5920096
1.1840192
0.0
0.0
0.0
1.1840192
1.1840192
26.360548
0.0
1.6178813
0.80894065
0.80894065
31.512733
0.42526567
0.42526567
0.42526567
2.551594
0.42526567
0.42526567
0.42526567
0.42526567
0.42526567
0.42526567
0.85053134
17.86116
0.42526567
0.42526567
0.42526567
12.305917
0.35777938
2.1466763
0.35777938
0.35777938
0.35777938
1.4311175
0.35777938
0.35777938
0.35777938
0.35777938
1.4311175
0.0
1.0733382
0.0
0.35777938
27.41817
95.86676
70.696365
1.8642559
32.624477
0.93212795
5.5927677
0.0
6.5248957
7.4570236
2.7963839
0.0
0.0
205.1524
0.0
0.51553136
10.8261595
0.51553136
0.0
0.51553136
0.51553136
3.0931883
0.51553136
0.51553136
1.0310627
19.947235
0.8125068
0.0
2.4375205
0.0
17.470377
1.9083847
39.177822
0.36217743
16.66016
34.138893
6.758868
5.719043
35.35407
4.1593037
0.51991296
0.51991296
0.51991296
0.51991296
22.876163
2.5995648
2.0796518
0.51991296
0.51991296
0.51991296
0.51991296
2.5995648
3.6393907
0.0
0.51991296
1.0398259
0.51991296
0.51991296
0.51991296
1.0398259
0.0
0.0
0.51991296
24.63852
0.52462494
0.52462494
0.52462494
0.0
0.52462494
13.188387
44.495644
0.31539744
3.469372
2.207782
24.6989
69.96064
10.085182
58.830215
21.851229
1.6808637
4.2021594
0.0
0.0
10.085182
0.84043187
63.376823
1.627406
24.760138
67.12448
0.2504451
0.2504451
0.2504451
28.629738
498.0883
17.463642
3.0279148
2.4223318
3.0279148
0.60558295
0.0
4.2390804
0.60558295
1.2111659
0.0
56.120186
0.3200931
9.609642
0.0
0.0
0.8590542
0.8590542
1.7181084
0.8590542
51.543266
1.7181084
10.30865
0.0
0.0
0.0
0.0
8.079549
2.7844899
3.9156885
16.686584
4.1057367
0.63165176
2.210781
2.842433
0.0
0.0
0.0
0.31582588
0.0
1.9472342
0.025895378
0.025895378
0.36253527
0.18126765
0.025895378
0.18126765
0.75096595
7.8650904
2.7072291
1.0828917
0.54144585
11.911807
35.78949
37.399136
19.512596
6.504199
0.0
55.86979
0.5718735
0.0
1.7156205
0.5718735
0.5718735
0.0
1.18199
0.590995
0.590995
0.590995
0.590995
0.590995
0.590995
0.590995
0.590995
0.590995
0.590995
0.1552343
0.1552343
0.0
0.1552343
1.0866401
6.0541387
2.7942178
0.1552343
0.1552343
0.0
101.7455
0.0
50.317993
39.671272
18.850945
0.38784128
18.156153
91.05348
1.6552341
45.08448
0.4900745
0.980149
0.980149
0.4900745
2.9404469
0.0
99.52556
0.8106512
0.0
0.0
0.8106512
10.5384655
0.8106512
48.00522
0.071236774
0.4986574
4.435673
0.0
0.0
1.0619012
0.0
0.17698354
2.300786
0.17698354
0.0
38.48621
4.267499
258.12
13.91169
9.304047
6.6711674
6.427018
70.627045
8.532129
3.3180504
20.500208
20.843737
11.771405
58.072243
81.097145
7.8577642
60.594177
43.229736
24.995686
0.13145827
2.3662488
30.05029
2.5996428
0.22108732
0.0
2.874135
0.0
56.351273
0.0
0.27673838
0.13836919
0.13836919
0.13836919
2.9057531
0.0
0.27673838
0.13836919
0.13836919
1.3836919
0.13836919
0.0
4.566183
1.0950559
0.81831753
1.6366351
0.81831753
0.0
2.4549527
0.81831753
0.0
0.81831753
13.09308
2.4549527
0.81831753
23.329048
0.8391252
0.0
0.0
32.72589
0.0
10.319925
1.5217888
0.019263152
0.019263152
0.0
0.0
0.13484207
0.019263152
0.0
0.019263152
0.0
0.09631576
0.038526304
0.019263152
0.44305244
0.019263152
0.057789456
0.0
0.019263152
0.55863136
0.019263152
0.019263152
9.720021
0.54570407
0.54570407
0.54570407
0.54570407
0.6469344
29.758986
23.038273
0.72914815
0.0
16.411558
0.7908646
2.3725939
0.0
0.7908646
0.4729069
0.4729069
0.4729069
0.4729069
1.8916276
1.8916276
1.4187207
85.453514
9.1597805
10.991736
3.6639125
0.0
0.0
4.8852167
0.0
0.0
4.8852167
0.0
0.0
5.4958687
0.6106521
9.770432
0.0
0.0
1.6937484
0.54154813
0.0
0.0
5.226013
0.0
0.3114267
0.0
3.4256935
0.0
0.6228534
0.3114267
5.60568
0.0
0.0
13.391346
0.3114267
0.3114267
0.0
0.3114267
0.3114267
0.0
0.0
1.8685602
12.145639
36.656067
4.916899
3.512071
0.70241416
0.0
0.0
14.750696
3.512071
9.833797
0.70241416
31.53872
0.0
0.29904294
0.4485644
0.14952147
0.14952147
0.14952147
0.14952147
0.14952147
7.5345325
1.4852197
0.74260986
0.0
11.881759
3.7130492
0.74260986
2.2278295
73.1065
4.5575266
0.9115053
3.6460211
4.5575266
0.9115053
1.8230106
5.469032
2.734516
0.9115053
0.9115053
0.9115053
181.82584
55.373802
0.0
0.0
2.6197004
0.43661675
0.0
0.0
0.43661675
0.8732335
0.43661675
0.43661675
12.225269
0.43661675
2.1830838
1.3098502
0.43661675
0.43661675
6.112634
0.43661675
0.43661675
0.43661675
0.43661675
0.43661675
0.43661675
0.43661675
0.0
0.8732335
0.43661675
12.661886
1.746467
0.0
2.7434845
6.17284
1.3717422
2.0576134
2.0576134
4.1152267
16.02388
0.0
0.0
14.253437
7.752143
2.8189611
0.0
0.7047403
1.4094806
2.1142209
1.4094806
0.0
0.7047403
0.0
24.665915
1.4094806
13.390066
0.0
0.0
0.7047403
0.7047403
0.7047403
1.4094806
51.236748
3.2839055
0.0
19.703432
4.3785405
0.0
0.9911313
6.937919
85.29837
3.3216348
0.0
0.0
0.3019668
0.3019668
0.0
3.0196679
6.6893597
0.15674461
2.03768
2.9781475
0.15674461
4.894683
0.48946828
0.0
0.0
0.48946828
22.449226
0.0
0.6081226
0.6081226
0.6081226
0.0
29.326393
0.44274166
0.0
97.286224
40.347908
1.4576292
0.48587638
0.48587638
159.7203
0.0
10.441282
1.3921711
4.872599
0.0
4.1765137
0.0
0.6960856
30.627771
0.6960856
11.999367
0.0
0.028447103
0.021335326
0.064005986
3.0366926
1.6273206
0.0
1.1391244
0.16273206
0.16273206
0.4881962
1.6273206
0.0
0.0
0.4881962
1.1391244
25.227997
6.687542
4.7768154
0.95536315
2.2923698
18.718096
23.54676
11.868738
0.7912492
41.651207
90.28746
0.042111155
0.042111155
0.042111155
0.0
1.8528908
0.08422231
0.12633346
4.7589865
0.4379986
19.240953
0.70344806
0.10049258
0.0
27.937462
3.4180772
91.97746
32.32863
119.95252
0.65734404
0.0
27.250992
110.84825
41.246544
34.830414
11.915668
6.416129
6.416129
0.91658986
12.832257
6.416129
12.832257
0.91658986
0.91658986
5.4995394
0.0
9.165898
4.7274475
0.21974197
1.3184519
0.0
0.21974197
0.21974197
1.9776777
0.21974197
19.79789
43.153877
35.246735
0.0
19.843168
2.480396
1.240198
27.955399
2.1729994
0.0
0.0
0.72433317
0.0
0.0
0.0
1.4486663
0.72433317
12.960969
18.493685
0.78196263
1.5639253
0.78196263
3.1278505
0.78196263
0.0
0.0
13.243331
0.0
0.96494526
30.177774
0.5155322
3.7462971
2.6124163
12.082422
1.3062081
3.8791685
0.03907599
40.330215
0.052518286
0.26259142
1.9682685
0.23282987
0.077609956
2.8715692
0.0
0.0
0.15521991
0.077609956
0.38804978
0.0
0.0
0.38804978
0.77609956
0.62087965
0.6984896
1.1962476
0.0053496826
0.0053496826
0.0053496826
0.0053496826
0.026748413
0.0
0.0
0.010699365
0.016049048
0.04279746
0.0
0.0
0.016049048
0.010699365
0.08559492
0.0053496826
0.08024524
0.0053496826
0.010699365
0.0
0.0053496826
0.016049048
0.0053496826
0.0053496826
0.0053496826
0.0
0.02139873
0.0
0.0
0.010699365
0.0
10.706123
0.34225252
46.657448
1.6045533
0.08914185
0.53485113
8.5336895
0.05186133
0.51861334
0.05186133
0.05186133
0.32254598
0.32254598
0.0
0.32254598
0.0
0.32254598
1.4746783
0.23702464
0.0
0.35553694
0.11851232
0.0
0.11851232
0.11851232
0.11851232
9.3624735
0.11851232
0.0
0.11851232
1.5406601
0.8295862
0.11851232
13.242132
2.7504706
0.0
0.0
0.0
18.26661
2.8310614
0.94368714
1.8873743
0.94368714
1.8873743
0.94368714
0.94368714
18.873743
9.436872
9.436872
42.958652
14.11732
0.0
0.45471492
0.0
10.003728
1.8188597
0.45471492
5.911294
3.6377194
0.0
3.6377194
0.45471492
0.45471492
0.0
0.45471492
0.45471492
1.6965418
9.947502
1.3958786
1.9908911
0.99544555
0.99544555
0.99544555
0.99544555
1.9908911
0.99544555
0.99544555
0.99544555
0.99544555
0.99544555
0.99544555
0.99544555
0.99544555
7.9173408
0.57682455
10.959667
0.57682455
0.57682455
0.57682455
0.57682455
0.57682455
1.7304736
0.57682455
0.57682455
0.0
0.0
16.151089
1.7304736
0.57682455
0.57682455
3.4609473
0.0
0.57682455
0.0
1.1536491
1.1536491
0.57682455
1.7304736
1.7304736
0.0
21.342506
0.0
0.0
1.7304736
10.959667
0.57682455
54.79831
1.1536491
4.6145964
0.57682455
5.191421
0.57682455
0.57682455
0.0
0.0
0.57682455
1.1536491
1.7304736
1.1536491
1.1536491
1.1536491
0.57682455
39.80088
8.075544
45.569122
0.57682455
1.1536491
1.1536491
1.7304736
0.57682455
2.8370914
0.0
11.066178
0.5533089
0.0
0.0
0.5533089
0.0
19.919119
26.316042
3.3763108
4.2203884
0.42203885
0.0
0.8440777
24.290775
0.5034152
0.5034152
2.517076
7.5512276
0.5034152
0.5034152
11.784216
1.8581697
2.6014376
0.0
0.0
1.4865358
6.7182703
0.38606325
0.38606325
1.9303162
0.38606325
0.77879214
1.021014
5.10507
0.340338
0.0
1.70169
5.6903834
0.3040296
0.6080592
0.0
1.8241777
5.472533
0.0
0.0
0.0
0.0
0.3040296
0.3040296
4.560444
3.952385
0.3040296
0.0
0.0
0.9120889
0.3040296
1.2161185
0.24302684
0.24302684
3.159349
0.24302684
26.791794
3.8273988
0.0
15.250594
0.051586583
0.3152513
0.0
159.96552
0.7610525
3.8052623
2.2831573
0.7610525
1.522105
0.7610525
0.7610525
0.7610525
1.522105
0.7610525
0.0
0.0
0.0
48.28325
2.305131
0.768377
0.768377
0.768377
0.0
0.0
3.9240584
0.04695633
0.5047804
0.0
0.04695633
0.48130226
8.412816
27.16771
118.44936
0.57553047
1.1510609
1.7265913
0.57553047
6.906366
0.0
8.632957
1.1510609
32.826916
2.188461
19.027287
6.6618605
45.850056
0.27793738
0.55587476
0.8338121
0.27793738
0.8338121
0.27793738
0.27793738
100.07765
2.7892222
82.74693
0.9297408
3.7189631
0.9297408
0.0
0.9297408
0.0
0.9297408
0.9297408
0.0
0.0
0.0
0.9297408
27.892225
0.9297408
0.0
0.0
0.0
2.7892222
0.9297408
0.9297408
1.8594816
0.9297408
0.9297408
0.0
0.0
0.0
0.0
0.0
8.367667
0.9297408
3.7189631
0.9297408
0.9297408
0.9297408
66.483574
0.22736983
0.45473966
0.0
4.547396
0.45473966
4.774766
0.0
135.78012
2.3582954
198.59267
18.958893
78.263405
95.88736
117.64958
41.682526
20.968857
60.161453
24.22257
29.195316
78.53125
18.788948
70.07348
24.3372
20.542522
0.0
1.0103863
5.7255225
0.33679545
1.0103863
6.932648
4.0844436
0.7801218
7.5045004
0.0
0.0
0.5765699
0.0
30.558197
24.215933
58.75758
11.351568
9.36602
11.515323
12.683264
0.0
0.0
0.0
0.7548937
12.0782995
0.0
1.5097874
1.5097874
2.264681
0.7548937
0.7548937
2.264681
7.774187
0.7799215
68.29823
0.65093964
0.21697988
0.0
0.0
0.0
0.21697988
0.0
0.0
0.0
2.3867788
0.21697988
0.21697988
0.21697988
1.9528189
0.8679195
0.21697988
0.65093964
0.0
0.0
2.0444653
46.305588
0.98196864
10.376863
5.4639463
13.060647
0.6222495
9.955993
3.733497
53.475082
11.638538
0.0
2.6858163
0.89527214
4.4763603
0.0
0.0
4.4763603
4.574638
0.0
0.9935492
0.9935492
1.9870985
38.88073
0.27127308
0.16276385
2.8378668
1.7824646
0.0
0.0
0.0
0.0
0.8912323
0.8912323
0.8912323
7.1298585
5.347394
12.477253
12.108925
8.543995
0.8543995
0.0
13.670393
3.417598
31.599127
0.63055646
0.420371
0.2101855
0.2101855
3.7833393
42.448326
7.506469
0.0
9.960939
0.0
0.0
0.0
0.0
2.675708
0.668927
1.337854
1.337854
0.0
0.668927
0.668927
2.675708
0.668927
1.337854
53.414307
6.222919
0.0
2.0743065
0.41486132
5.5252585
0.0
11.644792
0.89575326
0.89575326
0.44787663
5.8223963
1.7915065
0.44787663
5.37452
33.377693
0.65375656
3.7010648
0.2715097
0.13575485
0.13575485
3.258116
0.0
0.0
0.5430194
2.9866064
0.0
0.13575485
82.94378
87.65335
0.0
0.0
0.93277246
0.93277246
0.93277246
0.93277246
20.520996
0.0
53.059868
3.2394176
0.0
0.0
0.8098544
3.2394176
25.915342
10.795471
0.024652723
2.1951447
30.174301
24.040802
1.9820757
0.7207548
0.1801887
2.9779038
0.99582803
103.213875
148.55212
17.798298
0.0
18.016176
6.9451904
3.274932
5.949732
0.69864655
0.0
0.69864655
0.69864655
1.3972931
0.69864655
6.287819
2.0959396
0.69864655
27.247215
26.26479
14.506348
10.576826
3.2863748
0.32863748
0.32863748
6.57275
5.36681
0.07902807
0.013171345
0.0
0.0
0.0
0.0
0.065856725
0.02634269
0.013171345
0.013171345
0.02634269
0.22391286
0.02634269
0.0
0.013171345
9.530046
1.1250108
0.1875018
0.3750036
1.881123
0.627041
2.508164
1.254082
0.627041
45.061928
2.6478486
0.33098108
0.33098108
0.33098108
0.33098108
0.33098108
0.33098108
0.0
0.66196215
0.0
0.33098108
0.33098108
0.33098108
0.9929432
0.33098108
0.33098108
0.0
2.9242206
0.0
0.6346576
0.6346576
0.0
9.519864
0.6346576
0.0
0.6346576
0.6346576
8.885206
6.9812336
0.0
1.2693152
4.442603
43.09466
1.5819548
1.1864661
0.3954887
33.61654
4.3503757
0.3954887
5.9323306
0.0
0.3954887
0.0
1.7329606
0.0
0.0
0.0
0.0
0.0
0.0
2.8259494
9.419831
1.8839663
0.0
0.94198316
3.7679327
28.259495
1.2533236
0.20756029
1.1415815
1.5567021
0.10378014
0.62268084
0.0
0.0
0.67385733
0.67385733
0.67385733
0.67385733
1.3477147
5.3908587
2.021572
5.5582685
0.3787811
3.40903
6.0604978
0.0
0.0
8.196887
1.0852314
0.3617438
0.0
0.3617438
7.506935
0.0
8.037233
0.0
1.4613152
2.1919727
0.7306576
2.1919727
0.7306576
0.7306576
3.2318614
29.0761
140.64966
0.8556089
0.0
0.0
0.997531
26.933338
0.0
45.451904
0.9106248
104.47982
0.0
18.804102
4.905418
2.452709
0.8175697
6.5405574
8.175696
4.087848
0.8175697
33.463352
0.0
0.0
1.45029
0.725145
0.0
31.35634
54.867588
24.20346
14.381611
0.0
0.855156
0.0
8.55156
0.0
1.710312
0.0
1.710312
0.855156
0.0
0.0
1.710312
0.0
0.855156
17.10312
0.0
0.855156
2.565468
0.855156
29.93046
0.855156
0.855156
0.0
4.27578
0.855156
0.855156
12.82734
15.392808
0.855156
6.1856065
0.0
0.0
0.19951433
0.0
0.39902866
0.39902866
0.0
0.0
12.500769
3.1533904
0.0
0.0
0.58169264
0.0
0.0
0.0
1.1633853
2.908463
0.58169264
1.1633853
0.0
0.0
0.0
2.908463
1.1633853
2.908463
8.7253895
2.3267705
0.0
0.0
1.7450778
7.562004
0.58169264
0.0
0.0
1.1633853
0.58169264
0.58169264
0.0
1.1633853
0.58169264
0.0
0.58169264
1.1633853
1.7450778
0.58169264
0.0
0.0
0.58169264
0.58169264
0.58169264
5.235234
1.1633853
0.0
1.7450778
0.58169264
25.012783
0.0
0.58169264
1.1633853
0.58169264
0.58169264
0.0
0.58169264
19.195858
1.1633853
12.461282
0.0
0.0
0.0
27.157566
19.559074
3.262904
12.235889
4.894356
0.0
5.814603
0.8679865
4.3399324
6.075906
0.0
0.8679865
1.735973
1.735973
4.3399324
0.8679865
3.471946
0.0
0.0
0.8679865
0.8679865
0.0
0.0
0.0
0.0
0.8679865
0.0
0.8679865
0.8679865
1.735973
0.0
2.6039596
22.68075
21.501497
0.0
0.0
0.6506246
0.6506246
1.3012491
1.9518738
69.65556
0.85277236
11.384193
0.14518644
1.669644
1.1614915
0.29037288
0.8601325
0.8601325
54.056316
0.07242291
0.0
0.07242291
16.408876
0.0
1.7891033
0.0
12.149038
0.0
0.0
43.183388
10.210956
1.458708
2.1880622
1.458708
0.729354
15.170044
3.3837876
1.6918938
27.070305
0.8459469
0.8459469
0.0
1.6918938
0.8459469
5.9216285
1.6918938
0.0
0.0
49.257782
0.0
0.8874997
1.7749994
1.7749994
3.5499988
20.642399
0.0
0.0
0.0
0.93777055
1.8755411
8.778503
1.937346
1.0136081
0.7368444
0.0
0.0
15.473734
0.0
1.4736888
1.4736888
0.0
0.0
1.4736888
4.4210663
0.0
0.0
2.2105331
1.4736888
0.7368444
1.4736888
4.4210663
0.7368444
0.0
0.0
0.0
0.0
0.0
2.9473777
0.7368444
109.17666
12.4707775
0.8313852
7.4824667
74.56036
34.43892
10.635553
0.0
69.35596
159.17117
39.84336
0.0
0.6805379
0.0
0.6805379
0.6805379
0.0
1.3610758
0.0
2.0416136
15.652369
0.6805379
0.0
2.7221515
0.0
0.49393117
1.9757247
13.3361435
0.49393117
47.389145
0.5663607
0.09128301
0.547698
0.09128301
28.363941
6.2773523
10.708425
23.35004
6.649063
0.29792652
14.713341
16.36222
0.49478942
0.98957884
0.24739471
0.0
5.6918793
0.74263436
0.0
0.74263436
0.0
0.0
0.0
2.2279031
0.74263436
0.74263436
0.74263436
0.74263436
0.0
1.4852687
0.74263436
0.74263436
5.941075
99.267136
0.026414974
0.0
0.0
0.026414974
0.07924492
0.026414974
0.026414974
0.026414974
0.026414974
0.026414974
0.105659895
0.42263958
0.0
0.0
0.0
0.0
0.31697968
0.0
0.0
0.15848984
0.07924492
0.052829947
0.026414974
0.6603743
6.895939
0.46580708
0.46580708
9.549044
1.6825154
0.052190535
0.052190535
0.026095267
0.026095267
0.052190535
0.052190535
0.052190535
1.3201678
2.747783
34.04853
0.88396037
10.607524
4.4198017
29.033518
0.3877133
37.981537
1.5158898
0.7579449
1.5158898
4.5476694
1.5158898
12.127119
10.803051
16.208254
0.4758856
0.4758856
2.379428
0.0
0.0
0.0
0.9517712
0.0
0.0
7.6141696
0.9517712
1.4276568
0.4758856
0.4758856
0.4758856
0.0
4.2829704
0.4758856
0.0
0.0
0.0
0.4758856
3.8070848
0.4758856
0.4758856
1.4276568
0.0
0.4758856
0.0
0.0
0.0
0.4758856
0.4758856
2.8553135
4.2829704
0.0
5.234741
0.9517712
13.93396
5.149654
0.0
1.4713297
0.73566484
0.0
5.149654
0.73566484
5.8853188
3.6783242
1.4713297
0.73566484
0.73566484
1.4713297
3.6783242
0.73566484
0.73566484
1.4713297
0.73566484
0.73566484
51.11647
27.123024
0.21405411
0.6421623
0.14270274
0.07135137
0.07135137
0.0
40.31906
0.8076464
11.307053
5.467987
0.8847923
2.1487813
0.1263989
0.0
0.0
0.3791967
0.5055956
0.0
0.1263989
0.3791967
0.2527978
0.3791967
0.0
0.1263989
0.0
0.1263989
0.0
0.1263989
0.1263989
0.1263989
0.1263989
0.1263989
1.124667
0.9982681
0.0
0.9982681
0.9982681
1.9965363
0.9982681
4.9913406
0.0
0.0
8.984413
0.0
1.9965363
0.0
0.9982681
0.9982681
23.958435
0.0
0.9982681
0.0
0.0
10.980949
0.9982681
0.0
2.9948044
0.0
0.0
0.0
13.038788
0.15015621
0.75078106
7.8081245
0.15015621
0.15015621
0.15015621
0.15015621
0.0
0.9009373
0.15015621
0.15015621
0.30031243
0.0
0.0
0.0
0.0
0.30031243
0.60062486
0.60062486
0.0
0.0
2.5526557
0.15015621
5.705937
1.3514059
0.0
0.0
0.0
0.0
0.0
0.15015621
0.15015621
0.15015621
0.45046866
3.1610394
0.0
235.21716
0.0
4.5313244
4.5313244
3.6250596
26.281685
5.448166
1.8178182
1.8178182
2.4237576
1.2118788
0.6059394
0.6059394
0.0
4.847515
1.8178182
4.2415757
1.2118788
0.6059394
6.0950356
0.0
0.8842153
0.0
0.8842153
0.44210765
16.572678
0.6846309
0.6846309
24.195202
0.0
0.7179075
0.7179075
7.179075
5.0253525
2.1537225
1.435815
0.7179075
39.484917
0.7179075
0.0
0.0
2.87163
0.7179075
57.43259
4.307445
35.895382
0.0
0.7179075
0.7179075
0.0
0.7179075
4.307445
0.7179075
15.793964
14.322461
0.0
0.049278155
0.0
0.024639077
0.049278155
0.024639077
0.14783446
0.024639077
0.0
0.0
0.07391723
0.0
0.27102986
0.024639077
0.12319539
0.024639077
0.024639077
0.024639077
0.09855631
0.0
0.0
0.0
0.0
0.0
0.0
0.0
0.0
0.0
0.024639077
0.024639077
0.07391723
0.024639077
0.024639077
0.22175169
0.11174519
0.55872595
1.0057068
0.0
0.0
0.11174519
0.11174519
0.11174519
0.11174519
0.11174519
0.78221637
0.0
0.0
0.22349039
0.0
0.11174519
1.8996682
7.174618
0.0
0.99095607
0.0
0.0
0.0
8.625327
0.5453122
0.0
1.0906245
2.726561
0.5453122
6.5437465
6.5437465
3.2718735
2.181249
6.3062124
19.520584
1.6267153
2.440073
1.6109598
56.383568
4.832879
0.8054799
4.832879
135.72922
2.8508768
1.1086743
0.15838204
0.15838204
0.46146077
10.948719
24.197693
0.059463657
0.059463657
1.2080443
0.73233503
0.0
0.73233503
5.900274
3.213768
0.803442
1.606884
3.213768
1.606884
1.606884
0.803442
0.0
0.803442
3.213768
0.0
0.803442
14.461956
0.803442
0.803442
1.606884
0.0
0.803442
1.606884
0.803442
12.855072
1.606884
0.803442
0.803442
0.0
0.0
5.624094
53.260223
0.0
3.794074
6.323457
12.614551
33.327606
6.5159492
0.25248754
0.25248754
0.31938463
0.066897094
0.066897094
0.066897094
1.0183256
0.88453144
0.88453144
0.0
1.7690629
0.0
0.3798119
0.18990596
0.3798119
0.0
0.0
0.3798119
0.18990596
2.0889654
0.0
2.63432
0.0
0.0
0.0
0.0
0.16847903
0.0
0.0
0.0
0.0
0.0
0.0
0.16847903
1.5163112
0.0
0.8423951
2.3587065
0.0
0.0
2.6684637
5.5847335
3.191276
1.1967285
13.953381
4.5496125
64.98436
0.0
0.31233373
0.0
0.31233373
0.0
7.7293997
1.8542665
0.0
0.92713326
0.0
41.721
0.0
0.0
84.757324
0.0
0.0
2.1727498
0.7242499
0.7242499
0.7242499
11.587998
0.7242499
0.0
2.1727498
0.0
0.0
7.966749
23.900246
1.4484998
2.1727498
1.4484998
0.7242499
0.7242499
0.0
0.0
0.0
0.0
28.969995
1.4484998
7.242499
1.4484998
0.0
0.0
0.0
2.1727498
3.6212497
0.0
0.0
0.0
6.518249
19.554749
7.966749
0.0
0.0
1.4484998
4.0316014
0.5378808
0.5378808
1.6136423
0.5378808
0.5378808
45.35573
0.7635667
12.031396
0.87914586
1.7582917
0.87914586
6.1540213
0.0
0.0
0.87914586
0.87914586
1.7582917
0.0
0.87914586
0.87914586
0.0
0.0
0.87914586
6.1540213
0.87914586
3.5165834
0.87914586
0.0
0.0
0.87914586
1.7582917
1.7582917
3.5165834
4.395729
0.87914586
0.0
0.87914586
3.5165834
0.87914586
151.71434
8.301619
0.0
0.69180155
0.69180155
0.0
0.69180155
0.0
1.3836031
0.69180155
0.0
0.0
0.69180155
0.69180155
0.0
7.692971
0.0
0.18621287
0.0
0.37242573
1.4897029
58.221706
1.4604676
1.4604676
0.0
0.0
0.0
2.1907015
0.7302338
13.874441
30.526289
6.4741063
3.8844638
5.8266954
5.1114798
0.17348446
0.17348446
2.2552981
0.17348446
1.2143912
0.34696892
15.240971
0.51130235
0.17043412
0.0
0.0
0.0
0.0
0.0
3.4086823
2.3860776
0.17043412
0.0
0.0
9.714741
3.9199848
18.011372
0.36932805
0.0
0.0
0.36932805
0.7386561
0.36932805
0.36932805
0.36932805
0.36932805
0.36932805
0.36932805
0.36932805
0.36932805
0.36932805
0.36932805
0.36932805
0.78424454
0.13676527
0.045588426
0.045588426
1.1397107
0.3647074
0.045588426
53.27059
0.0
1.9997425
7.33239
0.66658086
33.443844
11.57471
0.0
0.25162414
0.5032483
0.0
0.25162414
0.0
9.058469
3.774362
0.25162414
0.0
0.0
0.0
0.0
0.0
1.0064965
0.0
0.0
0.25162414
0.75487244
0.25162414
2.7678654
0.25162414
0.75487244
0.5032483
0.5032483
0.5032483
0.5032483
14.797263
0.0
29.377665
2.78258
2.78258
3.095842
0.008805011
0.008805011
0.008805011
0.008805011
0.2993704
0.05283007
0.0
0.008805011
1.9591047
0.32504994
0.32504994
0.32504994
21.172756
2.427374
0.6068435
8.495809
0.0
0.0
0.0
1.8205304
0.0
0.6068435
7.4304495
0.0
0.0
0.29665563
0.14832781
0.0
0.0
7.0789404
0.38926038
0.0
0.0
0.19463019
0.58389056
0.19463019
3.8926034
0.38926038
0.19463019
0.19463019
12.06707
0.38926038
0.19463019
23.416695
2.452829
0.0
2.452829
1.2264144
0.6132072
0.6132072
0.0
0.6132072
0.6132072
1.2264144
0.6132072
0.6132072
0.0
0.0
0.6132072
0.0
0.0
19.613718
5.8983517
0.0
0.29491758
0.29491758
9.436504
0.1603178
0.0
0.3206356
0.0
0.1603178
45.0225
1.0793304
0.5396652
0.5396652
77.074295
28.356302
0.36354223
0.0
2.5447955
2.1812534
0.36354223
0.36354223
0.36354223
0.72708446
0.72708446
0.36354223
3.0654745
0.90064406
1.8012881
17.267803
1.3665226
0.6832613
20.8743
0.2986431
0.2986431
0.5972862
0.89592934
0.89592934
0.89592934
1.4932156
0.5972862
0.5972862
0.89592934
0.2986431
0.2986431
12.696148
0.93700033
0.46850017
1.8740007
0.46850017
1.8740007
0.0
0.93700033
0.46850017
0.46850017
0.46850017
0.93700033
0.46850017
0.46850017
0.46850017
1.4055005
0.0
0.0
0.0
0.0
16.945774
0.0
3.1576295
2.3682222
3.947037
1.354022
1.354022
0.0
0.0
0.0
0.677011
0.3385055
2.3695385
0.0
1.6925275
35.364754
0.0
0.0
0.6259326
6.8852587
106.72568
0.42702672
0.85405344
0.0
0.85405344
0.85405344
0.42702672
0.85405344
0.0
0.42702672
0.85405344
1.6968744
0.8484372
1.6968744
0.8484372
1.6968744
5.090623
0.8484372
0.8484372
0.8484372
0.8484372
1.6968744
0.8484372
1.6968744
2.5453115
8.484372
1.5871584
5.1710486
0.73872125
0.0
6.6484914
0.0
0.73872125
1.8135524
2.1120377
1.7909122
0.29848537
1.3502488
11.477115
8.101493
0.0
0.0
0.0
0.0
20.893246
2.6648905
0.66622263
0.0
6.662226
92.927444
0.0
0.77151746
0.77151746
2.3145523
0.0
0.0
0.0
0.0
0.77151746
0.0
0.0
6.1721396
0.0
0.0
10.029726
37.980347
0.5415021
12.232858
181.53545
0.0
0.05444442
0.43555537
0.05444442
0.10888884
0.43555537
2.3955548
0.10888884
1.0287659
0.07953734
0.026512446
0.026512446
0.42419913
26.287891
15.675353
0.74163353
0.0
0.18540838
0.18540838
0.0
6.1489544
2.497125
0.0
0.0
1.4269285
1.4269285
7.6516457
0.7935998
0.7935998
0.0
0.0
0.0
0.7935998
0.7935998
66.61353
0.54713655
0.0
0.27356827
7.65991
0.0
5.0126677
3.7980616
2.6224358
6.5560894
9.178525
4.589263
0.0
6.2350497
2.2943654
1.7730601
0.18079175
0.18079175
45.35285
0.0
86.21088
0.0
1.9606994
0.0
0.0
0.0
37.048805
22.936165
0.0
0.657026
1.314052
0.0
0.0
0.657026
2.628104
11.951325
3.493225
4.8905153
2.095935
0.0
0.0
1.3972901
0.0
0.0
1.3972901
0.69864506
4.19187
0.0
7.685096
5.5891604
0.69864506
31.941998
0.9413438
0.0
0.0
0.28145772
0.0
7.3178997
0.84437317
3.65895
0.28145772
0.28145772
0.28145772
0.28145772
0.0
0.56291544
2.814577
1.4072886
1.1258309
0.5810054
1.7430162
0.0
0.0
0.0
0.0
0.5810054
1.7430162
104.280464
1.613339
2.688898
0.0
0.0
0.5377796
2.1511185
0.5377796
0.5377796
0.5377796
4.302237
1.613339
0.5377796
0.0
0.5377796
0.0
1.613339
7.5289145
0.5377796
1.0755593
7.7665296
0.0
0.0
40.76684
62.520683
0.30975205
0.10325068
3.407273
0.0
0.0
0.10325068
54.032036
3.6171284
0.04298056
0.0
0.17192224
0.0
0.04298056
0.08596112
0.55874723
0.77365
0.0
0.38682503
0.04298056
20.136566
0.4332285
37.91245
2.289557
0.7631857
0.7631857
0.7631857
0.0
0.0
0.0
0.0
0.0
0.7631857
0.7631857
0.0
0.7631857
8.395042
32.62043
0.41292083
1.6516833
6.6067343
0.0
0.0
0.0
0.0
0.0
0.0
5.3679714
1.2387625
2.024217
3.9272718
2.356363
18.850904
0.0
0.0
0.78545433
0.78545433
9.425452
0.78545433
3.9272718
0.78545433
1.5709087
0.0
39.83863
0.8566814
0.0
0.0
0.0
35.123947
17.43489
33.995987
0.03145667
19.214294
59.734665
73.25035
14.914789
153.58658
10.747058
37.83152
12.918079
0.92271996
41.987545
85.27782
0.4977258
7.7147512
130.79626
161.05064
40.44905
1.1192154
0.111921534
14.630436
8.540303
3.4161212
27.085415
2.5191114
5.038223
18.47348
8.4858265
8.4858265
1.1314436
8.4858265
0.0
0.0
0.0
7.3543835
0.0
0.5657218
0.0
0.0
0.0
0.5657218
0.5657218
4.5257745
0.5657218
12.931866
0.7760634
0.7760634
0.7760634
0.7760634
0.7760634
0.0
0.7760634
0.7760634
13.193077
0.7760634
0.7760634
0.7760634
0.7760634
0.0
1.5521268
18.62552
0.0
0.0
0.0
0.0
2.32819
0.7760634
0.0
1.5521268
0.7760634
14.745205
0.7760634
0.0
26.864607
0.5577332
0.5577332
0.728369
10.197166
0.728369
0.728369
0.0
22.548592
5.962092
0.0
0.0
0.0
0.0
0.0
1.490523
55.997925
63.01718
0.08634236
0.012334622
0.0
0.024669245
0.0
0.012334622
0.0
0.0
0.0
0.14801547
0.0
0.024669245
0.1110116
0.012334622
0.012334622
0.0
0.012334622
0.012334622
0.04933849
0.024669245
0.024669245
0.25902706
2.9024801
0.4755236
0.0
3.5280933
0.23004848
0.5549714
0.0
0.0
0.5549714
12.54012
4.2165017
0.0
0.0
0.64200664
0.64200664
26.456238
0.0
0.0
0.0
0.0
0.0048699654
0.0
0.0
0.0
0.0
0.0
0.043829687
0.058439586
0.0048699654
0.0048699654
0.45753592
6.219481
0.0
0.0
3.8007941
11.056855
0.9709326
2.9566393
14.143557
0.0
0.0
0.0
0.17295276
0.5720152
0.39906248
0.0
3.072267
1.5857118
4.3946495
0.0
2.360297
0.78676564
0.0
5.242504
0.0
0.82348776
12.352318
0.82348776
1.2352316
0.41174388
0.41174388
0.82348776
0.41174388
0.0
0.0
0.0
1.2352316
0.41174388
0.0
0.41174388
0.41174388
0.41174388
0.41174388
0.0
6.176158
2.4704633
0.0
0.0
0.0
0.41174388
0.82348776
0.41174388
0.0
0.0
0.41174388
0.41174388
0.41174388
0.41174388
0.41174388
0.0
0.41174388
0.41174388
4.2619643
0.0
0.5014075
1.002815
4.763372
0.0
0.5014075
0.25070375
0.75211126
0.25070375
0.0
0.0
0.5014075
10.675434
0.0
0.0
0.0
0.5120196
6.144235
0.5120196
1.0240391
4.0961566
2.0480783
1.5360587
0.0
0.0
20.22042
1.687071
0.42176774
0.0
0.0
0.0
0.42176774
0.0
0.0
0.42176774
0.0
0.42176774
0.42176774
0.0
0.42176774
3.79591
0.0
1.687071
0.42176774
26.4382
1.2431059
0.0
0.0
22.997465
1.8646588
0.62155294
3.7293177
0.62155294
2.4862118
0.0
0.0
0.5506654
0.5506654
16.63726
0.10200433
12.51199
0.06569026
0.0
0.0
0.0
0.0
33.2519
21.117683
1.624437
2.4366555
0.0
0.0
0.0
13.554778
0.0
13.029251
5.4860005
1.3715001
29.080414
0.0
0.0
0.44480664
0.44480664
8.451326
0.0
0.0
0.0
0.8896133
0.0
4.448066
0.0
0.0
0.0
7.89276
0.54178834
4.3343067
1.0835767
0.54178834
0.54178834
4.876095
15.170071
1.625365
0.0
5.113042
0.07898234
13.506321
9.429451
0.13686547
4.1059647
0.13686547
9.72026
0.87121767
0.87121767
0.0
0.0
0.87121767
3.4848707
0.87121767
0.87121767
0.0
2.613653
0.87121767
2.613653
0.0
0.0
1.7424353
0.87121767
0.0
0.87121767
0.87121767
0.0
0.87121767
2.613653
1.7424353
0.0
0.0
6.0985236
1.7424353
0.87121767
0.87121767
0.87121767
1.7424353
2.613653
0.64886075
0.64886075
200.052
0.6407855
3.8447132
1.281571
3.8447132
15.861746
0.74491376
134.57385
19.588356
0.0
10.547577
0.75339836
2.260195
0.75339836
0.0
0.0
2.260195
0.75339836
0.75339836
71.553474
3.6231225
0.0
0.0
0.0
0.9057806
9.057806
9.963587
7.246245
7.246245
37.773724
0.5741854
0.5741854
0.0
0.0
1.7225561
0.0
0.0
0.5741854
7.46441
1.1483707
0.0
1.7225561
0.5741854
0.5741854
0.0
0.5741854
0.0
0.5741854
0.5741854
0.5741854
0.0
0.0
0.5741854
4.593483
0.5741854
1.1483707
1.1483707
1.1483707
36.06498
1.8566006
8.586454
0.0
0.0
0.98957103
0.0
10.885281
4.947855
26.718414
0.0
0.0
0.98957103
0.98957103
29.078651
0.0
0.9557666
0.9557666
7.646133
1.9115332
0.9557666
2.8672998
6.6903663
10.5447645
27.053892
0.9662106
3.4277477
0.21423423
0.42846847
0.21423423
45.90829
0.6955804
4.869063
2.0867412
10.433706
5.659588
0.0
0.0
1.4939495
0.0
0.42684272
0.42684272
5.975798
0.21342136
0.85368544
0.6402641
0.21342136
0.21342136
11.883009
0.0
0.0
0.17882815
0.0
0.0
0.17882815
0.0
0.0
0.7153126
0.3576563
0.0
0.0
0.0
3.7553906
0.17882815
0.3576563
2.8717353
0.8993832
1.7987664
1.7987664
0.8993832
0.8993832
0.8993832
0.0
70.88701
1.8111655
0.7244662
3.6223311
0.3622331
0.7244662
1.0866992
0.29324305
0.0
0.0
0.0
0.3665538
0.3665538
0.29324305
0.07331076
0.14662153
0.21993229
0.0
0.0
0.07331076
0.5864861
0.07331076
0.0
0.07331076
0.0
0.29324305
0.0
0.07331076
0.0
1.3195937
0.07331076
0.21993229
0.07331076
0.8274554
0.8274554
0.8274554
40.54532
15.832873
0.0
0.0
0.5720547
28.60274
132.83612
0.4978959
0.0
0.0
0.0
1.9778135
0.1644353
0.6577412
0.4933059
0.0
0.6577412
1.1510471
1.8087882
0.1644353
0.1644353
0.1644353
0.1644353
20.93467
0.0
0.0
0.55585
0.55585
0.0
1.6675501
2.4715664
0.6385722
0.0
0.0
0.0
0.0
0.0
0.0
0.2128574
0.2128574
0.4257148
0.0
0.2128574
0.0
0.2128574
0.0
0.0
2.9800034
17.660866
0.0
5.857431
0.0
0.0
0.45057163
0.0
0.45057163
0.90114325
0.45057163
0.90114325
1.8022865
0.45057163
0.45057163
1.8022865
0.0
0.45057163
0.0
0.45057163
0.0
0.0
2.2448134
8.074087
0.0
3.2777903
0.7417743
0.7417743
0.7417743
0.0
9.643066
2.9670973
4.450646
6.675969
11.126615
43.890335
0.9690323
22.187572
0.5654974
0.0
0.0
0.0
0.0
0.04039267
0.0
10.326603
0.56248
1.12496
0.56248
10.521698
1.3168681
0.2633736
0.2633736
0.0
0.0
0.0
0.2633736
0.0
90.363266
2.1238914
8.495566
16.283169
122.467285
1.488615
203.58803
0.8528927
14.072731
7.0100927
46.577347
20.001633
4.4448075
15.556828
21.483234
58.523277
19.404346
1.7641222
112.28316
4.142741
67.15411
5.7843976
21.99134
18.161884
4.783847
19.191189
52.700928
10.769965
36.045013
0.0
0.0
3.4328637
0.0
5.756513
0.0
0.0
0.0
0.47970945
2.8782568
0.0
7.165393
0.7122544
0.0
29.202435
0.7122544
0.7122544
0.7122544
0.0
0.0
0.0
2.136763
0.0
0.0
0.0
0.0
0.0
0.5001707
0.5001707
0.5001707
5.310045
0.71828383
73.88131
0.0
15.350921
0.0
1.918865
23.02638
0.0
0.9594325
0.0
0.9594325
0.0
2.8782973
0.0
0.0
44.095303
6.2179475
0.56048787
0.09341465
0.09341465
0.09341465
0.65390253
0.09341465
0.0
0.0
0.0
0.0
0.1868293
0.1868293
0.28024393
0.0
0.09341465
0.09341465
0.09341465
0.46707323
0.0
0.1868293
0.0
0.0
0.09341465
1.3072422
0.43555978
0.0
0.43555978
0.0
0.0
0.21777989
0.21777989
0.0
0.0
0.0
0.21777989
4.137818
0.43555978
0.21777989
0.43555978
0.0
1.0888995
0.43555978
26.421673
4.624217
0.5138019
0.0
1.0276037
5.1380186
2.0552075
3.5966132
1.5414057
0.5138019
0.0
0.0
5.1380186
2.0552075
0.0
1.5414057
0.0
16.389938
1.2355281
12.973048
10.292369
1.9966974
0.9983487
1.9966974
2.9950461
12.978533
0.9983487
3.9933949
0.9983487
0.9983487
8.985138
3.9933949
0.0
0.0
2.9950461
3.9933949
0.0
9.725117
0.0
0.0
0.0
0.0
0.0
1.281059
0.4270197
1.7080787
4.6972165
1.3952945
0.0
0.96827483
2.9048245
6.7779236
0.37988272
0.0
1.8994136
0.37988272
0.0
0.75976545
0.0
0.0
0.0
0.0
0.0
0.37988272
0.0
1.9607749
1.4705812
1.6755505
0.47681785
6.1821175
0.6725802
0.6725802
0.6725802
2.6903207
0.6725802
0.6725802
0.0
0.6725802
2.0177405
0.0
1.3451604
0.0
1.3451604
54.479004
13.451604
6.725802
3.3629007
0.6725802
0.6725802
4.035481
0.6725802
48.310764
4.371389
0.0
0.0
0.0
0.0
0.0
2.1856945
0.7285648
2.1856945
7.285648
1.4571296
0.7285648
0.7285648
18.49703
0.0
0.82286847
19.638462
9.801799
0.0
1.8666987
0.0
0.6222329
1.2444658
0.6222329
1.2444658
43.815254
0.2975707
0.2975707
0.2975707
0.2975707
0.2975707
1.7854242
0.2975707
0.0
0.0
0.2975707
13.778326
0.79269326
2.7744265
0.79269326
1.5853865
0.39634663
1.18904
0.39634663
0.39634663
0.39634663
0.39634663
0.0
0.0
0.39634663
0.39634663
0.39634663
0.0
0.39634663
0.39634663
0.79269326
0.39634663
1.5853865
0.0
0.39634663
0.39634663
9.019114
0.9164403
0.5498642
0.5498642
4.3912907
0.055235445
0.055235445
2.914002
0.0
0.53517646
0.0
0.53517646
0.0
1.6055293
3.5097008
0.0
0.0
0.0
0.0
0.0
0.0
0.6467462
0.0
0.6467462
0.6467462
3.2337313
7.114208
0.0
0.0
16.241209
0.503198
0.0
0.503198
0.0
0.0
0.0
0.0
0.0
0.0
0.0
2.012792
0.0
0.503198
0.0
0.503198
0.503198
1.006396
0.0
1.006396
0.0
1.006396
1.5095941
0.503198
1.006396
0.0
12.372797
0.0
0.0
3.640537
0.9928738
0.66191584
0.33095792
0.33095792
0.0
0.66191584
1.3238317
2.3167055
0.66191584
0.0
0.0
0.0
0.33095792
0.0
0.33095792
0.33095792
0.33095792
0.33095792
0.33095792
2.9786212
0.33095792
0.0
0.0
0.33095792
4.302453
0.33440426
0.33440426
0.0
0.33440426
7.3568935
1.0032128
0.33440426
0.0
1.0032128
0.0
0.0
0.0
0.0
1.337617
0.0
0.0
0.33440426
1.0032128
4.6816597
0.0
0.0
0.0
3.3440425
0.33440426
1.0032128
0.6688085
0.33440426
2.3408298
1.0032128
0.33440426
1.0032128
0.33440426
0.6688085
0.33440426
0.33440426
0.35681823
0.35681823
0.0
1.0704547
0.35681823
0.71363646
0.35681823
0.0
0.0
0.71363646
0.71363646
4.9954553
0.35681823
2.1409094
0.71363646
1.0704547
0.35681823
4.281819
0.35681823
0.35681823
1.4272729
1.0704547
0.0
0.0
0.0
1.0704547
1.0704547
0.35681823
0.35681823
1.7840912
11.061365
26.643936
1.9278104
8.675147
10.1633
0.4752615
5.859559
0.22860746
0.0
0.0
0.45721492
0.22860746
4.343541
0.45721492
0.0
0.68582237
0.0
0.0
0.0
0.22860746
0.0
0.0
1.1430373
0.22860746
43.590797
3.9223776
25.237309
0.33268592
2.5503855
0.0
0.22158402
2.2158403
0.0
0.0
0.0
0.44316804
0.22158402
0.22158402
0.0
0.0
0.0
0.22158402
0.0
0.0
0.0
0.22158402
0.8863361
0.22158402
0.22158402
0.48928726
0.0
0.0
0.0
43.057266
5.38216
29.56765
0.6250902
6.425666
0.785061
0.785061
0.0
0.0
0.0
39.825733
0.7161102
0.7161102
0.0
0.0
0.0
2.2802815
0.8480612
0.8480612
0.0
0.0
0.8480612
0.8480612
0.8480612
0.8480612
2.5441837
0.0
0.8480612
5.9364285
47.81282
0.0
0.32417753
0.0
0.0
0.32417753
69.5232
0.0
0.0
0.0
0.0
0.0
0.6639322
1.9917966
1.3278644
6.6393223
0.6639322
10.97875
1.0436504
0.0
0.41746014
4.8007917
0.0
0.0
12.627981
2.0176823
1.681402
0.67256075
12.421951
0.0
0.0
0.16651185
0.49953556
0.16651185
0.3330237
0.6660474
0.0
0.0
0.0
0.0
0.49953556
0.0
0.0
0.0
0.0
0.3330237
0.0
3.641069
7.461587
0.6783261
0.6783261
0.6783261
0.6783261
0.0
0.0
0.0
0.6783261
1.3566521
0.0
0.0
61.387966
26.318523
0.0
0.0
0.0
0.0
0.0
0.743384
1.486768
0.0
0.0
0.0
0.743384
0.0
0.0
0.743384
0.743384
0.0
12.637527
1.486768
0.743384
2.973536
2.2301521
0.0
2.2301521
0.0
0.0
0.0
0.743384
0.0
0.743384
0.0
0.743384
0.743384
0.743384
5.947072
0.743384
0.743384
0.56520694
16.391003
0.56520694
0.0
0.0
0.0
0.0
0.0
0.0
1.1304139
0.0
1.6956208
0.0
0.56520694
0.56520694
0.56520694
0.56520694
8.554176
1.0553112
0.5276556
0.0
0.0
0.0
0.0
5.962845
7.1410356
0.75083005
1.5016601
0.0
0.75083005
0.0
2.25249
0.75083005
0.75083005
0.75083005
0.0
0.0
0.0
0.0
2.25249
0.0
0.0
0.75083005
2.25249
0.0
3.0033202
30.434437
0.18355623
0.84318495
0.10993812
1.3192575
0.10993812
0.0
0.10993812
0.48010164
0.9602033
0.48010164
0.48010164
0.48010164
1.440305
0.9602033
13.981338
1.0679013
30.969143
3.2037039
1.6018519
0.0
0.0
0.0
0.5339506
4.271605
0.5339506
1.0679013
0.5339506
2.669753
0.0
0.0
0.5339506
0.0
0.0
0.5339506
0.5339506
6.9413576
0.5339506
0.0
0.0
14.95062
5.339506
0.5339506
12.475826
3.5800648
19.690353
1.7900324
1.7900324
3.5800648
1.7900324
0.8950162
55.862045
0.74088067
0.0
0.37044033
0.0
0.0
2.9635227
8.0241785
7.405329
2.4684432
4.3197756
0.0
0.6171108
0.6171108
0.6171108
0.6171108
23.684967
0.0
0.0
0.38761035
0.38761035
0.38761035
0.38761035
1.313362
30.113155
0.8921635
1.784327
0.8921635
25.872738
28.491283
6.446316
13.6984215
8.173244
0.11534925
0.0
0.0
0.0
0.0
0.0
0.11534925
0.11534925
0.11534925
0.2306985
0.5767462
2.4223342
0.11534925
0.0
0.11534925
0.11534925
0.0
0.11534925
0.5767462
0.2306985
0.11534925
6.0702915
0.0
7.9411345
1.2222502
8.3042145
0.0
0.0
5.8994446
0.0
0.0
0.0
0.0
7.613007
1.9653318
0.0
34.226086
0.0
0.69672567
0.0
0.0
0.0
0.0
2.7869027
0.0
0.69672567
0.69672567
0.69672567
0.69672567
0.0
7.067028
0.79649717
0.79649717
0.91709405
0.91709405
0.91709405
0.91709405
0.91709405
0.9604839
0.9604839
0.9604839
0.9604839
0.0
0.0
0.0
0.9604839
0.0
0.0
11.525807
73.09778
0.0
2.6346893
0.0
0.0
0.4391149
0.4391149
0.4391149
0.4391149
4.391149
0.0
1.7564596
10.509499
2.9382133
0.0
9.871857
3.0037534
6.0398655
1.5740861
31.563766
7.0858164
0.39365643
63.53499
61.277954
57.472908
0.0
4.735833
0.0
55.66054
0.31015095
0.8291662
2.6370163
0.0
0.0
0.052740313
0.0
0.0
0.052740313
0.15822095
5.687298
1.8430257
0.0
0.92151284
0.92151284
0.0
0.0
0.0
1.8430257
0.92151284
1.8430257
3.6860514
0.92151284
2.7645385
23.95933
0.92151284
0.92151284
0.92151284
0.92151284
0.92151284
2.3132892
0.29323876
3.2256265
1.4661938
0.0
0.29323876
0.0
0.0
0.0
0.0
4.7931876
0.6462115
0.0
0.0
0.0
0.0
0.43080768
0.10770192
0.10770192
0.10770192
0.10770192
0.6462115
0.10770192
0.10770192
0.10770192
0.0
0.0
0.0
0.32310575
0.67069936
0.0
0.0
0.67069936
0.67069936
0.67069936
0.67069936
0.0
4.024196
0.0
0.0
1.3413987
1.3413987
0.9340937
0.9340937
0.0
0.0
0.9340937
9.340937
0.9340937
0.0
0.9340937
2.3037517
0.0
0.0
1.3696579
1.3696579
4.7938023
7.5331182
2.7393157
53.565086
0.0
0.0
1.9534543
0.48836356
1.4650908
0.0
0.0
0.0
0.0
0.0
0.0
5.8603625
0.48836356
0.48836356
0.48836356
0.48836356
0.48836356
0.48836356
0.0
1.0513309
0.52566546
17.506924
0.68563014
0.68563014
0.0
0.0
0.0
0.0
0.0
1.3712603
0.68563014
1.3712603
2.2840493
0.0
0.22715878
0.0
0.45431757
0.22715878
1.6630801
0.0
1.2087625
0.0
0.0
5.480419
0.9680537
0.6453691
0.5554104
0.0
0.0
0.5554104
0.5554104
5.9613285
0.4155209
0.20776045
0.0
1.2465627
0.4155209
30.116493
0.56064683
15.196472
2.8231277
2.8231277
0.0
0.0
2.8231277
5.6462555
7.5283403
0.94104254
3.7641702
39.52379
0.0
0.0
0.94104254
0.0
10.351467
7.778741
0.0
0.0
0.4439402
0.4439402
0.8878804
0.0
0.4439402
0.4439402
0.0
0.4439402
4.99535
2.8139472
0.0
1.344948
0.0
0.0
0.224158
0.224158
0.448316
0.224158
0.224158
0.448316
0.224158
0.0
0.896632
0.224158
0.0
0.448316
0.224158
0.0
0.224158
0.448316
0.0
0.224158
0.0
0.0
0.0
0.224158
0.96133924
0.0
0.0
0.0
0.25651163
0.51302326
0.25651163
0.25651163
0.25651163
0.0
0.0
0.0
1.160851
0.9201688
0.9201688
0.9201688
1.6704938
4.5019503
0.750325
10.504551
0.0
0.0
0.0
0.750325
0.0
0.750325
10.504551
0.0
0.0
0.0
8.253575
0.0
1.50065
0.750325
1.50065
1.50065
12.77775
2.607053
3.2588162
0.0
0.65176326
1.9552898
0.0
0.0
0.0
0.0
8.652313
0.57146776
0.57146776
0.57146776
0.0
1.1429355
0.57146776
0.0
2.965107
0.74127674
12.103262
4.373233
0.0
0.0
3.1237378
0.0
0.0
0.0
0.0
0.0
3.7484856
2.4989903
0.0
0.0
1.2494951
19.4978
0.0
21.736246
0.86289984
0.0
0.86289984
42.282093
146.29784
0.65730125
0.65730125
0.65730125
2.7523594
0.3694629
18.800137
17.590769
0.39430723
33.677586
2.1468558
11.720575
0.0
0.0
0.15109602
0.15109602
0.30219203
2.417536
0.0
0.15109602
0.15109602
0.15109602
0.15109602
0.0
0.0
0.0
0.0
9.821241
0.30219203
0.15109602
0.0
0.60438406
0.0
0.15109602
8.612474
0.0
0.15109602
0.0
2.719728
13.336508
0.21358542
0.0
1.0679271
0.0
36.246326
0.0
0.8092177
2.427653
0.0
0.0
0.0
1.6184354
4.046088
0.8092177
1.6184354
0.8092177
0.8092177
0.0
0.0
0.0
0.0
0.8092177
0.8092177
0.0
4.855306
0.8092177
0.0
1.6184354
8.092176
33.177917
0.0
0.8092177
0.0
0.0
0.8092177
0.0
0.0
5.664524
0.8092177
0.8092177
0.0
0.0
0.0
0.8092177
14.565916
0.0
45.344887
2.9698336
0.09260863
0.09260863
0.0
0.09260863
0.09260863
0.09260863
0.09260863
0.18521726
0.09260863
0.09260863
6.2127914
0.34155604
0.34155604
0.34155604
0.34155604
0.34155604
1.0246681
3.4155605
0.34155604
0.6831121
0.34155604
0.34155604
0.34155604
0.34155604
1.3662242
1.0246681
5.1233406
0.34155604
2.8327088
1.175059
0.39168632
5.091922
0.39168632
0.39168632
0.78337264
0.78337264
0.39168632
0.39168632
0.0
0.0
0.78337264
0.78337264
0.39168632
2.7418041
0.0
0.0
0.39168632
0.0
4.693282
0.38473278
13.556823
3.9331236
58.900566
0.1933941
4.451248
0.64597344
0.12919469
50.06662
12.382849
6.064975
39.642616
23.54503
36.270203
0.0
0.0
0.0
0.12036654
0.16048872
0.6419549
0.12036654
0.04012218
0.0
0.0
0.0
0.0
0.76209795
2.4259946
0.60649866
0.0
0.0
0.0
0.0
0.0
0.0
0.07540743
9.023106
0.0
0.29567719
0.0
0.29567719
0.29567719
47.629936
1.7767919
4.44198
1.7767919
9.772356
0.0
66.50991
0.0
0.0
0.4146068
2.073034
0.0
0.4146068
7.9668355
9.998448
0.0
0.0
0.6665632
9.998448
0.0
2.6662529
1.3331264
0.0
1.3331264
0.36585945
0.07317189
0.07317189
0.87806267
0.07317189
0.0
0.07317189
0.5122032
0.07317189
0.0
1.3170941
0.5122032
0.07317189
0.07317189
0.07317189
0.07317189
0.21951568
0.14634378
0.14634378
4.103158
0.35762012
4.291442
10.2194805
0.872407
2.075387
0.69179565
1.3835913
0.69179565
1.3835913
2.075387
0.69179565
0.0
2.7671826
0.0
0.0
0.69179565
0.69179565
0.0
0.0
0.0
6.9179564
0.69179565
0.0
8.610819
0.846431
0.846431
0.846431
0.846431
0.846431
0.846431
0.846431
0.0
0.0
1.692862
3.385724
2.539293
0.846431
0.846431
0.0
0.0
0.846431
7.617879
1.692862
1.692862
0.846431
1.692862
3.385724
0.846431
1.692862
1.692862
3.385724
1.692862
0.0
7.720168
1.7184343
0.0
0.0
0.85921717
12.02904
2.5776515
0.85921717
0.0
0.85921717
0.85921717
0.85921717
0.0
0.0
0.85921717
6.8737373
1.7184343
0.0
0.0
0.0
0.85921717
0.0
0.85921717
0.85921717
0.0
0.0
0.0
0.85921717
0.7656713
0.7656713
0.0
0.0
0.0
0.0
0.7656713
0.7656713
0.7656713
0.7656713
0.7656713
0.7656713
0.7656713
0.0
36.863255
1.1739817
3.521945
2.054468
2.054468
1.1739817
39.46022
0.5271758
11.597869
0.5271758
0.5271758
12.125045
7.9076376
4.744582
16.060658
0.82191455
17.260206
0.0
0.82191455
0.0
0.82191455
0.0
0.0
0.0
0.0
0.0
0.82191455
0.82191455
3.2876582
0.0
0.82191455
0.0
0.0
0.0
0.0
2.4657435
0.0
9.83493
0.0
0.0
0.9101223
5.4607334
0.9101223
0.9101223
0.9101223
4.5506115
2.7303667
0.0
0.0
0.0
0.0
4.5506115
3.640489
3.4501715
11.608743
36.08886
6.4639697
1.0773283
0.53866416
1.0773283
0.53866416
0.53866416
0.53866416
0.0
0.0
0.0
0.53866416
0.0
2.1546566
12.454579
2.90455
0.22342694
0.0
0.44685388
0.22342694
0.22342694
20.598803
1.5350671
0.0
0.0
0.76753354
0.0
0.0
0.0
0.76753354
0.76753354
0.0
0.0
0.0
0.0
0.0
0.0
11.513003
0.0
0.0
0.76753354
2.3026006
0.0
0.0
0.0
0.0
0.76753354
4.6052012
0.0
1.5350671
1.5350671
0.0
0.76753354
0.76753354
0.0
11.513003
0.76753354
0.76753354
0.0
0.0
0.0
1.5350671
0.76753354
9.360597
2.7531826
0.91772753
0.0
0.91772753
1.8354551
0.91772753
19.272278
1.8354551
13.432017
0.9164937
3.6659749
0.9164937
0.0
8.248444
0.0
0.0
0.9164937
0.0
7.3319497
0.9164937
0.0
0.9164937
0.0
0.0
0.0
0.0
0.0
1.8329874
0.9164937
0.0
0.9164937
0.0
3.6659749
0.9164937
22.282576
4.2008004
1.800343
0.0
0.60011435
1.138767
0.0
0.0
7.988776
1.5137643
0.0
0.75688213
11.900412
19.329855
0.24239059
6.435424
4.464103
0.0
0.0
0.0
0.0
0.0
13.392311
2.678462
4.464103
0.89282066
0.89282066
16.070772
0.0
0.89282066
0.0
7.7517385
0.0
0.0
0.0
0.50782734
0.0
1.5234821
0.25391367
0.50782734
0.50782734
0.25391367
0.25391367
2.285223
0.0
0.0
1.0156547
1.8676714
0.5680111
0.28400555
1.0049967
0.5024983
0.5024983
0.5024983
0.0
0.0
0.0
0.0
0.0
0.0
0.0
0.0
0.0
1.5074949
0.0
5.0249834
1.5074949
0.5024983
0.5024983
0.5024983
0.5024983
19.926437
0.0
0.5852046
1.7556138
0.5852046
0.5852046
2.47937
0.99872977
0.99872977
0.99872977
0.99872977
0.0
0.99872977
0.99872977
0.0
0.0
0.99872977
0.99872977
0.0
0.99872977
0.31413326
0.31413326
2.8271995
0.31413326
0.31413326
0.31413326
0.0
0.6282665
0.31413326
0.0
0.0
0.31413326
0.31413326
0.31413326
0.31413326
0.94239974
0.31413326
0.31413326
0.31413326
0.0
0.0
12.174044
0.0
0.8291396
1.1055194
0.27637985
0.0
0.0
0.0
0.0
0.0
0.0
0.27637985
0.8291396
0.27637985
0.0
0.27637985
0.0
0.0
0.0
0.27637985
0.0
4.4220777
0.0
0.27637985
0.8291396
0.27637985
0.0
0.5527597
0.8291396
0.0
0.8291396
0.0
0.27637985
0.27637985
0.27637985
0.27637985
0.0
0.21118984
0.21118984
0.0
0.0
0.21118984
0.0
0.0
0.0
0.21118984
0.21118984
0.21118984
0.21118984
0.0
0.21118984
0.0
0.0
0.0
2.3230882
0.21118984
0.6335695
0.0
0.0
0.42237967
0.21118984
0.0
0.0
0.0
0.7978921
0.0
0.0
0.0
0.0
0.0
0.0
0.0
0.0
0.26596403
13.898959
2.682583
0.0
0.0
0.0
3.5767775
2.682583
0.89419436
0.89419436
0.0
0.0
0.0
0.89419436
0.89419436
19.442753
2.7776384
15.485289
0.8745902
0.0
0.0
0.0
0.8745902
6.1221313
0.0
6.9967217
0.0
0.0
0.0
0.0
2.6237707
3.4983609
0.8745902
0.0
3.4983609
14.359207
0.034007628
0.034007628
0.10202289
0.034007628
0.0
0.0
0.10202289
0.0
0.0
0.068015255
0.068015255
0.034007628
0.034007628
0.0
0.034007628
10.378515
0.5013961
0.5013961
0.5013961
1.5041883
0.5013961
0.0
0.0
0.0
1.5041883
0.0
3.0083766
0.5013961
0.0
0.0
0.5013961
0.5013961
0.0
0.0
0.0
0.5013961
0.0
0.0
0.5013961
0.5013961
0.5013961
0.0
0.0
0.5013961
0.0
0.5013961
0.5013961
0.0
2.0055845
0.5013961
6.235078
1.3974007
0.0
0.0
0.69870037
0.0
0.0
0.0
0.0
0.0
4.192202
0.69870037
2.7948015
0.0
0.69870037
0.69870037
4.192202
9.781805
0.0
0.0
0.0
0.69870037
0.0
0.0
0.0
0.0
17.07491
4.288055
10.291332
1.715222
22.297886
0.0
0.0
30.040482
0.0
1.6647254
10.820715
1.6647254
2.4970882
0.0
0.0
0.0
15.814892
0.0
0.0
0.0
2.4970882
3.3294508
4.655523
0.004247951
0.0
0.0
0.012743853
0.0
0.008495902
0.004247951
0.004247951
0.008495902
0.0
0.0
0.0
0.0
0.0
0.0
0.0
0.0
0.004247951
0.008495902
0.008495902
0.0
0.016991803
0.004247951
0.004247951
0.0
0.0
0.008495902
0.0
0.012743853
0.12743855
0.008495902
0.004247951
0.0
0.0
0.004247951
27.07654
0.0
0.0
1.1401591
0.57007957
3.4204774
0.0
0.57007957
2.2803183
0.57007957
7.4110346
19.836086
0.3685007
0.0
2.7732537
0.0
0.0
0.62049997
0.31024998
0.62049997
0.62049997
0.31024998
4.03325
0.62049997
0.0
0.31024998
1.2409999
0.31024998
0.31024998
0.31024998
0.0
0.0
0.0
6.7110686
1.6916274
9.30395
16.07046
1.6916274
2.537441
10.636169
0.18858474
2.5061684
0.79066795
0.0
0.8021954
0.0
1.6043909
2.4065862
0.8021954
0.8021954
0.8021954
0.0
0.0
0.0
0.0
0.0
0.8021954
3.2087817
0.35933217
0.62883127
0.0
0.0
0.0
0.08983304
0.0
0.0
0.0
0.08983304
0.08983304
0.08983304
0.0
0.08983304
0.08983304
0.17966609
0.0
1.0779965
0.0
1.3837522
0.0
3.990527
0.0
0.20563588
0.73805475
0.0
0.0
7.1255693
0.0
0.0
0.34967038
0.54554784
0.0
0.0
0.0
0.54554784
0.54554784
0.54554784
2.1821914
0.54554784
1.0910957
0.5576705
2.230682
0.5576705
1.6730114
0.5576705
1.089599
0.0
0.0
0.0
0.5447995
1.089599
1.089599
0.5447995
1.089599
0.0
0.0
0.6987701
0.6987701
0.6987701
0.6987701
0.6987701
1.3975402
0.6508813
0.0
3.742208
0.0
0.0
0.0
0.9761781
0.9761781
5.3689795
0.48808905
0.9761781
12.090059
0.56327325
0.56327325
0.56327325
0.56327325
0.56327325
0.0
0.0
3.4449706
2.5421197
1.3502421
0.0
4.0507264
0.67512107
0.0
0.0
0.0
7.4263315
0.67512107
3.3756053
4.0507264
0.67512107
0.67512107
0.67512107
0.67512107
0.0
0.67512107
0.67512107
1.3502421
0.67512107
0.0
0.0
0.0
0.0
0.0
18.228271
20.253635
12.533539
2.3716838
3.5575256
0.59292096
5.9292097
7.1150517
0.0
0.0
2.3716838
0.59292096
0.0
0.0
0.59292096
0.59292096
1.1858419
0.0
0.0
1.7787628
0.59292096
0.0
0.59292096
0.59292096
1.1858419
0.59292096
0.0
0.0
0.37121382
0.49495175
0.12373794
0.24747588
0.24747588
0.49495175
0.12373794
0.12373794
0.0
0.12373794
0.24747588
0.12373794
0.12373794
0.12373794
0.12373794
0.0
0.12373794
0.6186897
0.0
0.0
0.24747588
0.12373794
0.12373794
0.0
0.0
0.12373794
0.12373794
0.12373794
0.12373794
0.0
0.0
0.12373794
0.12373794
0.0
0.0
0.0
9.502766
0.0
0.8638878
3.4555511
2.5916634
1.7277756
0.8638878
0.0
0.8638878
0.0
0.8638878
0.8638878
0.8638878
0.0
0.8638878
0.0
12.958317
0.8638878
0.0
0.0
0.0
0.8638878
0.0
0.0
0.0
0.0
0.0
0.0
0.0
1.7277756
0.0
0.8638878
0.0
0.0
0.8638878
0.8638878
0.8638878
0.8638878
0.0
0.0
0.0
1.7277756
0.8638878
0.0
0.0
0.8638878
1.7277756
0.8638878
6.0472145
0.8638878
0.8638878
0.0
0.0
0.0
0.0
0.0
0.8638878
0.8638878
0.0
0.8638878
0.0
0.0
0.0
0.8638878
0.0
0.0
0.0
0.0
0.0
0.0
0.0
0.8638878
16.413868
0.8638878
0.0
0.0
0.8638878
2.5916634
0.8638878
0.0
0.0
6.0472145
13.822205
17.277756
2.5916634
0.8638878
7.77499
6.9111023
0.8638878
14.85279
1.458335
0.7291675
0.7291675
0.7291675
0.0
0.0
3.6458378
3.6458378
0.7291675
2.1875026
0.7291675
0.7291675
2.1875026
0.0
0.0
2.91667
0.7291675
0.7291675
0.7291675
0.0
0.7291675
0.7291675
0.0
1.458335
0.0
0.0
0.7291675
0.7291675
0.0
0.0
0.7291675
11.66668
0.7291675
0.7291675
1.458335
0.0
0.0
0.7291675
3.6458378
0.7291675
2.91667
0.7291675
0.7291675
1.458335
0.7291675
0.7291675
0.7291675
0.7291675
0.7291675
0.7291675
0.7291675
0.7291675
0.7291675
5.016201
0.17129537
0.17129537
0.17129537
0.34259075
0.34259075
0.0
0.17129537
0.17129537
0.0
0.0
0.17129537
0.17129537
0.17129537
0.0
0.0
0.0
0.0
0.0
0.17129537
0.0
0.0
0.0
0.0
0.34259075
0.0
0.17129537
0.17129537
0.17129537
0.17129537
0.17129537
0.17129537
0.0
0.17129537
0.0
0.17129537
0.0
0.17129537
0.34259075
0.34259075
0.17129537
0.0
0.0
0.34259075
0.0
1.7129538
0.17129537
0.0
0.17129537
0.85647684
0.34259075
0.17129537
0.17129537
0.0
0.17129537
1.5416584
0.0
0.0
0.0
0.17129537
0.17129537
0.0
0.0
0.17129537
0.5138861
0.17129537
1.1990676
0.0
0.0
0.0
0.17129537
0.0
0.17129537
0.17129537
0.17129537
0.17129537
0.17129537
0.17129537
0.0
0.0
0.17129537
0.0
0.6851815
0.6851815
0.0
0.0
0.34259075
0.17129537
0.17129537
0.17129537
0.17129537
0.0
0.17129537
0.0
0.0
0.17129537
0.17129537
0.34259075
0.17129537
0.17129537
0.0
0.0
0.0
0.0
4.963629
0.0
0.6845253
0.6845253
0.6845253
0.6845253
0.0
0.0
0.0
0.0
0.6845253
5.0355473
0.0
0.0
0.0
0.0
0.9939905
0.0
0.9939905
0.0
0.9939905
0.9939905
0.9939905
0.0
0.0
0.9939905
0.0
0.9939905
0.0
0.0
1.987981
0.9939905
5.963943
0.9939905
0.9939905
0.0
0.0
0.9939905
0.0
0.0
0.9939905
0.9939905
0.9939905
0.9939905
0.9939905
0.9939905
0.0
0.0
0.0
0.9939905
0.9939905
0.9939905
1.987981
0.9939905
0.9939905
0.9939905
0.0
0.0
0.0
1.987981
0.9939905
0.9939905
0.9939905
0.9939905
